# parameters:
#  num_nodes=4, total_iters=3463, ntest=20, copies=21
#  phase_average=1.1968141024872851, failure_threshold=0.05
# columns:
#  iteration   running_frequency   running_estimation
1 0.0 0.7853981633974483
2 0.5 1.1780972450961724
3 0.3333333333333333 1.093138017732642
4 0.25 1.0471975511965976
5 0.2 1.0172219678978514
6 0.16666666666666666 0.9956653310394308
7 0.14285714285714285 0.9791965067250386
8 0.25 1.0471975511965976
9 0.3333333333333333 1.093138017732642
10 0.3 1.0752180335793005
11 0.2727272727272727 1.060131785776262
12 0.3333333333333333 1.093138017732642
13 0.3076923076923077 1.079399465171232
14 0.2857142857142857 1.0673694840777626
15 0.3333333333333333 1.093138017732642
16 0.3125 1.0819980514722627
17 0.35294117647058826 1.1034641947999533
18 0.3888888888888889 1.1220739720208297
19 0.42105263157894735 1.1384576749367474
20 0.4 1.1277577648985897
21 0.38095238095238093 1.1179961909038576
22 0.36363636363636365 1.1090405874052744
23 0.391304347826087 1.1233119803467893
24 0.4166666666666667 1.1362352252912502
25 0.4 1.1277577648985897
26 0.38461538461538464 1.119880200531652
27 0.4074074074074074 1.1315321692020333
28 0.39285714285714285 1.1241071204249333
29 0.3793103448275862 1.1171505104790884
30 0.4 1.1277577648985897
31 0.3870967741935484 1.1211545476994988
32 0.375 1.1149271813106527
33 0.36363636363636365 1.1090405874052744
34 0.38235294117647056 1.1187169524008107
35 0.37142857142857144 1.1130811269175742
36 0.3611111111111111 1.1077272267884612
37 0.3783783783783784 1.1166702136315565
38 0.39473684210526316 1.1250689174763653
39 0.41025641025641024 1.1329809599971685
40 0.425 1.1404551769020008
41 0.43902439024390244 1.147533360336227
42 0.4523809523809524 1.15425158034412
43 0.4418604651162791 1.1489615679838376
44 0.45454545454545453 1.1553385505868186
45 0.4666666666666667 1.1614182079936162
46 0.4782608695652174 1.1672242523986434
47 0.46808510638297873 1.162128942623687
48 0.4583333333333333 1.1572397234435186
49 0.46938775510204084 1.1627815441391587
50 0.46 1.1580758500877577
51 0.45098039215686275 1.1535480069414625
52 0.4423076923076923 1.149186696967099
53 0.4528301886792453 1.154477214441318
54 0.4444444444444444 1.1502619915109313
55 0.43636363636363634 1.1461925306983285
56 0.42857142857142855 1.142260352869831
57 0.43859649122807015 1.1473177904746137
58 0.4482758620689655 1.1521888252174899
59 0.4406779661016949 1.1483661968318526
60 0.45 1.1530553898057825
61 0.45901639344262296 1.1575824260435998
62 0.46774193548387094 1.1619570027668031
63 0.4603174603174603 1.158235086574888
64 0.453125 1.1546252763192932
65 0.4461538461538462 1.1511218540249075
66 0.45454545454545453 1.1553385505868186
67 0.44776119402985076 1.1519300891395854
68 0.45588235294117646 1.1560096977789707
69 0.4492753623188406 1.1526912188833174
70 0.44285714285714284 1.1494632517880974
71 0.4507042253521127 1.1534092513088572
72 0.4583333333333333 1.1572397234435186
73 0.4520547945205479 1.1540877516099728
74 0.4594594594594595 1.157804698924347
75 0.4533333333333333 1.1547299017308992
76 0.4473684210526316 1.151732613746343
77 0.45454545454545453 1.1553385505868186
78 0.44871794871794873 1.1524110506297738
79 0.45569620253164556 1.1559162565787875
80 0.4625 1.1593296223269933
81 0.4691358024691358 1.1626553290899664
82 0.4634146341463415 1.1597881996802664
83 0.4578313253012048 1.1569878326656664
84 0.4642857142857143 1.1602248826247923
85 0.4588235294117647 1.1574856668989937
86 0.46511627906976744 1.1606412038503318
87 0.45977011494252873 1.1579605358294331
88 0.4659090909090909 1.1610385561408776
89 0.4606741573033708 1.1584139943460605
90 0.4666666666666667 1.1614182079936162
91 0.46153846153846156 1.1588474599319665
92 0.45652173913043476 1.1563306245093234
93 0.45161290322580644 1.1538657735861702
94 0.44680851063829785 1.1514510776918545
95 0.45263157894736844 1.1543774628102526
96 0.4479166666666667 1.1520082519490589
97 0.4536082474226804 1.1548679578511454
98 0.4489795918367347 1.1525425621871939
99 0.4444444444444444 1.1502619915109313
100 0.44 1.1480247744974754
101 0.43564356435643564 1.1458295088420165
102 0.43137254901960786 1.1436748570201152
103 0.4368932038834951 1.1464594671623618
104 0.4326923076923077 1.1443409191254785
105 0.4380952380952381 1.147065236509908
106 0.4339622641509434 1.1449816192317703
107 0.4392523364485981 1.1476481872840927
108 0.4351851851851852 1.1455983829446392
109 0.44036697247706424 1.1482095880379313
110 0.43636363636363634 1.1461925306983285
111 0.43243243243243246 1.1442097832511906
112 0.4375 1.146765287304156
113 0.4336283185840708 1.1448131632082605
114 0.4298245614035088 1.1428932974030874
115 0.43478260869565216 1.1453953710767455
116 0.43103448275862066 1.1435042007498957
117 0.42735042735042733 1.1416434151597836
118 0.423728813559322 1.1398121841265283
119 0.42857142857142855 1.142260352869831
120 0.425 1.1404551769020008
121 0.4297520661157025 1.1428566870068524
122 0.4262295081967213 1.141076849294423
123 0.43089430894308944 1.1434334360794232
124 0.4274193548387097 1.1416782482077767
125 0.432 1.1439915523425304
126 0.4365079365079365 1.1462652709659893
127 0.4330708661417323 1.144531927114978
128 0.4296875 1.142824080232199
129 0.4263565891472868 1.1411410916243065
130 0.4230769230769231 1.1394823454751264
131 0.4198473282442748 1.1378472477714041
132 0.4166666666666667 1.1362352252912502
133 0.42105263157894735 1.1384576749367474
134 0.4253731343283582 1.1406438682571869
135 0.4222222222222222 1.1390497875810603
136 0.41911764705882354 1.1374775825278698
137 0.4233576642335766 1.1396244010499184
138 0.427536231884058 1.141737311314365
139 0.4244604316546763 1.1401822828097345
140 0.42857142857142855 1.142260352869831
141 0.4326241134751773 1.1443065084898332
142 0.43661971830985913 1.14632161719798
143 0.4405594405594406 1.1483065116493818
144 0.4444444444444444 1.1502619915109313
145 0.4413793103448276 1.148719333738311
146 0.4383561643835616 1.1471967069131255
147 0.43537414965986393 1.1456936667894402
148 0.43243243243243246 1.1442097832511906
149 0.436241610738255 1.146131016675014
150 0.43333333333333335 1.144664347743687
151 0.4304635761589404 1.1432159695073534
152 0.4342105263157895 1.1451068431812035
153 0.43137254901960786 1.1436748570201152
154 0.43506493506493504 1.1455377452995303
155 0.43870967741935485 1.1473748144107645
156 0.4358974358974359 1.145957505085816
157 0.43312101910828027 1.1445572311508914
158 0.43037974683544306 1.143173643024827
159 0.4339622641509434 1.1449816192317703
160 0.4375 1.146765287304156
161 0.4409937888198758 1.148525225443725
162 0.4444444444444444 1.1502619915109313
163 0.44171779141104295 1.1488897427096132
164 0.43902439024390244 1.147533360336227
165 0.43636363636363634 1.1461925306983285
166 0.43373493975903615 1.1448669490086592
167 0.437125748502994 1.1465766732956926
168 0.43452380952380953 1.145264852002345
169 0.4378698224852071 1.1469516515841696
170 0.43529411764705883 1.1456533118573766
171 0.4327485380116959 1.1443692923234612
172 0.436046511627907 1.1460326617210341
173 0.43352601156069365 1.144761552254934
174 0.43103448275862066 1.1435042007498957
175 0.42857142857142855 1.142260352869831
176 0.4318181818181818 1.143899788365111
177 0.4350282485875706 1.1455192452956393
178 0.43258426966292135 1.1442864031012756
179 0.4301675977653631 1.1430665217793528
180 0.43333333333333335 1.144664347743687
181 0.43646408839779005 1.146243167856598
182 0.43956043956043955 1.1478033826843044
183 0.4371584699453552 1.146593164855979
184 0.43478260869565216 1.1453953710767455
185 0.43243243243243246 1.1442097832511906
186 0.43548387096774194 1.145748990719805
187 0.43315508021390375 1.1445744160476805
188 0.43617021276595747 1.1460950235251528
189 0.43386243386243384 1.1449312622734193
190 0.4368421052631579 1.1464337117207348
191 0.43455497382198954 1.1452805694349106
192 0.4322916666666667 1.1441387474043228
193 0.43005181347150256 1.1430080556410793
194 0.42783505154639173 1.141888308735587
195 0.4256410256410256 1.1407793257112893
196 0.42346938775510207 1.139680929885158
197 0.4263959390862944 1.1411609834207108
198 0.42424242424242425 1.1400720096744765
199 0.4271356783919598 1.141534885512677
200 0.425 1.1404551769020008
201 0.4228855721393035 1.1393855143260527
202 0.42574257425742573 1.1408306702042128
203 0.4236453201970443 1.1397699425446794
204 0.4264705882352941 1.141198718681414
205 0.4292682926829268 1.1426123600637497
206 0.42718446601941745 1.1415595423710974
207 0.4251207729468599 1.1405162532752249
208 0.4230769230769231 1.1394823454751264
209 0.4258373205741627 1.140878573925025
210 0.4238095238095238 1.1398530166084837
211 0.4265402843601896 1.1412339494163355
212 0.42924528301886794 1.1426007383192478
213 0.431924882629108 1.1439536410257856
214 0.43457943925233644 1.1452929082625207
215 0.4372093023255814 1.146618784029795
216 0.4398148148148148 1.1479315058455835
217 0.4423963133640553 1.1492313049781258
218 0.44495412844036697 1.15051840666796
219 0.4474885844748858 1.1517930303399384
220 0.45 1.1530553898057825
221 0.45248868778280543 1.1543056934576807
222 0.45495495495495497 1.1555441444534194
223 0.452914798206278 1.1545197083842456
224 0.45089285714285715 1.153504027184793
225 0.4533333333333333 1.1547299017308992
226 0.4557522123893805 1.1559443719563387
227 0.45374449339207046 1.1549363750990969
228 0.45614035087719296 1.1561391988915966
229 0.4585152838427948 1.1573310148475315
230 0.45652173913043476 1.1563306245093234
231 0.45454545454545453 1.1553385505868186
232 0.45689655172413796 1.1565187372204129
233 0.4592274678111588 1.1576883177154929
234 0.46153846153846156 1.1588474599319665
235 0.4595744680851064 1.1578623926540048
236 0.461864406779661 1.159010912759635
237 0.4641350210970464 1.1601493422626878
238 0.46218487394957986 1.1591716105111876
239 0.46443514644351463 1.1602997892358913
240 0.4625 1.1593296223269933
241 0.4605809128630705 1.1583672269034317
242 0.4628099173553719 1.1594850150509837
243 0.46502057613168724 1.160593235173851
244 0.4672131147540984 1.1616920312685157
245 0.46530612244897956 1.1607363561380617
246 0.4634146341463415 1.1597881996802664
247 0.46153846153846156 1.1588474599319665
248 0.4637096774193548 1.1599361146200566
249 0.46586345381526106 1.1610156842978085
250 0.464 1.1600816567041217
251 0.46215139442231074 1.1591548226232413
252 0.4642857142857143 1.1602248826247923
253 0.4624505928853755 1.159304848904073
254 0.46062992125984253 1.1583918075155357
255 0.4627450980392157 1.1594525152097932
256 0.46484375 1.160504603849496
257 0.4669260700389105 1.1615481966179275
258 0.4689922480620155 1.1625834141039169
259 0.47104247104247104 1.1636103743753206
260 0.46923076923076923 1.162702902915688
261 0.47126436781609193 1.1637215078711824
262 0.4732824427480916 1.1647321010423244
263 0.4752851711026616 1.165734792979988
264 0.4734848484848485 1.1648334476072315
265 0.47547169811320755 1.1658281697685533
266 0.4774436090225564 1.1668152206051823
267 0.4756554307116105 1.1659201459791837
268 0.47388059701492535 1.1650315965434002
269 0.4721189591078067 1.1641494900575393
270 0.4703703703703704 1.1632737457857407
271 0.46863468634686345 1.1624042844599936
272 0.46691176470588236 1.1615410282446719
273 0.46886446886446886 1.1625194007824775
274 0.46715328467153283 1.1616620515847393
275 0.4690909090909091 1.1626328394502834
276 0.47101449275362317 1.1635963616880514
277 0.4693140794223827 1.1627446368951984
278 0.4676258992805755 1.1618988631040459
279 0.4659498207885305 1.1610589685252133
280 0.4642857142857143 1.1602248826247923
281 0.4626334519572954 1.159396536095189
282 0.4645390070921986 1.1603518510437034
283 0.4664310954063604 1.1613001578752473
284 0.4647887323943662 1.160477026686569
285 0.4666666666666667 1.1614182079936162
286 0.46853146853146854 1.162352573371178
287 0.46689895470383275 1.1615346091671563
288 0.4652777777777778 1.1607221495331896
289 0.46366782006920415 1.1599151305365012
290 0.46551724137931033 1.1608421690866564
291 0.4639175257731959 1.160040312039763
292 0.4623287671232877 1.159243762961174
293 0.4641638225255973 1.1601637801377491
294 0.46598639455782315 1.161077297916241
295 0.46779661016949153 1.161984397084393
296 0.46621621621621623 1.1611924737534045
297 0.468013468013468 1.1620930500822761
298 0.4697986577181208 1.1629873764196017
299 0.47157190635451507 1.1638755289955258
300 0.47 1.1630882304848527
301 0.4717607973421927 1.1639701264969813
302 0.47019867549668876 1.1631877463374531
303 0.46864686468646866 1.1624103856414356
304 0.47039473684210525 1.1632859504521236
305 0.46885245901639344 1.16251338417735
306 0.47058823529411764 1.163382868609402
307 0.4723127035830619 1.1642465122060355
308 0.474025974025974 1.165104383878696
309 0.47572815533980584 1.1659565513418169
310 0.47419354838709676 1.1651882836118803
311 0.4758842443729904 1.1660346873846315
312 0.4775641025641026 1.1668755284477894
313 0.476038338658147 1.1661118237270294
314 0.4745222929936306 1.1653528725003706
315 0.473015873015873 1.1645986235697574
316 0.47468354430379744 1.1654336023664906
317 0.47634069400630913 1.1662631731126174
318 0.4748427672955975 1.1655133154657582
319 0.47335423197492166 1.1647680468727315
320 0.471875 1.1640273187459749
321 0.4735202492211838 1.1648511728832647
322 0.4720496894409938 1.1641148011167677
323 0.47058823529411764 1.163382868609402
324 0.4722222222222222 1.164201201775943
325 0.47384615384615386 1.1650143513817557
326 0.4754601226993865 1.1658223750815448
327 0.4740061162079511 1.1650944415351443
328 0.4725609756097561 1.1643708372708281
329 0.47416413373860183 1.1651735566366213
330 0.4727272727272727 1.1644541105575028
331 0.4743202416918429 1.1652517143923156
332 0.47289156626506024 1.164536379063606
333 0.47147147147147145 1.1638252299010832
334 0.47005988023952094 1.1631182245346956
335 0.4716417910447761 1.1639105278163224
336 0.47023809523809523 1.1632074912645942
337 0.47181008902077154 1.1639948116694343
338 0.47041420118343197 1.1632956997164454
339 0.4690265486725664 1.1626005974473204
340 0.47058823529411764 1.163382868609402
341 0.46920821114369504 1.1626916024387808
342 0.4678362573099415 1.162004261848463
343 0.46647230320699706 1.161320808311663
344 0.46511627906976744 1.1606412038503318
345 0.463768115942029 1.159965411024765
346 0.4624277456647399 1.1592933929234592
347 0.4610951008645533 1.1586251131532082
348 0.45977011494252873 1.1579605358294331
349 0.4584527220630373 1.1572996255667403
350 0.46 1.1580758500877577
351 0.46153846153846156 1.1588474599319665
352 0.4602272727272727 1.1581898497604903
353 0.45892351274787535 1.1575358285406376
354 0.4576271186440678 1.156885362488449
355 0.4563380281690141 1.1562384182806509
356 0.4550561797752809 1.1555949630463145
357 0.453781512605042 1.154954964358705
358 0.4553072625698324 1.1557210118491634
359 0.4568245125348189 1.1564825828066345
360 0.4583333333333333 1.1572397234435186
361 0.45706371191135736 1.156602628407596
362 0.4558011049723757 1.1559689144319547
363 0.4573002754820937 1.1567213463055648
364 0.45879120879120877 1.1574694514652573
365 0.4575342465753425 1.156838758432599
366 0.45901639344262296 1.1575824260435998
367 0.45776566757493187 1.1569548862397678
368 0.4592391304347826 1.1576941685068725
369 0.46070460704607047 1.1584292664914257
370 0.4594594594594595 1.157804698924347
371 0.4582210242587601 1.1571833723721958
372 0.45698924731182794 1.1565652578256935
373 0.45576407506702415 1.1559503266517162
374 0.4572192513368984 1.1566806854077734
375 0.456 1.1560687510212426
376 0.4574468085106383 1.1567948805330095
377 0.4588859416445623 1.1575169792147992
378 0.4603174603174603 1.158235086574888
379 0.45910290237467016 1.1576258262415753
380 0.45789473684210524 1.1570196516281444
381 0.4566929133858268 1.1564165357777367
382 0.4581151832460733 1.1571302656757458
383 0.4595300261096606 1.1578400985994692
384 0.4609375 1.1585460721124838
385 0.4597402597402597 1.1579455596372403
386 0.46113989637305697 1.1586475789402304
387 0.4625322997416021 1.159345817772387
388 0.46134020618556704 1.1587480361424696
389 0.46272493573264784 1.15944240594035
390 0.46153846153846156 1.1588474599319665
391 0.46035805626598464 1.1582554487133434
392 0.45918367346938777 1.1576663472967956
393 0.46055979643765904 1.158356635707165
394 0.4593908629441624 1.1577702871741815
395 0.4607594936708861 1.1584567948310105
396 0.4595959595959596 1.157873173685648
397 0.4609571788413098 1.1585559416835616
398 0.4623115577889447 1.1592351337561388
399 0.46115288220551376 1.1586540915491408
400 0.46 1.1580758500877577
