# parameters:
#  num_nodes=4, total_iters=400, ntest=20, copies=21
#  phase_average=2.4040672876444016, failure_threshold=0.1
# columns:
#  iteration   running_frequency   running_estimation
1 0.0 2.356194490192345
2 0.0 2.356194490192345
3 0.0 2.356194490192345
4 0.0 2.356194490192345
5 0.0 2.356194490192345
6 0.0 2.356194490192345
7 0.0 2.356194490192345
8 0.0 2.356194490192345
9 0.0 2.356194490192345
10 0.0 2.356194490192345
11 0.0 2.356194490192345
12 0.0 2.356194490192345
13 0.0 2.356194490192345
14 0.0 2.356194490192345
15 0.0 2.356194490192345
16 0.0 2.356194490192345
17 0.0 2.356194490192345
18 0.0 2.356194490192345
19 0.0 2.356194490192345
20 0.0 2.356194490192345
21 0.0 2.356194490192345
22 0.0 2.356194490192345
23 0.0 2.356194490192345
24 0.0 2.356194490192345
25 0.0 2.356194490192345
26 0.0 2.356194490192345
27 0.0 2.356194490192345
28 0.0 2.356194490192345
29 0.0 2.356194490192345
30 0.0 2.356194490192345
31 0.0 2.356194490192345
32 0.0 2.356194490192345
33 0.0 2.356194490192345
34 0.0 2.356194490192345
35 0.0 2.356194490192345
36 0.0 2.356194490192345
37 0.0 2.356194490192345
38 0.0 2.356194490192345
39 0.0 2.356194490192345
40 0.0 2.356194490192345
41 0.0 2.356194490192345
42 0.0 2.356194490192345
43 0.0 2.356194490192345
44 0.0 2.356194490192345
45 0.0 2.356194490192345
46 0.0 2.356194490192345
47 0.0 2.356194490192345
48 0.0 2.356194490192345
49 0.0 2.356194490192345
50 0.0 2.356194490192345
51 0.0 2.356194490192345
52 0.0 2.356194490192345
53 0.0 2.356194490192345
54 0.0 2.356194490192345
55 0.0 2.356194490192345
56 0.0 2.356194490192345
57 0.0 2.356194490192345
58 0.0 2.356194490192345
59 0.0 2.356194490192345
60 0.0 2.356194490192345
61 0.0 2.356194490192345
62 0.0 2.356194490192345
63 0.0 2.356194490192345
64 0.0 2.356194490192345
65 0.0 2.356194490192345
66 0.0 2.356194490192345
67 0.0 2.356194490192345
68 0.0 2.356194490192345
69 0.0 2.356194490192345
70 0.0 2.356194490192345
71 0.0 2.356194490192345
72 0.0 2.356194490192345
73 0.0 2.356194490192345
74 0.0 2.356194490192345
75 0.0 2.356194490192345
76 0.0 2.356194490192345
77 0.0 2.356194490192345
78 0.0 2.356194490192345
79 0.0 2.356194490192345
80 0.0 2.356194490192345
81 0.0 2.356194490192345
82 0.0 2.356194490192345
83 0.0 2.356194490192345
84 0.0 2.356194490192345
85 0.0 2.356194490192345
86 0.0 2.356194490192345
87 0.0 2.356194490192345
88 0.0 2.356194490192345
89 0.0 2.356194490192345
90 0.0 2.356194490192345
91 0.0 2.356194490192345
92 0.0 2.356194490192345
93 0.0 2.356194490192345
94 0.0 2.356194490192345
95 0.0 2.356194490192345
96 0.0 2.356194490192345
97 0.0 2.356194490192345
98 0.0 2.356194490192345
99 0.0 2.356194490192345
100 0.0 2.356194490192345
101 0.0 2.356194490192345
102 0.0 2.356194490192345
103 0.0 2.356194490192345
104 0.0 2.356194490192345
105 0.0 2.356194490192345
106 0.0 2.356194490192345
107 0.0 2.356194490192345
108 0.0 2.356194490192345
109 0.0 2.356194490192345
110 0.0 2.356194490192345
111 0.0 2.356194490192345
112 0.0 2.356194490192345
113 0.0 2.356194490192345
114 0.0 2.356194490192345
115 0.0 2.356194490192345
116 0.0 2.356194490192345
117 0.0 2.356194490192345
118 0.0 2.356194490192345
119 0.0 2.356194490192345
120 0.0 2.356194490192345
121 0.0 2.356194490192345
122 0.0 2.356194490192345
123 0.0 2.356194490192345
124 0.0 2.356194490192345
125 0.0 2.356194490192345
126 0.0 2.356194490192345
127 0.0 2.356194490192345
128 0.0 2.356194490192345
129 0.0 2.356194490192345
130 0.0 2.356194490192345
131 0.0 2.356194490192345
132 0.0 2.356194490192345
133 0.0 2.356194490192345
134 0.0 2.356194490192345
135 0.0 2.356194490192345
136 0.0 2.356194490192345
137 0.0 2.356194490192345
138 0.0 2.356194490192345
139 0.0 2.356194490192345
140 0.0 2.356194490192345
141 0.0 2.356194490192345
142 0.0 2.356194490192345
143 0.0 2.356194490192345
144 0.0 2.356194490192345
145 0.0 2.356194490192345
146 0.0 2.356194490192345
147 0.0 2.356194490192345
148 0.0 2.356194490192345
149 0.0 2.356194490192345
150 0.0 2.356194490192345
151 0.0 2.356194490192345
152 0.0 2.356194490192345
153 0.0 2.356194490192345
154 0.0 2.356194490192345
155 0.0 2.356194490192345
156 0.0 2.356194490192345
157 0.0 2.356194490192345
158 0.0 2.356194490192345
159 0.0 2.356194490192345
160 0.0 2.356194490192345
161 0.0 2.356194490192345
162 0.0 2.356194490192345
163 0.0 2.356194490192345
164 0.0 2.356194490192345
165 0.0 2.356194490192345
166 0.0 2.356194490192345
167 0.0 2.356194490192345
168 0.0 2.356194490192345
169 0.0 2.356194490192345
170 0.0 2.356194490192345
171 0.0 2.356194490192345
172 0.0 2.356194490192345
173 0.0 2.356194490192345
174 0.0 2.356194490192345
175 0.0 2.356194490192345
176 0.0 2.356194490192345
177 0.0 2.356194490192345
178 0.0 2.356194490192345
179 0.0 2.356194490192345
180 0.0 2.356194490192345
181 0.0 2.356194490192345
182 0.0 2.356194490192345
183 0.0 2.356194490192345
184 0.0 2.356194490192345
185 0.0 2.356194490192345
186 0.0 2.356194490192345
187 0.0 2.356194490192345
188 0.0 2.356194490192345
189 0.0 2.356194490192345
190 0.0 2.356194490192345
191 0.0 2.356194490192345
192 0.0 2.356194490192345
193 0.0 2.356194490192345
194 0.0 2.356194490192345
195 0.0 2.356194490192345
196 0.0 2.356194490192345
197 0.0 2.356194490192345
198 0.0 2.356194490192345
199 0.0 2.356194490192345
200 0.0 2.356194490192345
201 0.0 2.356194490192345
202 0.0 2.356194490192345
203 0.0 2.356194490192345
204 0.0 2.356194490192345
205 0.0 2.356194490192345
206 0.0 2.356194490192345
207 0.0 2.356194490192345
208 0.0 2.356194490192345
209 0.0 2.356194490192345
210 0.0 2.356194490192345
211 0.0 2.356194490192345
212 0.0 2.356194490192345
213 0.0 2.356194490192345
214 0.0 2.356194490192345
215 0.0 2.356194490192345
216 0.0 2.356194490192345
217 0.0 2.356194490192345
218 0.0 2.356194490192345
219 0.0 2.356194490192345
220 0.0 2.356194490192345
221 0.0 2.356194490192345
222 0.0 2.356194490192345
223 0.0 2.356194490192345
224 0.0 2.356194490192345
225 0.0 2.356194490192345
226 0.0 2.356194490192345
227 0.0 2.356194490192345
228 0.0 2.356194490192345
229 0.0 2.356194490192345
230 0.0 2.356194490192345
231 0.0 2.356194490192345
232 0.0 2.356194490192345
233 0.0 2.356194490192345
234 0.0 2.356194490192345
235 0.0 2.356194490192345
236 0.0 2.356194490192345
237 0.0 2.356194490192345
238 0.0 2.356194490192345
239 0.0 2.356194490192345
240 0.0 2.356194490192345
241 0.0 2.356194490192345
242 0.0 2.356194490192345
243 0.0 2.356194490192345
244 0.0 2.356194490192345
245 0.0 2.356194490192345
246 0.0 2.356194490192345
247 0.0 2.356194490192345
248 0.0 2.356194490192345
249 0.0 2.356194490192345
250 0.0 2.356194490192345
251 0.0 2.356194490192345
252 0.0 2.356194490192345
253 0.0 2.356194490192345
254 0.0 2.356194490192345
255 0.0 2.356194490192345
256 0.0 2.356194490192345
257 0.0 2.356194490192345
258 0.0 2.356194490192345
259 0.0 2.356194490192345
260 0.0 2.356194490192345
261 0.0 2.356194490192345
262 0.0 2.356194490192345
263 0.0 2.356194490192345
264 0.0 2.356194490192345
265 0.0 2.356194490192345
266 0.0 2.356194490192345
267 0.0 2.356194490192345
268 0.0 2.356194490192345
269 0.0 2.356194490192345
270 0.0 2.356194490192345
271 0.0 2.356194490192345
272 0.0 2.356194490192345
273 0.0 2.356194490192345
274 0.0 2.356194490192345
275 0.0 2.356194490192345
276 0.0 2.356194490192345
277 0.0 2.356194490192345
278 0.0 2.356194490192345
279 0.0 2.356194490192345
280 0.0 2.356194490192345
281 0.0 2.356194490192345
282 0.0 2.356194490192345
283 0.0 2.356194490192345
284 0.0 2.356194490192345
285 0.0 2.356194490192345
286 0.0 2.356194490192345
287 0.0 2.356194490192345
288 0.0 2.356194490192345
289 0.0 2.356194490192345
290 0.0 2.356194490192345
291 0.0 2.356194490192345
292 0.0 2.356194490192345
293 0.0 2.356194490192345
294 0.0 2.356194490192345
295 0.0 2.356194490192345
296 0.0 2.356194490192345
297 0.0 2.356194490192345
298 0.0 2.356194490192345
299 0.0 2.356194490192345
300 0.0 2.356194490192345
301 0.0 2.356194490192345
302 0.0 2.356194490192345
303 0.0 2.356194490192345
304 0.0 2.356194490192345
305 0.0 2.356194490192345
306 0.0 2.356194490192345
307 0.0 2.356194490192345
308 0.0 2.356194490192345
309 0.0 2.356194490192345
310 0.0 2.356194490192345
311 0.0 2.356194490192345
312 0.0 2.356194490192345
313 0.0 2.356194490192345
314 0.0 2.356194490192345
315 0.0 2.356194490192345
316 0.0 2.356194490192345
317 0.0 2.356194490192345
318 0.0 2.356194490192345
319 0.0 2.356194490192345
320 0.0 2.356194490192345
321 0.0 2.356194490192345
322 0.0 2.356194490192345
323 0.0 2.356194490192345
324 0.0 2.356194490192345
325 0.0 2.356194490192345
326 0.0 2.356194490192345
327 0.0 2.356194490192345
328 0.0 2.356194490192345
329 0.0 2.356194490192345
330 0.0 2.356194490192345
331 0.0 2.356194490192345
332 0.0 2.356194490192345
333 0.0 2.356194490192345
334 0.0 2.356194490192345
335 0.0 2.356194490192345
336 0.0 2.356194490192345
337 0.0 2.356194490192345
338 0.0 2.356194490192345
339 0.0 2.356194490192345
340 0.0 2.356194490192345
341 0.0 2.356194490192345
342 0.0 2.356194490192345
343 0.0 2.356194490192345
344 0.0 2.356194490192345
345 0.0 2.356194490192345
346 0.0 2.356194490192345
347 0.0 2.356194490192345
348 0.0 2.356194490192345
349 0.0 2.356194490192345
350 0.0 2.356194490192345
351 0.0 2.356194490192345
352 0.0 2.356194490192345
353 0.0 2.356194490192345
354 0.0 2.356194490192345
355 0.0 2.356194490192345
356 0.0 2.356194490192345
357 0.0 2.356194490192345
358 0.0 2.356194490192345
359 0.0 2.356194490192345
360 0.0 2.356194490192345
361 0.0 2.356194490192345
362 0.0 2.356194490192345
363 0.0 2.356194490192345
364 0.0 2.356194490192345
365 0.0 2.356194490192345
366 0.0 2.356194490192345
367 0.0 2.356194490192345
368 0.0 2.356194490192345
369 0.0 2.356194490192345
370 0.0 2.356194490192345
371 0.0 2.356194490192345
372 0.002688172043010753 2.3821299112353658
373 0.002680965147453083 2.382095090750643
374 0.00267379679144385 2.3820604101387612
375 0.0026666666666666666 2.382025868465777
376 0.0026595744680851063 2.3819914648064575
377 0.002652519893899204 2.381957198244171
378 0.0026455026455026454 2.381923067870787
379 0.002638522427440633 2.381889072786573
380 0.002631578947368421 2.381855212100099
381 0.0026246719160104987 2.381821484928134
382 0.002617801047120419 2.381787890395553
383 0.0026109660574412533 2.3817544276352405
384 0.0026041666666666665 2.381721095787996
385 0.0025974025974025974 2.381687894002442
386 0.0025906735751295338 2.3816548214349327
387 0.002583979328165375 2.3816218772494637
388 0.002577319587628866 2.3815890606175825
389 0.002570694087403599 2.381556370718303
390 0.002564102564102564 2.381523806738017
391 0.0025575447570332483 2.38149136787041
392 0.002551020408163265 2.381459053316379
393 0.002544529262086514 2.3814268622839467
394 0.0025380710659898475 2.381394793988182
395 0.002531645569620253 2.3813628476511197
396 0.0025252525252525255 2.3813310225016804
397 0.0025188916876574307 2.3812993177755923
398 0.002512562814070352 2.381267732715315
399 0.002506265664160401 2.381236266569963
400 0.0025 2.38120491859523
