# parameters:
#  num_nodes=4, total_iters=986, ntest=20, copies=21
#  phase_average=2.6151197397786947, failure_threshold=0.1
# columns:
#  iteration   running_frequency   running_estimation
1 0.0 2.356194490192345
2 0.0 2.356194490192345
3 0.0 2.356194490192345
4 0.25 2.617993877991494
5 0.2 2.588018294692748
6 0.16666666666666666 2.5664616578343273
7 0.14285714285714285 2.5499928335199353
8 0.125 2.5368780521456986
9 0.1111111111111111 2.5261129449194057
10 0.1 2.517069767390666
11 0.09090909090909091 2.5093331747771797
12 0.16666666666666666 2.5664616578343273
13 0.15384615384615385 2.5577230274254017
14 0.14285714285714285 2.5499928335199353
15 0.2 2.588018294692748
16 0.1875 2.580110688656811
17 0.17647058823529413 2.572963444870263
18 0.2222222222222222 2.6016358293370003
19 0.2631578947368421 2.6255262232327383
20 0.25 2.617993877991494
21 0.23809523809523808 2.6110643296080984
22 0.22727272727272727 2.604660735581955
23 0.21739130434782608 2.598719383657086
24 0.20833333333333334 2.593186925538068
25 0.24 2.612180834217083
26 0.23076923076923078 2.6067409968250232
27 0.25925925925925924 2.623307512476302
28 0.25 2.617993877991494
29 0.27586206896551724 2.632684668829218
30 0.3 2.646014360374197
31 0.3225806451612903 2.6582081855830766
32 0.34375 2.669437645909099
33 0.3333333333333333 2.6639343445275383
34 0.35294117647058826 2.67426052159485
35 0.34285714285714286 2.668967534725382
36 0.3611111111111111 2.6785235535833576
37 0.3783783783783784 2.687466540426453
38 0.3684210526315789 2.6823200676115233
39 0.358974358974359 2.6774106895857495
40 0.35 2.6727204083872196
41 0.34146341463414637 2.668233116460548
42 0.3333333333333333 2.6639343445275383
43 0.3488372093023256 2.672110706042888
44 0.3409090909090909 2.6679408180726814
45 0.35555555555555557 2.6756270623100504
46 0.3695652173913043 2.682912859858622
47 0.3829787234042553 2.689835158658947
48 0.3958333333333333 2.6964259238253847
49 0.3877551020408163 2.692288712593411
50 0.38 2.688302109131328
51 0.37254901960784315 2.684456993525129
52 0.38461538461538464 2.6906765273265485
53 0.37735849056603776 2.686940667175806
54 0.3888888888888889 2.692870298815726
55 0.38181818181818183 2.6892381390626348
56 0.39285714285714285 2.69490344721983
57 0.38596491228070173 2.691369782188504
58 0.39655172413793105 2.6967931202431323
59 0.3898305084745763 2.6933530766691813
60 0.4 2.6985540916934863
61 0.4098360655737705 2.7035636282906963
62 0.4032258064516129 2.7001991612074807
63 0.3968253968253968 2.696932974552732
64 0.390625 2.6937602566608607
65 0.4 2.6985540916934863
66 0.3939393939393939 2.6954573073381316
67 0.40298507462686567 2.700076469451753
68 0.39705882352941174 2.6970522490136224
69 0.391304347826087 2.694108307141686
70 0.38571428571428573 2.6912410690695405
71 0.39436619718309857 2.695675657679936
72 0.3888888888888889 2.692870298815726
73 0.3972602739726027 2.6971551748825
74 0.3918918918918919 2.694409236743363
75 0.38666666666666666 2.6917300964762982
76 0.39473684210526316 2.695865244271262
77 0.4025974025974026 2.6998788628743178
78 0.3974358974358974 2.69724489786792
79 0.3924050632911392 2.6946720083607807
80 0.3875 2.692157812846439
81 0.3950617283950617 2.6960313996464667
82 0.4024390243902439 2.699798124438841
83 0.40963855421686746 2.703463222985122
84 0.40476190476190477 2.7009817731472148
85 0.4117647058823529 2.7045436707809762
86 0.4069767441860465 2.7021093562531115
87 0.41379310344827586 2.7055736627866835
88 0.42045454545454547 2.708951130395232
89 0.4157303370786517 2.7065566698021364
90 0.4111111111111111 2.7042116232021254
91 0.4065934065934066 2.701914267203834
92 0.40217391304347827 2.6996629637038074
93 0.40860215053763443 2.702936243164444
94 0.40425531914893614 2.700723730639881
95 0.4105263157894737 2.703914460468324
96 0.40625 2.701739475347218
97 0.41237113402061853 2.7048516854510694
98 0.40816326530612246 2.7027130212185106
99 0.41414141414141414 2.7057504549007354
100 0.42 2.7087209086530915
101 0.4158415841584158 2.706613099499886
102 0.4117647058823529 2.7045436707809762
103 0.4174757281553398 2.707441764438874
104 0.41346153846153844 2.705405349962048
105 0.41904761904761906 2.708238427592538
106 0.42452830188679247 2.711012938401935
107 0.42990654205607476 2.7137310238239394
108 0.4351851851851852 2.716394709739536
109 0.43119266055045874 2.7143803779060165
110 0.42727272727272725 2.712400474755018
111 0.42342342342342343 2.710454000312033
112 0.41964285714285715 2.7085399960409466
113 0.4247787610619469 2.711139614554291
114 0.42105263157894735 2.7092540017316438
115 0.4260869565217391 2.711801110023184
116 0.4224137931034483 2.709943077208434
117 0.42735042735042733 2.71243974195468
118 0.4322033898305085 2.7148905248880912
119 0.42857142857142855 2.7130566796647275
120 0.425 2.7112515036968974
121 0.4297520661157025 2.713653013801749
122 0.4262295081967213 2.7118731760893193
123 0.43089430894308944 2.7142297628743197
124 0.4274193548387097 2.7124745750026733
125 0.424 2.710745703986141
126 0.42857142857142855 2.7130566796647275
127 0.4330708661417323 2.715328253909875
128 0.4296875 2.7136204070270953
129 0.4263565891472868 2.711937418419203
130 0.4307692307692308 2.7141666166546603
131 0.42748091603053434 2.712505684832859
132 0.4318181818181818 2.7146961151600073
133 0.43609022556390975 2.7168510263749663
134 0.44029850746268656 2.718971435943059
135 0.4444444444444444 2.721058318305828
136 0.4485294117647059 2.723112607323568
137 0.44525547445255476 2.721466322865375
138 0.4420289855072464 2.719842728766595
139 0.43884892086330934 2.718241290750989
140 0.4357142857142857 2.716661492586628
141 0.4326241134751773 2.7151028352847297
142 0.4295774647887324 2.713564836342813
143 0.42657342657342656 2.712047029029229
144 0.4305555555555556 2.7140587367016265
145 0.42758620689655175 2.7125588920549872
146 0.4246575342465753 2.711078302204598
147 0.42857142857142855 2.7130566796647275
148 0.43243243243243246 2.715006110046087
149 0.42953020134228187 2.7135409665162458
150 0.4266666666666667 2.7120941593967722
151 0.4304635761589404 2.7140122963022497
152 0.4342105263157895 2.7159031699761003
153 0.43790849673202614 2.7177674664474987
154 0.43506493506493504 2.716334072094427
155 0.43870967741935485 2.7181711412056613
156 0.4358974358974359 2.7167538318807125
157 0.4394904458598726 2.718564453806721
158 0.4430379746835443 2.7203505889116526
159 0.44654088050314467 2.7221128218333055
160 0.45 2.723851716600679
161 0.4472049689440994 2.7224467564819204
162 0.4506172839506173 2.7241618941978563
163 0.4539877300613497 2.725854841248229
164 0.4573170731707317 2.7275261027278095
165 0.45454545454545453 2.7261348773817153
166 0.4578313253012048 2.7277841594605627
167 0.46107784431137727 2.7294127854212533
168 0.4583333333333333 2.728036050238415
169 0.46153846153846156 2.729643786726863
170 0.4588235294117647 2.7282819936938902
171 0.4619883040935672 2.7298693685983393
172 0.45930232558139533 2.7285221982324717
173 0.45664739884393063 2.727190019364909
174 0.4540229885057471 2.7258725455366632
175 0.45714285714285713 2.727438674264595
176 0.4602272727272727 2.728986176555387
177 0.4632768361581921 2.730515441594857
178 0.4606741573033708 2.729210321140957
179 0.4581005586592179 2.727919254375869
180 0.46111111111111114 2.729429469404884
181 0.4585635359116022 2.7281515510514134
182 0.46153846153846156 2.729643786726863
183 0.4644808743169399 2.7311190379523063
184 0.4673913043478261 2.7325776439845955
185 0.4648648648648649 2.7313115142553714
186 0.46774193548387094 2.7327533295616995
187 0.47058823529411764 2.7341791954042987
188 0.46808510638297873 2.7329252694185837
189 0.4708994708994709 2.7343350802889628
190 0.46842105263157896 2.7330935821624354
191 0.46596858638743455 2.731864699940571
192 0.4635416666666667 2.730648212858312
193 0.46632124352331605 2.7320414341113244
194 0.4639175257731959 2.73083663883466
195 0.46153846153846156 2.729643786726863
196 0.4642857142857143 2.731021209419689
197 0.467005076142132 2.732384112965023
198 0.46464646464646464 2.731202041841418
199 0.46733668341708545 2.7325502751554147
200 0.465 2.7313792486190565
201 0.46766169154228854 2.7327131236196824
202 0.47029702970297027 2.734033337529642
203 0.46798029556650245 2.7328727565737307
204 0.46568627450980393 2.7317232131665916
205 0.4682926829268293 2.733029268387465
206 0.46601941747572817 2.7318901744709168
207 0.463768115942029 2.7307617378196616
208 0.46634615384615385 2.7320539176029657
209 0.46411483253588515 2.730935548693149
210 0.46190476190476193 2.7298274760011667
211 0.4597156398104265 2.7287295363423465
212 0.45754716981132076 2.72764157027015
213 0.45539906103286387 2.726563421962785
214 0.4532710280373832 2.725494939114123
215 0.4558139534883721 2.726771690725654
216 0.4583333333333333 2.728036050238415
217 0.45622119815668205 2.726976105463111
218 0.45871559633027525 2.728227842731252
219 0.45662100456621 2.7271767723073603
220 0.45454545454545453 2.7261348773817153
221 0.45248868778280543 2.725102020252577
222 0.45045045045045046 2.7240780662014563
223 0.4484304932735426 2.723062883407608
224 0.45089285714285715 2.7243003539796895
225 0.4488888888888889 2.7232932991143377
226 0.4469026548672566 2.722294744769928
227 0.44493392070484583 2.7213045677795167
228 0.44298245614035087 2.720322647548802
229 0.44541484716157204 2.7215464897772663
230 0.44782608695652176 2.722759040723182
231 0.45021645021645024 2.723960484552424
232 0.4525862068965517 2.725151000986101
233 0.45493562231759654 2.7263307654451783
234 0.452991452991453 2.7253545333751266
235 0.451063829787234 2.724386254156604
236 0.4491525423728814 2.723425816452684
237 0.4472573839662447 2.7224731111758502
238 0.44537815126050423 2.721528031427883
239 0.4476987447698745 2.722695019271996
240 0.45 2.723851716600679
241 0.44813278008298757 2.722913224042549
242 0.45041322314049587 2.7240593603990915
243 0.448559670781893 2.7231278175899085
244 0.44672131147540983 2.7222035556639845
245 0.4489795918367347 2.72333888898209
246 0.45121951219512196 2.7244644696787925
247 0.4534412955465587 2.7255804457467674
248 0.45161290322580644 2.7246621003810665
249 0.4538152610441767 2.7257682378768493
250 0.456 2.726865077816139
251 0.4541832669322709 2.7259530245292254
252 0.45634920634920634 2.7270403555925
253 0.45849802371541504 2.728118681707639
254 0.4566929133858268 2.7272128625726335
255 0.4588235294117647 2.7282819936938902
256 0.45703125 2.727382664023691
257 0.45525291828793774 2.7264900571651585
258 0.45348837209302323 2.7256040866324027
259 0.4555984555984556 2.726663516480957
260 0.4576923076923077 2.7277144013041768
261 0.4559386973180077 2.726834306931995
262 0.4541984732824427 2.7259606598167823
263 0.4524714828897338 2.7250933786897535
264 0.45454545454545453 2.7261348773817153
265 0.4528301886792453 2.7252735412362146
266 0.45112781954887216 2.724418403183396
267 0.45318352059925093 2.7254509926903796
268 0.45149253731343286 2.7246016329042093
269 0.44981412639405205 2.7237583098433324
270 0.45185185185185184 2.724782135310392
271 0.45387453874538747 2.7257980038191674
272 0.45588235294117646 2.7268060245738672
273 0.45787545787545786 2.727806304562257
274 0.45985401459854014 2.7287989486163142
275 0.4618181818181818 2.729784059470775
276 0.463768115942029 2.7307617378196616
277 0.4657039711191336 2.7317320823708764
278 0.46402877697841727 2.7308924093987854
279 0.4659498207885305 2.73185529532011
280 0.46785714285714286 2.7328110530763645
281 0.4697508896797153 2.7337597754361447
282 0.4716312056737589 2.734701553389296
283 0.4734982332155477 2.7356364761927807
284 0.4753521126760563 2.736564631415043
285 0.47719298245614034 2.7374861049789354
286 0.479020979020979 2.7384009812032644
287 0.47735191637630664 2.7375656541627684
288 0.4756944444444444 2.736736002766325
289 0.47750865051903113 2.737644101195805
290 0.4793103448275862 2.738545789877316
291 0.48109965635738833 2.7394411480756724
292 0.4828767123287671 2.740330253615753
293 0.48464163822525597 2.741213182917607
294 0.48299319727891155 2.7403885300428765
295 0.48135593220338985 2.73956937640618
296 0.4797297297297297 2.738755658458363
297 0.4781144781144781 2.7379473137185664
298 0.4798657718120805 2.7388237350907985
299 0.4782608695652174 2.73802057919354
300 0.4766666666666667 2.737222666501237
301 0.47840531561461797 2.738092870125048
302 0.4768211920529801 2.7373000129048064
303 0.4752475247524752 2.7365122735271457
304 0.4769736842105263 2.7373763405038196
305 0.47540983606557374 2.736593528159501
306 0.4738562091503268 2.7358157127182965
307 0.4755700325732899 2.7366737228244764
308 0.474025974025974 2.735900710673593
309 0.47572815533980584 2.7367528781367136
310 0.47419354838709676 2.735984610406777
311 0.4758842443729904 2.736831014179528
312 0.47435897435897434 2.7360674330750188
313 0.476038338658147 2.736908150521926
314 0.47770700636942676 2.7377433787289935
315 0.4793650793650794 2.738573180543872
316 0.4778481012658228 2.737813995958723
317 0.4794952681388013 2.738638330086121
318 0.4811320754716981 2.7394573692062103
319 0.47962382445141066 2.738702662022412
320 0.478125 2.7379525797058823
321 0.4766355140186916 2.737207073165881
322 0.4782608695652174 2.73802057919354
323 0.47678018575851394 2.7372794876519517
324 0.4783950617283951 2.7380877383912607
325 0.48 2.738890903302572
326 0.4785276073619632 2.7381540727837406
327 0.47706422018348627 2.737421656380885
328 0.47560975609756095 2.7366936082984035
329 0.47720364741641336 2.7374914430126283
330 0.47878787878787876 2.738284327211958
331 0.4773413897280967 2.737560385428329
332 0.4759036144578313 2.736840710497617
333 0.4774774774774775 2.737628498859904
334 0.47904191616766467 2.738411458994417
335 0.47761194029850745 2.737695798174907
336 0.47619047619047616 2.736984306234968
337 0.47774480712166173 2.737762297887361
338 0.47633136094674555 2.7370548281425755
339 0.4778761061946903 2.7378280121682073
340 0.47941176470588237 2.738596543073263
341 0.4809384164222874 2.7393604699538714
342 0.47953216374269003 2.738656793392229
343 0.48104956268221577 2.7394160832767014
344 0.4796511627906977 2.738716342541518
345 0.4811594202898551 2.7394710513462823
346 0.48265895953757226 2.740221312500488
347 0.484149855907781 2.7409671719159627
348 0.48563218390804597 2.741708674808291
349 0.48424068767908307 2.74101261050751
350 0.4828571428571429 2.740320463130411
351 0.48148148148148145 2.739632194438046
352 0.48295454545454547 2.740369192916194
353 0.48441926345609065 2.7411019422780405
354 0.4830508474576271 2.740417371764398
355 0.48169014084507045 2.739736594945364
356 0.48314606741573035 2.740465008967592
357 0.484593837535014 2.7411892712541297
358 0.4860335195530726 2.7419094232360557
359 0.48746518105849584 2.7426255057372826
360 0.4861111111111111 2.74194823407512
361 0.48476454293628807 2.741274664052624
362 0.4861878453038674 2.741986615900467
363 0.48760330578512395 2.7426945895747323
364 0.48626373626373626 2.7420245757873425
365 0.4849315068493151 2.741358184367916
366 0.48633879781420764 2.7420621206562448
367 0.48501362397820164 2.7413992614889793
368 0.48641304347826086 2.7420992572771334
369 0.48509485094850946 2.7414398931304866
370 0.4837837837837838 2.740784041673674
371 0.48247978436657685 2.7401316704266208
372 0.4838709677419355 2.740827656474007
373 0.48525469168900803 2.7415198486552406
374 0.48663101604278075 2.7422082831778054
375 0.48533333333333334 2.7415591864960054
376 0.4867021276595745 2.7422438516352243
377 0.4880636604774536 2.7429248351029285
378 0.48677248677248675 2.742279043574343
379 0.48812664907651715 2.742956338333359
380 0.4868421052631579 2.7423138649429575
381 0.48556430446194226 2.7416747209975316
382 0.4869109947643979 2.7423483215642284
383 0.4856396866840731 2.741712427745284
384 0.484375 2.741079799766195
385 0.4831168831168831 2.7404504085067622
386 0.4844559585492228 2.741120298718182
387 0.48320413436692505 2.7404940588946096
388 0.4845360824742268 2.7411603799542856
389 0.48586118251928023 2.7418232206659656
390 0.4846153846153846 2.741200049904996
391 0.4859335038363171 2.7418593957167237
392 0.4846938775510204 2.741239314869466
393 0.4860050890585242 2.741895202428499
394 0.4873096446700508 2.7425477127886144
395 0.4860759493670886 2.7419306463992315
396 0.48737373737373735 2.7425797694151717
397 0.48614609571788414 2.741965733113984
398 0.4849246231155779 2.7413547409362495
399 0.48370927318295737 2.7407467666737495
400 0.485 2.7413924464351997
