# parameters:
#  num_nodes=4, total_iters=1008, ntest=20, copies=21
#  phase_average=1.3568985166553764, failure_threshold=0.1
# columns:
#  iteration   running_frequency   running_estimation
1 0.0 0.7853981633974483
2 0.5 1.1780972450961724
3 0.6666666666666666 1.2630564724597029
4 0.5 1.1780972450961724
5 0.6 1.2284367252937551
6 0.5 1.1780972450961724
7 0.42857142857142855 1.142260352869831
8 0.375 1.1149271813106527
9 0.3333333333333333 1.093138017732642
10 0.4 1.1277577648985897
11 0.36363636363636365 1.1090405874052744
12 0.3333333333333333 1.093138017732642
13 0.3076923076923077 1.079399465171232
14 0.2857142857142857 1.0673694840777626
15 0.3333333333333333 1.093138017732642
16 0.3125 1.0819980514722627
17 0.29411764705882354 1.0719998179478758
18 0.3333333333333333 1.093138017732642
19 0.3684210526315789 1.1115237408166267
20 0.35 1.101924081592323
21 0.38095238095238093 1.1179961909038576
22 0.36363636363636365 1.1090405874052744
23 0.391304347826087 1.1233119803467893
24 0.375 1.1149271813106527
25 0.4 1.1277577648985897
26 0.4230769230769231 1.1394823454751264
27 0.4444444444444444 1.1502619915109313
28 0.4642857142857143 1.1602248826247923
29 0.4827586206896552 1.1694748461057527
30 0.5 1.1780972450961724
31 0.5161290322580645 1.1861631605132341
32 0.5 1.1780972450961724
33 0.5151515151515151 1.1856741625877192
34 0.5 1.1780972450961724
35 0.5142857142857142 1.1852410744134956
36 0.5 1.1780972450961724
37 0.5135135135135135 1.184854824713742
38 0.5263157894736842 1.1912612221615648
39 0.5384615384615384 1.1973470302603784
40 0.55 1.2031391003865624
41 0.5609756097560976 1.2086611298561178
42 0.5714285714285714 1.2139341373225137
43 0.5813953488372093 1.218976851142529
44 0.5681818181818182 1.2122947018272339
45 0.5777777777777777 1.2171447026112845
46 0.5869565217391305 1.2217977159395959
47 0.574468085106383 1.2154703342675792
48 0.5625 1.2094292028881888
49 0.5510204081632653 1.203651928005151
50 0.56 1.2081697156948694
51 0.5490196078431373 1.2026464832508823
52 0.5576923076923077 1.2070077932252459
53 0.5660377358490566 1.2112128709605745
54 0.5555555555555556 1.2059324986814133
55 0.5636363636363636 1.2100019594940163
56 0.5535714285714286 1.2049344741216395
57 0.543859649122807 1.2000552913007483
58 0.5517241379310345 1.204005664974855
59 0.5423728813559322 1.1993091277038959
60 0.55 1.2031391003865624
61 0.5573770491803278 1.2068491099061909
62 0.5645161290322581 1.2104454994725398
63 0.5714285714285714 1.2139341373225137
64 0.578125 1.2173204628512877
65 0.5692307692307692 1.2128242003325813
66 0.5606060606060606 1.2084749742685925
67 0.5522388059701493 1.2042644010527594
68 0.5441176470588235 1.2001847924133742
69 0.5507246376811594 1.2035032713090275
70 0.5571428571428572 1.2067312384042475
71 0.5492957746478874 1.2027852388834877
72 0.5555555555555556 1.2059324986814133
73 0.5616438356164384 1.2089977832792194
74 0.5540540540540541 1.2051771967249518
75 0.5466666666666666 1.2014645884614457
76 0.5526315789473685 1.2044618764460018
77 0.5454545454545454 1.200855939605526
78 0.5384615384615384 1.1973470302603784
79 0.5316455696202531 1.1939306127289557
80 0.525 1.190602459297615
81 0.5308641975308642 1.1935391611023785
82 0.524390243902439 1.190297208688838
83 0.5301204819277109 1.193166609837166
84 0.5357142857142857 1.1959696075675526
85 0.5411764705882353 1.1987088232933512
86 0.5348837209302325 1.1955532863420129
87 0.5287356321839081 1.1924729823211622
88 0.5340909090909091 1.195155934051467
89 0.5393258426966292 1.1977804958462843
90 0.5444444444444444 1.2003488356913092
91 0.5494505494505495 1.202863006362918
92 0.5434782608695652 1.1998638656830214
93 0.5376344086021505 1.196932262663724
94 0.5425531914893617 1.1993996096593351
95 0.5473684210526316 1.2018170273820923
96 0.5416666666666666 1.198954766748826
97 0.5360824742268041 1.1961541781525817
98 0.5306122448979592 1.1934129460531862
99 0.5353535353535354 1.1957887751458232
100 0.53 1.193106259707492
101 0.5346534653465347 1.1954378791899716
102 0.5392156862745098 1.1977252469626163
103 0.5436893203883495 1.1999697986599063
104 0.5384615384615384 1.1973470302603784
105 0.5333333333333333 1.1947762821987287
106 0.5377358490566038 1.1969831275703218
107 0.5327102803738317 1.1944640740660744
108 0.5277777777777778 1.1919932884164017
109 0.5321100917431193 1.1941633472884248
110 0.5272727272727272 1.191740379634842
111 0.5225225225225225 1.1893623181273374
112 0.5267857142857143 1.1914965165485039
113 0.5221238938053098 1.1891628048190344
114 0.5263157894736842 1.1912612221615648
115 0.5217391304347826 1.1889702377937015
116 0.5172413793103449 1.1867196440865921
117 0.5213675213675214 1.1887842603853498
118 0.5254237288135594 1.1908145935636838
119 0.5210084033613446 1.188604539942161
120 0.5166666666666667 1.186432122411498
121 0.512396694214876 1.184296227412509
122 0.5163934426229508 1.186295435670201
123 0.5121951219512195 1.1841954107905863
124 0.5080645161290323 1.1821296780102453
125 0.512 1.1840978212455229
126 0.5079365079365079 1.1820656657186612
127 0.5118110236220472 1.1840033062588464
128 0.5078125 1.1820036540593566
129 0.5116279069767442 1.183911722775
130 0.5153846153846153 1.1857907670822452
131 0.5114503816793893 1.1838229364785868
132 0.5075757575757576 1.181885268828578
133 0.5037593984962406 1.1799769620553662
134 0.5074626865671642 1.1818287269301881
135 0.5037037037037037 1.1799491138835303
136 0.5073529411764706 1.1817738482113838
137 0.5036496350364964 1.179922078818989
138 0.5 1.1780972450961724
139 0.49640287769784175 1.1762986684299972
140 0.5 1.1780972450961724
141 0.5035460992907801 1.1798703096057526
142 0.5070422535211268 1.1816184882834078
143 0.5034965034965035 1.179845511093615
144 0.5 1.1780972450961724
145 0.503448275862069 1.1798213966948632
146 0.5068493150684932 1.1815220097470374
147 0.5102040816326531 1.183199640139716
148 0.5067567567567568 1.1814757263067894
149 0.5033557046979866 1.1797751100413427
150 0.5066666666666667 1.18143067720284
151 0.5033112582781457 1.1797528863375055
152 0.5 1.1780972450961724
153 0.5032679738562091 1.1797312436581096
154 0.5064935064935064 1.1813440896174434
155 0.5096774193548387 1.1829362569291928
156 0.5064102564102564 1.181302461109905
157 0.5031847133757962 1.1796896125511454
158 0.5063291139240507 1.1812618865741717
159 0.5031446540880503 1.1796695825060524
160 0.50625 1.1812223264821033
161 0.5031055900621118 1.1796500501115523
162 0.5 1.1780972450961724
163 0.49693251533742333 1.1765634931435942
164 0.5 1.1780972450961724
165 0.503030303030303 1.1796124058869686
166 0.5060240963855421 1.1811093661646623
167 0.5029940119760479 1.179594260030556
168 0.5 1.1780972450961724
169 0.5029585798816568 1.179576543669479
170 0.5058823529411764 1.181038489418195
171 0.5087719298245614 1.1824834350301263
172 0.5116279069767442 1.183911722775
173 0.5086705202312138 1.1824327225184152
174 0.5057471264367817 1.1809708715931575
175 0.5085714285714286 1.1823831693221878
176 0.5113636363636364 1.1837795525289598
177 0.5084745762711864 1.1823347361349543
178 0.5056179775280899 1.1809062929678291
179 0.5083798882681564 1.1822873854073597
180 0.5055555555555555 1.1808750800330472
181 0.5082872928176796 1.1822410812500783
182 0.5054945054945055 1.1808445531387206
183 0.5081967213114754 1.1821957893430761
184 0.5054347826086957 1.1808146899121734
185 0.5027027027027027 1.1794486030283327
186 0.5053763440860215 1.1807854689430894
187 0.5026737967914439 1.1794341498638028
188 0.5053191489361702 1.1807568697323185
189 0.5026455026455027 1.1794200025906807
190 0.5 1.1780972450961724
191 0.5026178010471204 1.179406151599634
192 0.5052083333333334 1.1807014588601668
193 0.5077720207253886 1.1819834119637236
194 0.5103092783505154 1.1832522495688786
195 0.5076923076923077 1.1819435506805336
196 0.5102040816326531 1.183199640139716
197 0.5076142131979695 1.1819044988583391
198 0.51010101010101 1.1831480937465022
199 0.507537688442211 1.1818662320875255
200 0.505 1.1805972867647143
201 0.5024875621890548 1.17934103132174
202 0.504950495049505 1.1805725330639651
203 0.5024630541871922 1.1793287771706407
204 0.5049019607843137 1.1805482647534582
205 0.5073170731707317 1.1817559122784167
206 0.5097087378640777 1.182951919127199
207 0.5072463768115942 1.1817205603496523
208 0.5096153846153846 1.1829052337853108
209 0.507177033492823 1.1816858850832208
210 0.5047619047619047 1.1804782334718271
211 0.5071090047393365 1.1816518672349077
212 0.5047169811320755 1.180455770647748
213 0.5023474178403756 1.1792709583281171
214 0.5046728971962616 1.1804337277080517
215 0.5023255813953489 1.1792600399863906
216 0.5 1.1780972450961724
217 0.5023041474654378 1.1792493229065766
218 0.5045871559633027 1.1803908552533542
219 0.502283105022831 1.1792388015745723
220 0.5 1.1780972450961724
221 0.497737556561086 1.1769660195164608
222 0.4954954954954955 1.1758449623765
223 0.49327354260089684 1.1747339149416558
224 0.4955357142857143 1.1758650725804554
225 0.49333333333333335 1.1747638129895048
226 0.49557522123893805 1.1758848268375335
227 0.4933920704845815 1.1747931841530783
228 0.49122807017543857 1.1737110551622185
229 0.49344978165938863 1.1748220422388052
230 0.49130434782608695 1.1737491998073024
231 0.4935064935064935 1.1748504005749014
232 0.4956896551724138 1.1759420459874168
233 0.4978540772532189 1.1770242804287743
234 0.5 1.1780972450961724
235 0.502127659574468 1.179161078094025
236 0.5042372881355932 1.1802159145244082
237 0.5063291139240507 1.1812618865741717
238 0.5042016806722689 1.1801981101587515
239 0.502092050209205 1.179143273252873
240 0.5041666666666667 1.1801806025429136
241 0.5020746887966805 1.1791345924712533
242 0.5041322314049587 1.1801633843191217
243 0.5061728395061729 1.181183743257821
244 0.5081967213114754 1.1821957893430761
245 0.5102040816326531 1.183199640139716
246 0.508130081300813 1.182162464895867
247 0.5060728744939271 1.1811337570035674
248 0.5040322580645161 1.180113395982706
249 0.5060240963855421 1.1811093661646623
250 0.504 1.1800972664301201
251 0.5059760956175299 1.1810853640523773
252 0.5079365079365079 1.1820656657186612
253 0.5098814229249012 1.1830382782308375
254 0.5078740157480315 1.1820344157183358
255 0.5098039215686274 1.1829995200422871
256 0.51171875 1.183957156670623
257 0.5097276264591439 1.1829613652091353
258 0.5077519379844961 1.1819733693831065
259 0.5057915057915058 1.1809930627478415
260 0.5038461538461538 1.1800203409850099
261 0.5057471264367817 1.1809708715931575
262 0.5076335877862596 1.181914187278807
263 0.5095057034220533 1.182850383160485
264 0.5113636363636364 1.1837795525289598
265 0.5132075471698113 1.1847017868940852
266 0.5112781954887218 1.1837368211368677
267 0.5131086142322098 1.1846523032875387
268 0.5111940298507462 1.1836947276878729
269 0.5092936802973977 1.1827443528592598
270 0.5074074074074074 1.1818010842939612
271 0.5055350553505535 1.1808648293000974
272 0.5036764705882353 1.179935496954953
273 0.5054945054945055 1.1808445531387206
274 0.5072992700729927 1.181747009778542
275 0.5054545454545455 1.180824571921008
276 0.5036231884057971 1.1799088551539072
277 0.5018050541516246 1.1789997741324176
278 0.5 1.1780972450961724
279 0.4982078853046595 1.1772011858299276
280 0.49642857142857144 1.1763115156254642
281 0.49466192170818507 1.175428155244675
282 0.4929078014184397 1.1745510268837958
283 0.49469964664310956 1.1754470187796238
284 0.4964788732394366 1.1763366671635311
285 0.4982456140350877 1.1772200503137822
286 0.4965034965034965 1.1763489790987298
287 0.49825783972125437 1.1772261631942333
288 0.5 1.1780972450961724
289 0.5017301038062284 1.1789622987255122
290 0.503448275862069 1.1798213966948632
291 0.5051546391752577 1.1806746103394299
292 0.5068493150684932 1.1815220097470374
293 0.5051194539249146 1.180657016785669
294 0.5034013605442177 1.1797979384856219
295 0.5016949152542373 1.178944704346315
296 0.5033783783783784 1.179786447138599
297 0.5016835016835017 1.178938997528379
298 0.5033557046979866 1.1797751100413427
299 0.5016722408026756 1.1789333670562634
300 0.5033333333333333 1.179763924108765
301 0.5049833887043189 1.1805889807029384
302 0.5066225165562914 1.1814086001981332
303 0.504950495049505 1.1805725330639651
304 0.506578947368421 1.181386813705648
305 0.5081967213114754 1.1821957893430761
306 0.5065359477124183 1.181365312028411
307 0.50814332247557 1.182169086360064
308 0.5097402597402597 1.1829676830470326
309 0.511326860841424 1.1837611600324718
310 0.5096774193548387 1.1829362569291928
311 0.5112540192926045 1.183724729969071
312 0.5096153846153846 1.1829052337853108
313 0.5111821086261981 1.1836887655828239
314 0.5127388535031847 1.18446736112933
315 0.5111111111111111 1.183653258000739
316 0.509493670886076 1.1828443658063374
317 0.5110410094637224 1.1836181985738419
318 0.5094339622641509 1.1828145061461872
319 0.5109717868338558 1.1835835788701472
320 0.509375 1.1827850197978365
321 0.5077881619937694 1.1819914835751197
322 0.5062111801242236 1.1812029150370373
323 0.5077399380804953 1.1819673687109873
324 0.5092592592592593 1.1827271393773924
325 0.5076923076923077 1.1819435506805336
326 0.50920245398773 1.1826987319000706
327 0.5076452599388379 1.1819200240364118
328 0.5091463414634146 1.182670670913738
329 0.5075987841945289 1.1818967834637595
330 0.509090909090909 1.1826429501171565
331 0.5075528700906344 1.1818738237761952
332 0.5090361445783133 1.182615563360967
333 0.5105105105105106 1.183352887463353
334 0.5089820359281437 1.1825885046431408
335 0.5074626865671642 1.1818287269301881
336 0.5059523809523809 1.1810735058761304
337 0.5074183976261127 1.1818065800073383
338 0.5059171597633136 1.1810558940409188
339 0.5073746312684366 1.1817846944337118
340 0.5088235294117647 1.1825092388184775
341 0.5073313782991202 1.181763065610123
342 0.5087719298245614 1.1824834350301263
343 0.5102040816326531 1.183199640139716
344 0.5087209302325582 1.1824579313317474
345 0.5101449275362319 1.1831700569659214
346 0.5086705202312138 1.1824327225184152
347 0.5100864553314121 1.1831408148783598
348 0.5114942528735632 1.1838448778520276
349 0.5100286532951289 1.183111908011497
350 0.5114285714285715 1.1838120284979312
351 0.50997150997151 1.183083330633531
352 0.5113636363636364 1.1837795525289598
353 0.5127478753541076 1.184471873520594
354 0.5141242937853108 1.1851603315714376
355 0.5126760563380282 1.1844359524013668
356 0.5112359550561798 1.1837156955657733
357 0.5098039215686274 1.1829995200422871
358 0.5083798882681564 1.1822873854073597
359 0.5097493036211699 1.1829722058465464
360 0.5111111111111111 1.183653258000739
361 0.5124653739612188 1.1843305779037534
362 0.5138121546961326 1.1850042010867743
363 0.512396694214876 1.184296227412509
364 0.5137362637362637 1.184966241199899
365 0.5123287671232877 1.184262253480146
366 0.5136612021857924 1.1849286963309964
367 0.5122615803814714 1.184228649947897
368 0.5108695652173914 1.1835324558663933
369 0.5094850948509485 1.1828400770163068
370 0.5108108108108108 1.1835030717564399
371 0.5094339622641509 1.1828145061461872
372 0.5080645161290323 1.1821296780102453
373 0.5067024128686327 1.181448551901291
374 0.5053475935828877 1.1807710928648518
375 0.5066666666666667 1.18143067720284
376 0.5079787234042553 1.1820867761262865
377 0.506631299734748 1.1814129921731336
378 0.5079365079365079 1.1820656657186612
379 0.5092348284960422 1.1827149219062252
380 0.5105263157894737 1.1833607918520643
381 0.5118110236220472 1.1840033062588464
382 0.5104712041884817 1.183333229974926
383 0.5117493472584856 1.1839724595144814
384 0.5130208333333334 1.1846083978473083
385 0.5142857142857142 1.1852410744134956
386 0.5129533678756477 1.1845746537336321
387 0.5142118863049095 1.1852041454247535
388 0.5128865979381443 1.1845412576136352
389 0.5141388174807198 1.1851675963212758
390 0.5153846153846153 1.1857907670822452
391 0.5140664961636828 1.1851314212705177
392 0.5153061224489796 1.1857515021177754
393 0.5165394402035624 1.1863684740793203
394 0.5152284263959391 1.185712635968395
395 0.5139240506329114 1.18506017058801
396 0.5151515151515151 1.1856741625877192
397 0.5163727959697733 1.1862851067974471
398 0.5175879396984925 1.1868930294813684
399 0.518796992481203 1.1874979565737878
400 0.52 1.1880999136846697
