# parameters:
#  num_nodes=4, total_iters=987, ntest=20, copies=21
#  phase_average=1.375199384100899, failure_threshold=0.1
# columns:
#  iteration   running_frequency   running_estimation
1 0.0 0.7853981633974483
2 0.5 1.1780972450961724
3 0.6666666666666666 1.2630564724597029
4 0.75 1.308996938995747
5 0.8 1.3389725222944935
6 0.6666666666666666 1.2630564724597029
7 0.5714285714285714 1.2139341373225137
8 0.625 1.2412673088816921
9 0.5555555555555556 1.2059324986814133
10 0.6 1.2284367252937551
11 0.6363636363636364 1.2471539027870704
12 0.6666666666666666 1.2630564724597029
13 0.6153846153846154 1.236314289660693
14 0.6428571428571429 1.2505351704551844
15 0.6666666666666666 1.2630564724597029
16 0.6875 1.2741964387200821
17 0.6470588235294118 1.2527302953923916
18 0.6666666666666666 1.2630564724597029
19 0.6842105263157895 1.2724247531861097
20 0.7 1.2809764566130444
21 0.6666666666666666 1.2630564724597029
22 0.6818181818181818 1.271139378586254
23 0.6956521739130435 1.2786093783706731
24 0.6666666666666666 1.2630564724597029
25 0.68 1.2701642184553323
26 0.6923076923076923 1.2767950250211126
27 0.7037037037037037 1.2830005909886335
28 0.7142857142857143 1.2888250061145823
29 0.7241379310344828 1.2943061481580236
30 0.7333333333333333 1.2994767756700702
31 0.7419354838709677 1.304365392532639
32 0.71875 1.2913013937824038
33 0.696969696969697 1.2793256574681924
34 0.6764705882352942 1.2682754251870536
35 0.6857142857142857 1.2732340430186273
36 0.6666666666666666 1.2630564724597029
37 0.6756756756756757 1.2678507673752735
38 0.6842105263157895 1.2724247531861097
39 0.6923076923076923 1.2767950250211126
40 0.7 1.2809764566130444
41 0.6829268292682927 1.2717347168776918
42 0.6666666666666666 1.2630564724597029
43 0.6511627906976745 1.2548801109443535
44 0.6363636363636364 1.2471539027870704
45 0.6444444444444445 1.251363754677191
46 0.6304347826086957 1.2440779571286193
47 0.6170212765957447 1.2371556583282945
48 0.6041666666666666 1.2305648931618567
49 0.5918367346938775 1.2242777957687307
50 0.6 1.2284367252937551
51 0.6078431372549019 1.232445893163092
52 0.5961538461538461 1.2264755432238688
53 0.6037735849056604 1.2303639601878664
54 0.5925925925925926 1.2246623209903116
55 0.5818181818181818 1.2191911411038352
56 0.5892857142857143 1.222980832940222
57 0.5964912280701754 1.2266474543382295
58 0.5862068965517241 1.2214171542005576
59 0.5932203389830508 1.2249817571455754
60 0.6 1.2284367252937551
61 0.5901639344262295 1.2234271886965449
62 0.5967741935483871 1.2267916557797607
63 0.5873015873015873 1.2219729294901032
64 0.59375 1.2252513416400235
65 0.5846153846153846 1.2206095272381021
66 0.5757575757575758 1.2161224805178683
67 0.582089552238806 1.2193286865251654
68 0.5882352941176471 1.222447146206265
69 0.5797101449275363 1.218123096309588
70 0.5857142857142857 1.2211671260281778
71 0.5915492957746479 1.2241315969172715
72 0.5833333333333334 1.2199592649010946
73 0.5753424657534246 1.2159125147826433
74 0.581081081081081 1.2188176012162586
75 0.5733333333333334 1.2148966575904692
76 0.5789473684210527 1.2177368152555974
77 0.5844155844155844 1.2205081686625974
78 0.5897435897435898 1.2232135301951763
79 0.5949367088607594 1.225855549413065
80 0.5875 1.2220736871371014
81 0.5802469135802469 1.2183949814504382
82 0.573170731707317 1.2148144699783368
83 0.5662650602409639 1.2113275411836857
84 0.5714285714285714 1.2139341373225137
85 0.5647058823529412 1.2105411783349682
86 0.5581395348837209 1.2072329222085072
87 0.5517241379310345 1.204005664974855
88 0.5568181818181818 1.2065678362094931
89 0.550561797752809 1.2034214304619906
90 0.5555555555555556 1.2059324986814133
91 0.5494505494505495 1.202863006362918
92 0.5543478260869565 1.2053249534513444
93 0.5483870967741935 1.2023287166061747
94 0.5531914893617021 1.2047434125004903
95 0.5473684210526316 1.2018170273820923
96 0.5416666666666666 1.198954766748826
97 0.5360824742268041 1.1961541781525817
98 0.5408163265306123 1.1985281428955492
99 0.5454545454545454 1.200855939605526
100 0.54 1.1981186401045871
101 0.5346534653465347 1.1954378791899716
102 0.5392156862745098 1.1977252469626163
103 0.5436893203883495 1.1999697986599063
104 0.5480769230769231 1.2021729031144068
105 0.5428571428571428 1.1995521427226463
106 0.5471698113207547 1.2017172757510268
107 0.5420560747663551 1.1991501568010035
108 0.5462962962962963 1.2012785978520866
109 0.5504587155963303 1.2033696243614136
110 0.5454545454545454 1.200855939605526
111 0.5405405405405406 1.198389791267998
112 0.5446428571428571 1.2004484380780711
113 0.5486725663716814 1.202472128516958
114 0.543859649122807 1.2000552913007483
115 0.5391304347826087 1.197682489790412
116 0.5344827586206896 1.1953523211056885
117 0.5384615384615384 1.1973470302603784
118 0.5338983050847458 1.1950594086935264
119 0.5378151260504201 1.1970228796811573
120 0.5333333333333333 1.1947762821987287
121 0.5371900826446281 1.1967094751413612
122 0.5409836065573771 1.198612064148745
123 0.5365853658536586 1.1964062905120785
124 0.532258064516129 1.1942374874255417
125 0.536 1.1961128334882232
126 0.5396825396825397 1.1979594036174568
127 0.5354330708661418 1.1958286429111817
128 0.53125 1.1937324355452952
129 0.5271317829457365 1.1916698029454753
130 0.5307692307692308 1.193491587276657
131 0.5343511450381679 1.1952863578582487
132 0.5378787878787878 1.197054802177801
133 0.5413533834586466 1.1987975825229107
134 0.5447761194029851 1.2005153371995498
135 0.5481481481481482 1.2022086816768494
136 0.5514705882352942 1.2038782096636735
137 0.5474452554744526 1.2018556184443874
138 0.5434782608695652 1.1998638656830214
139 0.539568345323741 1.197902126283656
140 0.5428571428571428 1.1995521427226463
141 0.5390070921985816 1.1976206293655292
142 0.5422535211267606 1.1992492327310322
143 0.5384615384615384 1.1973470302603784
144 0.5347222222222222 1.1954723406591552
145 0.5379310344827586 1.1970810008719162
146 0.5342465753424658 1.1952339495574098
147 0.5374149659863946 1.1968222310458647
148 0.5405405405405406 1.198389791267998
149 0.5369127516778524 1.1965704273589326
150 0.5333333333333333 1.1947762821987287
151 0.5364238410596026 1.1963253120046593
152 0.5394736842105263 1.1978546471783567
153 0.5424836601307189 1.1993647175941837
154 0.5454545454545454 1.200855939605526
155 0.5483870967741935 1.2023287166061747
156 0.5448717948717948 1.2005633683304437
157 0.5414012738853503 1.1988216101522244
158 0.5379746835443038 1.197102888548657
159 0.5408805031446541 1.1985603388262824
160 0.54375 1.2000002551186295
161 0.5403726708074534 1.198305580285929
162 0.5370370370370371 1.1966327406546131
163 0.5337423312883436 1.194981242775473
164 0.5304878048780488 1.1933506095764987
165 0.5333333333333333 1.1947762821987287
166 0.536144578313253 1.196185311509438
167 0.5389221556886228 1.197578031565988
168 0.5416666666666666 1.198954766748826
169 0.5384615384615384 1.1973470302603784
170 0.5352941176470588 1.1957589918740856
171 0.5321637426900585 1.1941902283438819
172 0.5348837209302325 1.1955532863420129
173 0.5375722543352601 1.1969010972688854
174 0.5344827586206896 1.1953523211056885
175 0.5371428571428571 1.1966857968840996
176 0.5397727272727273 1.1980046404318543
177 0.5423728813559322 1.1993091277038959
178 0.5449438202247191 1.2005995271460304
179 0.547486033519553 1.2018760999650284
180 0.5444444444444444 1.2003488356913092
181 0.5469613259668509 1.2016125681513246
182 0.5494505494505495 1.202863006362918
183 0.546448087431694 1.2013548219496533
184 0.5489130434782609 1.2025929437061298
185 0.5513513513513514 1.2038182735468415
186 0.553763440860215 1.205031038124076
187 0.5508021390374331 1.2035422232594557
188 0.5478723404255319 1.2020701376513454
189 0.5502645502645502 1.2032720454554695
190 0.5473684210526316 1.2018170273820923
191 0.5497382198952879 1.2030075544065373
192 0.5520833333333334 1.204186238243286
193 0.5492227979274611 1.2027485721473556
194 0.5463917525773195 1.2013265323411992
195 0.5487179487179488 1.2024949280736132
196 0.5510204081632653 1.203651928005151
197 0.5532994923857868 1.204797722839248
198 0.5505050505050505 1.2033929108071109
199 0.5527638190954773 1.2045283668455338
200 0.555 1.2056530075931091
201 0.5522388059701493 1.2042644010527594
202 0.5544554455445545 1.2053790845401873
203 0.5566502463054187 1.206483322630405
204 0.5588235294117647 1.2075772831024847
205 0.5560975609756098 1.206205206581811
206 0.558252427184466 1.207289754628596
207 0.5603864734299517 1.2083643681022451
208 0.5576923076923077 1.2070077932252459
209 0.5550239234449761 1.2056650423795179
210 0.5523809523809524 1.204335866439325
211 0.5545023696682464 1.2054026871229828
212 0.5566037735849056 1.2064599358008152
213 0.5586854460093896 1.207507759730667
214 0.5607476635514018 1.208546302908252
215 0.5627906976744186 1.2095757061625496
216 0.5648148148148148 1.2105961072477054
217 0.5622119815668203 1.209284060541159
218 0.5596330275229358 1.2079849021544136
219 0.5570776255707762 1.2066984077555376
220 0.5590909090909091 1.2077119121484616
221 0.5610859728506787 1.208716727130549
222 0.5585585585585585 1.2074438754037065
223 0.5560538116591929 1.2061831930431275
224 0.5580357142857143 1.2071806580144726
225 0.5555555555555556 1.2059324986814133
226 0.5530973451327433 1.2046960722173132
227 0.5506607929515418 1.2034711836033614
228 0.5482456140350878 1.2022576426178522
229 0.5458515283842795 1.2010552636770948
230 0.5434782608695652 1.1998638656830214
231 0.5454545454545454 1.200855939605526
232 0.5431034482758621 1.199675752971932
233 0.5450643776824035 1.2006600515420631
234 0.5470085470085471 1.2016362836121148
235 0.5446808510638298 1.2004675112808645
236 0.5423728813559322 1.1993091277038959
237 0.540084388185654 1.198160970157906
238 0.5378151260504201 1.1970228796811573
239 0.5397489539748954 1.1979927160199537
240 0.5375 1.1968648678653515
241 0.5352697095435685 1.195746757324866
242 0.5371900826446281 1.1967094751413612
243 0.5349794238683128 1.1956012550184938
244 0.5368852459016393 1.19655663686705
245 0.5387755102040817 1.1975044864942692
246 0.5365853658536586 1.1964062905120785
247 0.5384615384615384 1.1973470302603784
248 0.5403225806451613 1.198280453261035
249 0.5421686746987951 1.1992066575266784
250 0.544 1.2001257391711022
251 0.545816733067729 1.201037792458016
252 0.5476190476190477 1.2019429098482248
253 0.549407114624506 1.2028411820453
254 0.547244094488189 1.201754583989551
255 0.5450980392156862 1.200676951139502
256 0.546875 1.2015692138730516
257 0.5486381322957199 1.2024548293781596
258 0.5503875968992248 1.203333882802933
259 0.5521235521235521 1.2042064577204734
260 0.5538461538461539 1.2050726361674373
261 0.5555555555555556 1.2059324986814133
262 0.5572519083969466 1.206786124337158
263 0.5551330798479087 1.20571995476697
264 0.5568181818181818 1.2065678362094931
265 0.5547169811320755 1.2055106386571839
266 0.5526315789473685 1.2044618764460018
267 0.550561797752809 1.2034214304619906
268 0.5522388059701493 1.2042644010527594
269 0.550185873605948 1.203232507143909
270 0.5481481481481482 1.2022086816768494
271 0.5498154981549815 1.2030463864466587
272 0.5514705882352942 1.2038782096636735
273 0.5494505494505495 1.202863006362918
274 0.5474452554744526 1.2018556184443874
275 0.5454545454545454 1.200855939605526
276 0.5471014492753623 1.2016829418238095
277 0.5451263537906137 1.2006911664044628
278 0.5431654676258992 1.1997068786871339
279 0.5448028673835126 1.2005287651740155
280 0.5428571428571428 1.1995521427226463
281 0.5444839857651246 1.2003686849942254
282 0.5425531914893617 1.1993996096593351
283 0.5441696113074205 1.2002108763941766
284 0.545774647887324 1.2010166610456234
285 0.5473684210526316 1.2018170273820923
286 0.5454545454545454 1.200855939605526
287 0.5470383275261324 1.2016512401617723
288 0.5451388888888888 1.2006974596441111
289 0.5467128027681661 1.2014877577482832
290 0.5482758620689655 1.2022728375815668
291 0.5498281786941581 1.2030527584284247
292 0.5513698630136986 1.2038275786000256
293 0.552901023890785 1.2045973554554097
294 0.5510204081632653 1.203651928005151
295 0.5491525423728814 1.2027132731480732
296 0.5472972972972973 1.2017813050797088
297 0.5454545454545454 1.200855939605526
298 0.5469798657718121 1.20162187922974
299 0.5484949832775919 1.2023829148135667
300 0.5466666666666666 1.2014645884614457
301 0.5481727574750831 1.202221043820182
302 0.5463576158940397 1.201309390107737
303 0.5478547854785478 1.2020613196823327
304 0.5493421052631579 1.2028085177128176
305 0.5475409836065573 1.2019036999067318
306 0.545751633986928 1.201005105593274
307 0.5439739413680782 1.2001126591409381
308 0.5454545454545454 1.200855939605526
309 0.5436893203883495 1.1999697986599063
310 0.5419354838709678 1.1990896475416406
311 0.5434083601286174 1.19982878263568
312 0.5416666666666666 1.198954766748826
313 0.5431309904153354 1.1996895755324708
314 0.5414012738853503 1.1988216101522244
315 0.5396825396825397 1.1979594036174568
316 0.5411392405063291 1.198690144863467
317 0.5425867507886435 1.1994164504578677
318 0.5440251572327044 1.2001383668047492
319 0.542319749216301 1.1992824658413221
320 0.540625 1.1984321607903148
321 0.5389408099688473 1.1975873871088663
322 0.5403726708074534 1.198305580285929
323 0.5386996904024768 1.1974664623033382
324 0.5370370370370371 1.1966327406546131
325 0.5353846153846153 1.195804354188124
326 0.5337423312883436 1.194981242775473
327 0.5351681957186545 1.1956958740266557
328 0.5365853658536586 1.1964062905120785
329 0.5379939209726444 1.1971125351394485
330 0.5393939393939394 1.1978146501832865
331 0.540785498489426 1.1985126772973382
332 0.5421686746987951 1.1992066575266784
333 0.5405405405405406 1.198389791267998
334 0.5389221556886228 1.197578031565988
335 0.5402985074626866 1.1982683773605909
336 0.5416666666666666 1.198954766748826
337 0.543026706231454 1.1996372388270258
338 0.5443786982248521 1.2003158321320557
339 0.5457227138643068 1.2009905846519424
340 0.5441176470588235 1.2001847924133742
341 0.5454545454545454 1.200855939605526
342 0.543859649122807 1.2000552913007483
343 0.5451895043731778 1.2007228712680975
344 0.5436046511627907 1.1999273018194223
345 0.5449275362318841 1.2005913520681961
346 0.5433526011560693 1.1998007976223322
347 0.5446685878962536 1.2004613550743448
348 0.5459770114942529 1.2011182714505781
349 0.5472779369627507 1.2017715813278282
350 0.5485714285714286 1.2024213188077648
351 0.5470085470085471 1.2016362836121148
352 0.5482954545454546 1.2022826798217776
353 0.546742209631728 1.2015025258124479
354 0.5451977401129944 1.2007270060629804
355 0.5464788732394367 1.2013702817491896
356 0.547752808988764 1.202010096790487
357 0.5462184873949579 1.20123952583364
358 0.547486033519553 1.2018760999650284
359 0.5459610027855153 1.2011102330514345
360 0.5472222222222223 1.2017435987311322
361 0.5457063711911357 1.2009823789464962
362 0.5441988950276243 1.2002255757603901
363 0.5454545454545454 1.200855939605526
364 0.5439560439560439 1.200103675638739
365 0.5424657534246575 1.1993557317597459
366 0.5437158469945356 1.1999831129187357
367 0.5449591280653951 1.200607212186704
368 0.5461956521739131 1.2012280591532583
369 0.5474254742547425 1.2018456830218063
370 0.5486486486486486 1.202460112616244
371 0.5471698113207547 1.2017172757510268
372 0.5483870967741935 1.2023287166061747
373 0.5495978552278821 1.2029370232211436
374 0.5481283422459893 1.2021987325081893
375 0.5493333333333333 1.202804110237974
376 0.5478723404255319 1.2020701376513454
377 0.5490716180371353 1.2026726143671065
378 0.5476190476190477 1.2019429098482248
379 0.5488126649076517 1.2025425130286074
380 0.5473684210526316 1.2018170273820923
381 0.5459317585301837 1.2010955487933364
382 0.5471204188481675 1.201692468994461
383 0.5483028720626631 1.2022864060060818
384 0.5494791666666666 1.2028773855089825
385 0.548051948051948 1.2021603575018878
386 0.5466321243523317 1.2014472416401278
387 0.5452196382428941 1.2007380001601924
388 0.5438144329896907 1.2000325958388012
389 0.5424164524421594 1.1993309919824595
390 0.5435897435897435 1.1999198195352403
391 0.5447570332480819 1.2005057556410499
392 0.5459183673469388 1.2010888247782447
393 0.5470737913486005 1.2016690511251034
394 0.5456852791878173 1.2009717886246158
395 0.5443037974683544 1.2002782336135573
396 0.5429292929292929 1.1995883512396863
397 0.5415617128463476 1.1989021071360255
398 0.542713567839196 1.199480090934665
399 0.5413533834586466 1.1987975825229107
400 0.54 1.1981186401045871
