# parameters:
#  num_nodes=4, total_iters=1026, ntest=20, copies=21
#  phase_average=1.937390212030614, failure_threshold=0.1
# columns:
#  iteration   running_frequency   running_estimation
1 1.0 1.5707963267948966
2 0.5 1.9634954084936207
3 0.6666666666666666 1.8785361811300902
4 0.5 1.9634954084936207
5 0.6 1.913155928296038
6 0.5 1.9634954084936207
7 0.42857142857142855 1.9993323007199622
8 0.5 1.9634954084936207
9 0.5555555555555556 1.9356601549083798
10 0.5 1.9634954084936207
11 0.45454545454545453 1.9862541030029746
12 0.4166666666666667 2.005357428298543
13 0.38461538461538464 2.021712453058141
14 0.42857142857142855 1.9993323007199622
15 0.4 2.0138348886912034
16 0.4375 1.994827366285637
17 0.47058823529411764 1.978209784980391
18 0.5 1.9634954084936207
19 0.5263157894736842 1.9503314314282283
20 0.5 1.9634954084936207
21 0.5238095238095238 1.9515861428375199
22 0.5 1.9634954084936207
23 0.4782608695652174 1.9743684011911498
24 0.5 1.9634954084936207
25 0.52 1.9534927399051234
26 0.5384615384615384 1.9442456233294148
27 0.5185185185185185 1.9542340310405977
28 0.5357142857142857 1.9456230460222406
29 0.5517241379310345 1.9375869886149382
30 0.5333333333333333 1.9468163713910644
31 0.5483870967741935 1.9392639369836184
32 0.5625 1.9321634507016043
33 0.5454545454545454 1.940736713984267
34 0.5588235294117647 1.9340153704873084
35 0.5428571428571428 1.9420405108671468
36 0.5277777777777778 1.9495993651733914
37 0.5135135135135135 1.956737828876051
38 0.5263157894736842 1.9503314314282283
39 0.5128205128205128 1.9570844494585913
40 0.525 1.9509901942921781
41 0.5121951219512195 1.9573972427992068
42 0.5 1.9634954084936207
43 0.5116279069767442 1.957680930814793
44 0.5 1.9634954084936207
45 0.4888888888888889 1.9690514213981876
46 0.4782608695652174 1.9743684011911498
47 0.46808510638297873 1.9794637109661062
48 0.4791666666666667 1.9739150915992651
49 0.4897959183673469 1.9685978035371643
50 0.48 1.973498077082118
51 0.49019607843137253 1.9683976834397356
52 0.4807692307692308 1.9731131653454528
53 0.4716981132075472 1.9776539193792422
54 0.46296296296296297 1.9820309040520614
55 0.45454545454545453 1.9862541030029746
56 0.4642857142857143 1.9813677709650008
57 0.47368421052631576 1.976659385559013
58 0.46551724137931033 1.9807504845031367
59 0.4745762711864407 1.976212756961132
60 0.48333333333333334 1.9718302858089463
61 0.4918032786885246 1.9675939527405244
62 0.5 1.9634954084936207
63 0.5079365079365079 1.9595269878711319
64 0.515625 1.9556816363687468
65 0.5076923076923077 1.9596491029092595
66 0.5151515151515151 1.955918491002074
67 0.5074626865671642 1.959763926659605
68 0.5 1.9634954084936207
69 0.4927536231884058 1.9671187237471006
70 0.5 1.9634954084936207
71 0.49295774647887325 1.967016651680856
72 0.5 1.9634954084936207
73 0.4931506849315068 1.9669201731444856
74 0.4864864864864865 1.9702529881111903
75 0.48 1.973498077082118
76 0.4868421052631579 1.9700751154417324
77 0.4935064935064935 1.9667422530148917
78 0.48717948717948717 1.9699063675286501
79 0.4810126582278481 1.9729913626284428
80 0.4875 1.969746059718461
81 0.48148148148148145 1.9727567859466437
82 0.47560975609756095 1.9756953720862862
83 0.4819277108433735 1.9725335217454
84 0.4880952380952381 1.969448351983788
85 0.4823529411764706 1.9723207708076298
86 0.4883720930232558 1.9693098861724483
87 0.4942528735632184 1.9663690349906058
88 0.48863636363636365 1.9691777159264081
89 0.4943820224719101 1.9663044563652774
90 0.4888888888888889 1.9690514213981876
91 0.4945054945054945 1.9662427165361689
92 0.5 1.9634954084936207
93 0.4946236559139785 1.9661836323405377
94 0.5 1.9634954084936207
95 0.5052631578947369 1.9608637809458798
96 0.5104166666666666 1.9582866983264586
97 0.5051546391752577 1.9609180432503632
98 0.5 1.9634954084936207
99 0.494949494949495 1.9660207039629347
100 0.49 1.9684957418869684
101 0.48514851485148514 1.9709222434155338
102 0.49019607843137253 1.9683976834397356
103 0.49514563106796117 1.96592263109216
104 0.49038461538461536 1.968303397182759
105 0.49523809523809526 1.9658763968692756
106 0.49056603773584906 1.9682126695436355
107 0.48598130841121495 1.9705056729481312
108 0.48148148148148145 1.9727567859466437
109 0.48623853211009177 1.9703770114412484
110 0.4818181818181818 1.9725883222837737
111 0.4864864864864865 1.9702529881111903
112 0.48214285714285715 1.9724258790931404
113 0.48672566371681414 1.970133356564045
114 0.49122807017543857 1.9678815984275746
115 0.48695652173913045 1.970017887556435
116 0.4827586206896552 1.9721178074840404
117 0.48717948717948717 1.9699063675286501
118 0.4915254237288136 1.9677328995324026
119 0.4957983193277311 1.9655962735561998
120 0.5 1.9634954084936207
121 0.49586776859504134 1.96556154771657
122 0.5 1.9634954084936207
123 0.5040650406504065 1.9614628657767548
124 0.5080645161290323 1.9594629755795478
125 0.504 1.961495387159673
126 0.5 1.9634954084936207
127 0.5039370078740157 1.9615268842147973
128 0.5078125 1.9595889995304365
129 0.5038759689922481 1.9615574045872357
130 0.5076923076923077 1.9596491029092595
131 0.5114503816793893 1.9577697171112063
132 0.5151515151515151 1.955918491002074
133 0.518796992481203 1.9540946970160054
134 0.5149253731343284 1.956031613189463
135 0.5111111111111111 1.957939395589054
136 0.5073529411764706 1.9598188053784094
137 0.5109489051094891 1.9580205183315842
138 0.5144927536231884 1.9562480166126668
139 0.5179856115107914 1.9545006622662828
140 0.5142857142857142 1.9563515791762975
141 0.5177304964539007 1.9546283012328072
142 0.5140845070422535 1.9564522233095567
143 0.5104895104895105 1.958250268452964
144 0.5138888888888888 1.956550070677672
145 0.5172413793103449 1.954873009503201
146 0.5205479452054794 1.9532185417863763
147 0.5170068027210885 1.9549903666454282
148 0.5202702702702703 1.9533574950609152
149 0.5167785234899329 1.9551045714600561
150 0.5133333333333333 1.9568279514505507
151 0.5165562913907285 1.9552157492987032
152 0.5197368421052632 1.9536244228598802
153 0.5228758169934641 1.9520535059056172
154 0.5194805194805194 1.9537526828436378
155 0.5161290322580645 1.955429493076559
156 0.5192307692307693 1.9538776516417886
157 0.5159235668789809 1.9555322785797202
158 0.5126582278481012 1.957165618295465
159 0.5157232704402516 1.955632476987797
160 0.51875 1.9541182098363734
161 0.5217391304347826 1.9526224157960916
162 0.5246913580246914 1.9511447061629674
163 0.5214723926380368 1.9527559093862923
164 0.524390243902439 1.9512954449009552
165 0.5272727272727272 1.949852273954951
166 0.5240963855421686 1.9514425471001688
167 0.5209580838323353 1.9530132955969686
168 0.5238095238095238 1.9515861428375199
169 0.5266272189349113 1.9501754980039738
170 0.5235294117647059 1.9517263560570413
171 0.52046783625731 1.9532586299947807
172 0.5232558139534884 1.9518633049272487
173 0.5202312138728323 1.9533770392961087
174 0.5229885057471264 1.9519971021737925
175 0.52 1.9534927399051234
176 0.5170454545454546 1.9549710295187457
177 0.519774011299435 1.9536058237395062
178 0.5224719101123596 1.9522556673227018
179 0.5251396648044693 1.95092027394502
180 0.5222222222222223 1.952380636148178
181 0.5248618784530387 1.95105934107598
182 0.521978021978022 1.952502855717708
183 0.5191256830601093 1.953930233421068
184 0.5163043478260869 1.955341789151021
185 0.518918918918919 1.9540336903908977
186 0.5161290322580645 1.955429493076559
187 0.5133689839572193 1.9568101197803573
188 0.5106382978723404 1.9581758581516255
189 0.5079365079365079 1.9595269878711319
190 0.5105263157894737 1.9582318617377288
191 0.5078534031413613 1.9595685454496705
192 0.5052083333333334 1.9608911947296264
193 0.5077720207253886 1.9596092416260695
194 0.5103092783505154 1.9583404040209145
195 0.5076923076923077 1.9596491029092595
196 0.5102040816326531 1.958393013450077
197 0.5076142131979695 1.959688154731454
198 0.5050505050505051 1.9609701130243067
199 0.5025125628140703 1.9622391217992794
200 0.505 1.9609953668250788
201 0.5024875621890548 1.962251622268053
202 0.504950495049505 1.961020120525828
203 0.5073891625615764 1.9598006927175367
204 0.5049019607843137 1.961044388836335
205 0.5073170731707317 1.9598367413113764
206 0.5097087378640777 1.958640734462594
207 0.5072463768115942 1.9598720932401408
208 0.5048076923076923 1.9610915252967185
209 0.5023923444976076 1.962299231680725
210 0.5047619047619047 1.961114420117966
211 0.5071090047393365 1.9599407863548854
212 0.5094339622641509 1.958778147443606
213 0.5117370892018779 1.9576263247947403
214 0.514018691588785 1.9564851440391102
215 0.5162790697674419 1.9553544348949887
216 0.5138888888888888 1.956550070677672
217 0.5161290322580645 1.955429493076559
218 0.518348623853211 1.954319036162199
219 0.5159817351598174 1.9555031796248987
220 0.5181818181818182 1.9544024947034677
221 0.5158371040723982 1.9555755318042034
222 0.5135135135135135 1.956737828876051
223 0.5112107623318386 1.9578895575607622
224 0.5089285714285714 1.9590308854852003
225 0.5111111111111111 1.957939395589054
226 0.5088495575221239 1.9590703986832663
227 0.5066079295154186 1.9601913475505266
228 0.5087719298245614 1.9591092185596668
229 0.5065502183406113 1.9602202056362534
230 0.5043478260869565 1.9613214680527005
231 0.5064935064935064 1.9602485639723497
232 0.5043103448275862 1.961340209384865
233 0.5064377682403434 1.9602764354293458
234 0.5085470085470085 1.9592216960692261
235 0.5106382978723404 1.9581758581516255
236 0.5127118644067796 1.9571387913812646
237 0.5147679324894515 1.9561103682387484
238 0.5126050420168067 1.9571922197014249
239 0.5146443514644351 1.9561721854957117
240 0.5125 1.9572447572687803
241 0.5103734439834025 1.9583083143401332
242 0.512396694214876 1.957296426177284
243 0.51440329218107 1.9562927660201501
244 0.5122950819672131 1.9573472477961242
245 0.5142857142857142 1.9563515791762975
246 0.516260162601626 1.9553638934866096
247 0.5182186234817814 1.9543840798496697
248 0.5161290322580645 1.955429493076559
249 0.5140562248995983 1.9564663699833766
250 0.512 1.9574948323442702
251 0.5099601593625498 1.9585149993883963
252 0.5079365079365079 1.9595269878711319
253 0.5059288537549407 1.9605309121427688
254 0.5078740157480315 1.9595582378714573
255 0.5058823529411764 1.9605541641715982
256 0.5078125 1.9595889995304365
257 0.5097276264591439 1.9586312883806578
258 0.5077519379844961 1.9596192842066866
259 0.5057915057915058 1.9605995908419516
260 0.5076923076923077 1.9596491029092595
261 0.5095785440613027 1.9587058434755438
262 0.5114503816793893 1.9577697171112063
263 0.5095057034220533 1.958742270429308
264 0.5113636363636364 1.9578131010608333
265 0.5094339622641509 1.958778147443606
266 0.5075187969924813 1.9597358682979775
267 0.5056179775280899 1.960686360621964
268 0.503731343283582 1.9616297195343275
269 0.5018587360594795 1.9625660383232855
270 0.5 1.9634954084936207
271 0.5018450184501845 1.9625728971749774
272 0.5 1.9634954084936207
273 0.4981684981684982 1.9644111614572466
274 0.5 1.9634954084936207
275 0.5018181818181818 1.9625863155810117
276 0.5 1.9634954084936207
277 0.4981949458483754 1.964397937529866
278 0.49640287769784175 1.965293985159796
279 0.4982078853046595 1.9643914677598655
280 0.49642857142857144 1.965281137964329
281 0.49466192170818507 1.966164498345118
282 0.4929078014184397 1.9670416267059974
283 0.4911660777385159 1.9679125994510602
284 0.4894366197183099 1.968777491618343
285 0.48771929824561405 1.969636376912418
286 0.486013986013986 1.9704893277360087
287 0.4843205574912892 1.9713364152206552
288 0.4861111111111111 1.9704407463095694
289 0.4844290657439446 1.9712821345828897
290 0.4827586206896552 1.9721178074840404
291 0.48109965635738833 1.9729478323090173
292 0.4828767123287671 1.972058726768937
293 0.4812286689419795 1.9728832801955496
294 0.48299319727891155 1.9720004503418131
295 0.48135593220338985 1.9728196039785095
296 0.4831081081081081 1.9719429618869837
297 0.48484848484848486 1.9710723259851675
298 0.4865771812080537 1.970207624290135
299 0.4882943143812709 1.9693487860845778
300 0.49 1.9684957418869684
301 0.49169435215946844 1.9676484234226164
302 0.4900662251655629 1.9684626227234698
303 0.49174917491749176 1.9676210082858587
304 0.4901315789473684 1.9684299394239142
305 0.4918032786885246 1.9675939527405244
306 0.49019607843137253 1.9683976834397356
307 0.49185667752442996 1.9675672497575123
308 0.4902597402597403 1.9683658464444809
309 0.4919093851132686 1.9675408924897453
310 0.49032258064516127 1.968334420326641
311 0.4887459807073955 1.9691228933665195
312 0.48717948717948717 1.9699063675286501
313 0.48881789137380194 1.9690869289802722
314 0.4872611464968153 1.9698655245267782
315 0.4857142857142857 1.9706392378109439
316 0.48417721518987344 1.9714081219609791
317 0.48580441640378547 1.9705941541768544
318 0.48742138364779874 1.9697853802616192
319 0.4890282131661442 1.9689817422675957
320 0.490625 1.9681831831952847
321 0.49221183800623053 1.9673896469725682
322 0.4937888198757764 1.9666010784344856
323 0.4953560371517028 1.9658174233035715
324 0.49382716049382713 1.9665819066552694
325 0.49538461538461537 1.9658031335745314
326 0.4938650306748466 1.966562970130428
327 0.4923547400611621 1.96731818743386
328 0.49390243902439024 1.9665442645560969
329 0.49240121580547114 1.967294946861208
330 0.4909090909090909 1.9680411135146048
331 0.49244712990936557 1.9672719871736435
332 0.49096385542168675 1.9680137267584155
333 0.4924924924924925 1.9672493033094063
334 0.4940119760479042 1.9664894920440106
335 0.4955223880597015 1.9657342443887436
336 0.49404761904761907 1.9664716692735786
337 0.49554896142433236 1.9657209571767824
338 0.4940828402366864 1.966454057438367
339 0.49262536873156343 1.96718285783116
340 0.49117647058823527 1.9679074022159257
341 0.4897360703812317 1.968627733800381
342 0.48830409356725146 1.9693438951521822
343 0.4897959183673469 1.9685978035371643
344 0.4883720930232558 1.9693098861724483
345 0.48985507246376814 1.9685682203633696
346 0.4884393063583815 1.969276270465874
347 0.48703170028818443 1.9699802855587274
348 0.4885057471264368 1.969243041249476
349 0.4871060171919771 1.9699431146737019
350 0.48857142857142855 1.9692101918953795
351 0.48717948717948717 1.9699063675286501
352 0.48579545454545453 1.9705986369141992
353 0.48725212464589235 1.9698700369180424
354 0.4858757062146893 1.970558494968886
355 0.48732394366197185 1.969834115798815
356 0.4887640449438202 1.9691138589632216
357 0.48739495798319327 1.9697985972858167
358 0.4888268156424581 1.96908246573053
359 0.48746518105849584 1.969763474647407
360 0.4861111111111111 1.9704407463095694
361 0.48476454293628807 1.9711143163320655
362 0.48342541436464087 1.971784219835183
363 0.4820936639118457 1.972450491453622
364 0.4835164835164835 1.9717386603578266
365 0.4821917808219178 1.9724014016807914
366 0.48360655737704916 1.9716935990676492
367 0.48501362397820164 1.9709897188957104
368 0.483695652173913 1.9716490278362204
369 0.4823848238482385 1.9723048195515613
370 0.4810810810810811 1.9729571265963437
371 0.4797843665768194 1.973605981086278
372 0.478494623655914 1.9742514147060661
373 0.4772117962466488 1.9748934587171156
374 0.4786096256684492 1.97419386072432
375 0.47733333333333333 1.9748326272978542
376 0.47606382978723405 1.9754680696525624
377 0.47745358090185674 1.9747724419658526
378 0.47883597883597884 1.9740805815257818
379 0.48021108179419525 1.973392452540944
380 0.48157894736842105 1.9727080197202023
381 0.48293963254593175 1.9720272482632901
382 0.48429319371727747 1.9713501038516361
383 0.4830287206266319 1.9719826784060472
384 0.484375 1.9713091806184946
385 0.4831168831168831 1.9719385718779276
386 0.48186528497409326 1.9725647551594523
387 0.4806201550387597 1.9731877588329259
388 0.4793814432989691 1.9738076109027354
389 0.480719794344473 1.9731379019079864
390 0.48205128205128206 1.9724716960184279
391 0.48081841432225064 1.973088555406137
392 0.48214285714285715 1.9724258790931404
393 0.48346055979643765 1.9717666374767686
394 0.48223350253807107 1.9723805276098274
395 0.4810126582278481 1.9729913626284428
396 0.4823232323232323 1.972335634510407
397 0.4836272040302267 1.9716832701948954
398 0.4849246231155779 1.9710342394484401
399 0.48621553884711777 1.970388512436917
400 0.4875 1.969746059718461
