# parameters:
#  num_nodes=4, total_iters=575, ntest=20, copies=21
#  phase_average=1.3660430722012018, failure_threshold=0.15
# columns:
#  iteration   running_frequency   running_estimation
1 0.0 0.7853981633974483
2 0.5 1.1780972450961724
3 0.6666666666666666 1.2630564724597029
4 0.5 1.1780972450961724
5 0.4 1.1277577648985897
6 0.5 1.1780972450961724
7 0.5714285714285714 1.2139341373225137
8 0.625 1.2412673088816921
9 0.6666666666666666 1.2630564724597029
10 0.7 1.2809764566130444
11 0.6363636363636364 1.2471539027870704
12 0.6666666666666666 1.2630564724597029
13 0.6923076923076923 1.2767950250211126
14 0.7142857142857143 1.2888250061145823
15 0.6666666666666666 1.2630564724597029
16 0.6875 1.2741964387200821
17 0.7058823529411765 1.284194672244469
18 0.7222222222222222 1.2932357430165031
19 0.6842105263157895 1.2724247531861097
20 0.7 1.2809764566130444
21 0.7142857142857143 1.2888250061145823
22 0.6818181818181818 1.271139378586254
23 0.6521739130434783 1.2554106703780525
24 0.625 1.2412673088816921
25 0.6 1.2284367252937551
26 0.5769230769230769 1.2167121447172184
27 0.5555555555555556 1.2059324986814133
28 0.5714285714285714 1.2139341373225137
29 0.5517241379310345 1.204005664974855
30 0.5333333333333333 1.1947762821987287
31 0.5161290322580645 1.1861631605132341
32 0.53125 1.1937324355452952
33 0.5454545454545454 1.200855939605526
34 0.5294117647058824 1.1928116215829427
35 0.5428571428571428 1.1995521427226463
36 0.5277777777777778 1.1919932884164017
37 0.5135135135135135 1.184854824713742
38 0.5263157894736842 1.1912612221615648
39 0.5128205128205128 1.1845082041312018
40 0.525 1.190602459297615
41 0.5121951219512195 1.1841954107905863
42 0.5238095238095238 1.1900065107522733
43 0.5116279069767442 1.183911722775
44 0.5227272727272727 1.1894647982004216
45 0.5333333333333333 1.1947762821987287
46 0.5434782608695652 1.1998638656830214
47 0.5531914893617021 1.2047434125004903
48 0.5625 1.2094292028881888
49 0.5714285714285714 1.2139341373225137
50 0.56 1.2081697156948694
51 0.5686274509803921 1.2125196331722297
52 0.5576923076923077 1.2070077932252459
53 0.5471698113207547 1.2017172757510268
54 0.5555555555555556 1.2059324986814133
55 0.5454545454545454 1.200855939605526
56 0.5357142857142857 1.1959696075675526
57 0.543859649122807 1.2000552913007483
58 0.5344827586206896 1.1953523211056885
59 0.5254237288135594 1.1908145935636838
60 0.5166666666666667 1.186432122411498
61 0.5081967213114754 1.1821957893430761
62 0.5161290322580645 1.1861631605132341
63 0.5079365079365079 1.1820656657186612
64 0.5 1.1780972450961724
65 0.5076923076923077 1.1819435506805336
66 0.5151515151515151 1.1856741625877192
67 0.5074626865671642 1.1818287269301881
68 0.5 1.1780972450961724
69 0.5072463768115942 1.1817205603496523
70 0.5 1.1780972450961724
71 0.49295774647887325 1.174576001908937
72 0.5 1.1780972450961724
73 0.4931506849315068 1.1746724804453075
74 0.4864864864864865 1.1713396654786028
75 0.49333333333333335 1.1747638129895048
76 0.4868421052631579 1.1715175381480607
77 0.4935064935064935 1.1748504005749014
78 0.5 1.1780972450961724
79 0.5063291139240507 1.1812618865741717
80 0.5 1.1780972450961724
81 0.5061728395061729 1.181183743257821
82 0.5121951219512195 1.1841954107905863
83 0.5060240963855421 1.1811093661646623
84 0.5119047619047619 1.1840501885863395
85 0.5176470588235295 1.1869226074101815
86 0.5116279069767442 1.183911722775
87 0.5172413793103449 1.1867196440865921
88 0.5227272727272727 1.1894647982004216
89 0.5280898876404494 1.1921495874609105
90 0.5333333333333333 1.1947762821987287
91 0.5274725274725275 1.1918404297752003
92 0.532608695652174 1.1944131730026457
93 0.5268817204301075 1.1915445888995326
94 0.5212765957446809 1.1887387561798683
95 0.5263157894736842 1.1912612221615648
96 0.53125 1.1937324355452952
97 0.5360824742268041 1.1961541781525817
98 0.5408163265306123 1.1985281428955492
99 0.5454545454545454 1.200855939605526
100 0.54 1.1981186401045871
101 0.5346534653465347 1.1954378791899716
102 0.5294117647058824 1.1928116215829427
103 0.5339805825242718 1.1951006425163246
104 0.5384615384615384 1.1973470302603784
105 0.5428571428571428 1.1995521427226463
106 0.5377358490566038 1.1969831275703218
107 0.5420560747663551 1.1991501568010035
108 0.5462962962962963 1.2012785978520866
109 0.5412844036697247 1.1987629742559895
110 0.5363636363636364 1.196295129597025
111 0.5315315315315315 1.1938734795513262
112 0.5357142857142857 1.1959696075675526
113 0.5398230088495575 1.1980298612402016
114 0.5350877192982456 1.1956555361415042
115 0.5391304347826087 1.197682489790412
116 0.5431034482758621 1.199675752971932
117 0.5384615384615384 1.1973470302603784
118 0.5423728813559322 1.1993091277038959
119 0.5378151260504201 1.1970228796811573
120 0.5416666666666666 1.198954766748826
121 0.5371900826446281 1.1967094751413612
122 0.5327868852459017 1.1945024589238291
123 0.5365853658536586 1.1964062905120785
124 0.5403225806451613 1.198280453261035
125 0.536 1.1961128334882232
126 0.5317460317460317 1.1939809450237737
127 0.5354330708661418 1.1958286429111817
128 0.5390625 1.197648418079861
129 0.5426356589147286 1.199440993810798
130 0.5384615384615384 1.1973470302603784
131 0.5419847328244275 1.1991143591892885
132 0.5454545454545454 1.200855939605526
133 0.5488721804511278 1.2025724138038456
134 0.5522388059701493 1.2042644010527594
135 0.5555555555555556 1.2059324986814133
136 0.5588235294117647 1.2075772831024847
137 0.5547445255474452 1.2055244941218666
138 0.5579710144927537 1.2071480882206467
139 0.5539568345323741 1.2051283009093812
140 0.5571428571428572 1.2067312384042475
141 0.5531914893617021 1.2047434125004903
142 0.5492957746478874 1.2027852388834877
143 0.5454545454545454 1.200855939605526
144 0.5486111111111112 1.2024412544414518
145 0.5448275862068965 1.2005411745322472
146 0.547945205479452 1.2021067385823718
147 0.5510204081632653 1.203651928005151
148 0.5540540540540541 1.2051771967249518
149 0.5570469798657718 1.206682984131917
150 0.5533333333333333 1.2048147403388687
151 0.5562913907284768 1.2063027393984105
152 0.5526315789473685 1.2044618764460018
153 0.5490196078431373 1.2026464832508823
154 0.5454545454545454 1.200855939605526
155 0.5419354838709678 1.1990896475416406
156 0.5384615384615384 1.1973470302603784
157 0.5414012738853503 1.1988216101522244
158 0.5379746835443038 1.197102888548657
159 0.5345911949685535 1.1954066690875953
160 0.53125 1.1937324355452952
161 0.5341614906832298 1.195191307335111
162 0.5308641975308642 1.1935391611023785
163 0.5337423312883436 1.194981242775473
164 0.5365853658536586 1.1964062905120785
165 0.5393939393939394 1.1978146501832865
166 0.536144578313253 1.196185311509438
167 0.5329341317365269 1.1945762416850179
168 0.5357142857142857 1.1959696075675526
169 0.5384615384615384 1.1973470302603784
170 0.5411764705882353 1.1987088232933512
171 0.543859649122807 1.2000552913007483
172 0.5406976744186046 1.1984686187547695
173 0.5375722543352601 1.1969010972688854
174 0.5344827586206896 1.1953523211056885
175 0.5371428571428571 1.1966857968840996
176 0.5340909090909091 1.195155934051467
177 0.536723163841808 1.1964753753923842
178 0.5337078651685393 1.1949639703801451
179 0.5307262569832403 1.1934700596396193
180 0.5277777777777778 1.1919932884164017
181 0.5303867403314917 1.1932999834131235
182 0.5274725274725275 1.1918404297752003
183 0.5245901639344263 1.1903972888277403
184 0.5217391304347826 1.1889702377937015
185 0.518918918918919 1.1875589631988954
186 0.5161290322580645 1.1861631605132341
187 0.5187165775401069 1.1874577207819588
188 0.5212765957446809 1.1887387561798683
189 0.5238095238095238 1.1900065107522733
190 0.5263157894736842 1.1912612221615648
191 0.5287958115183246 1.192503121908744
192 0.5260416666666666 1.1911239725057579
193 0.5284974093264249 1.1923536753287534
194 0.5257731958762887 1.1909895565490318
195 0.5282051282051282 1.1922072992640156
196 0.5306122448979592 1.1934129460531862
197 0.5329949238578681 1.1946067040222184
198 0.5303030303030303 1.1932580511040514
199 0.5276381909547738 1.1919233875918875
200 0.525 1.190602459297615
201 0.527363184079602 1.1917856756951153
202 0.5297029702970297 1.1929574794575992
203 0.5320197044334976 1.1941180604135104
204 0.5294117647058824 1.1928116215829427
205 0.526829268292683 1.1915183249193577
206 0.529126213592233 1.1926686007695213
207 0.5265700483091788 1.1913885297393938
208 0.5288461538461539 1.1925283349939706
209 0.5311004784688995 1.1936575290350693
210 0.5285714285714286 1.192390745366338
211 0.5260663507109005 1.1911363313178853
212 0.5283018867924528 1.192255755981794
213 0.5305164319248826 1.193364949808498
214 0.5327102803738317 1.1944640740660744
215 0.5302325581395348 1.193222750281963
216 0.5277777777777778 1.1919932884164017
217 0.5299539170506913 1.1930831767098864
218 0.5275229357798165 1.191865672130527
219 0.5251141552511416 1.1906596087317851
220 0.5272727272727272 1.191740379634842
221 0.5294117647058824 1.1928116215829427
222 0.527027027027027 1.1916173479997163
223 0.5291479820627802 1.192679503532787
224 0.5267857142857143 1.1914965165485039
225 0.5244444444444445 1.1903243413324942
226 0.5221238938053098 1.1891628048190344
227 0.5242290748898678 1.1902165287686444
228 0.5263157894736842 1.1912612221615648
229 0.5283842794759825 1.1922970186720925
230 0.5260869565217391 1.1911466482637378
231 0.5238095238095238 1.1900065107522733
232 0.5258620689655172 1.1910340524507954
233 0.5278969957081545 1.1920529899814318
234 0.5299145299145299 1.193063447753494
235 0.5276595744680851 1.1919340957329851
236 0.5296610169491526 1.1929364657239045
237 0.5274261603375527 1.1918172111924543
238 0.5252100840336135 1.190707633974308
239 0.5271966527196653 1.191702285805751
240 0.525 1.190602459297615
241 0.5228215767634855 1.189511999207932
242 0.5247933884297521 1.1904990252058811
243 0.5267489711934157 1.191478118619546
244 0.5286885245901639 1.1924493895932522
245 0.5306122448979592 1.1934129460531862
246 0.5284552845528455 1.1923325786995558
247 0.5303643724696356 1.193288778786637
248 0.532258064516129 1.1942374874255417
249 0.5341365461847389 1.1951788058945363
250 0.536 1.1961128334882232
251 0.5378486055776892 1.1970396675691035
252 0.5357142857142857 1.1959696075675526
253 0.5375494071146245 1.196889641288272
254 0.5354330708661418 1.1958286429111817
255 0.5372549019607843 1.1967419749825516
256 0.53515625 1.195689886342849
257 0.5369649805447471 1.1965966133506805
258 0.5348837209302325 1.1955532863420129
259 0.5328185328185329 1.194518316873818
260 0.5307692307692308 1.193491587276657
261 0.5287356321839081 1.1924729823211622
262 0.5267175572519084 1.1914623891500205
263 0.5285171102661597 1.192363541848002
264 0.5265151515151515 1.1913610425851133
265 0.5283018867924528 1.192255755981794
266 0.5263157894736842 1.1912612221615648
267 0.5243445692883895 1.1902743442131611
268 0.5261194029850746 1.1911628936489445
269 0.5278810408921933 1.1920450001348055
270 0.5296296296296297 1.1929207444066041
271 0.5313653136531366 1.193790205732351
272 0.5330882352941176 1.1946534619476727
273 0.5311355311355311 1.1936750894098673
274 0.5328467153284672 1.1945324386076055
275 0.5345454545454545 1.1953837440209174
276 0.532608695652174 1.1944131730026457
277 0.5342960288808665 1.195258734616365
278 0.5359712230215827 1.196098407588456
279 0.5340501792114696 1.1951355216671316
280 0.5321428571428571 1.194179763910877
281 0.5302491103202847 1.1932310415510967
282 0.5319148936170213 1.194065547568658
283 0.5300353356890459 1.1931239594779357
284 0.528169014084507 1.1921892134420633
285 0.5298245614035088 1.1930183830134513
286 0.527972027972028 1.192090564801277
287 0.5296167247386759 1.192914280606764
288 0.5277777777777778 1.1919932884164017
289 0.5259515570934256 1.1910788566971307
290 0.5241379310344828 1.1901709034424428
291 0.5223367697594502 1.1892693481538075
292 0.523972602739726 1.1900881434600987
293 0.5221843003412969 1.1891930377785422
294 0.5238095238095238 1.1900065107522733
295 0.5254237288135594 1.1908145935636838
296 0.5236486486486487 1.1899259824342805
297 0.5218855218855218 1.189043503268675
298 0.5234899328859061 1.1898465362369381
299 0.5250836120401338 1.1906443178490231
300 0.5266666666666666 1.1914369075217497
301 0.5249169435215947 1.1905608792234932
302 0.5231788079470199 1.189690804082435
303 0.5247524752475248 1.1904785434600957
304 0.5230263157894737 1.189614476483422
305 0.521311475409836 1.1887562118496904
306 0.5228758169934641 1.189539147684176
307 0.5211726384364821 1.1886867306311468
308 0.5194805194805194 1.1878399707461553
309 0.517799352750809 1.1869988022565972
310 0.5193548387096775 1.1877770829194336
311 0.5209003215434084 1.1885504515133438
312 0.5224358974358975 1.1893189617445554
313 0.5239616613418531 1.1900826664653155
314 0.5222929936305732 1.1892474382582476
315 0.5206349206349207 1.1884176364433694
316 0.5189873417721519 1.1875931992309945
317 0.5205047318611987 1.1883524869011204
318 0.5188679245283019 1.187533447781031
319 0.5203761755485894 1.1882881549648294
320 0.51875 1.1874744437534197
321 0.5171339563862928 1.1866659008618674
322 0.5186335403726708 1.1874161732079955
323 0.5201238390092879 1.1881618830925367
324 0.5216049382716049 1.1889030785959807
325 0.5230769230769231 1.189639807061659
326 0.5245398773006135 1.1903721151108
327 0.5259938837920489 1.1911000486572003
328 0.5274390243902439 1.1918236529215167
329 0.5288753799392097 1.1925429724451957
330 0.5272727272727272 1.191740379634842
331 0.5287009063444109 1.1924555906906
332 0.5301204819277109 1.193166609837166
333 0.5315315315315315 1.1938734795513262
334 0.5299401197604791 1.1930762656576492
335 0.5283582089552239 1.1922839623760224
336 0.5267857142857143 1.1914965165485039
337 0.5281899109792285 1.1921996785229105
338 0.5295857988165681 1.1928987904758992
339 0.528023598820059 1.1921163907458487
340 0.5294117647058824 1.1928116215829427
341 0.5278592375366569 1.19203408148183
342 0.5292397660818714 1.1927254739688729
343 0.5276967930029155 1.1919527335785454
344 0.5261627906976745 1.191184617215468
345 0.527536231884058 1.1918723302824417
346 0.5289017341040463 1.1925561715766686
347 0.5302593659942363 1.193236178801141
348 0.5316091954022989 1.1939123891256083
349 0.5300859598853869 1.193149317446684
350 0.5314285714285715 1.1938218971625991
351 0.5327635327635327 1.19449075751594
352 0.5340909090909091 1.195155934051467
353 0.5325779036827195 1.1943977442022735
354 0.5338983050847458 1.1950594086935264
355 0.5352112676056338 1.195717463505776
356 0.5365168539325843 1.1963719426522161
357 0.5350140056022409 1.1956185883963955
358 0.5335195530726257 1.1948696008373352
359 0.5348189415041783 1.1955208176590104
360 0.5361111111111111 1.1961685340544714
361 0.5346260387811634 1.1954241328788662
362 0.5359116022099447 1.1960685198655798
363 0.5371900826446281 1.1967094751413612
364 0.5384615384615384 1.1973470302603784
365 0.5397260273972603 1.1979812163560992
366 0.5382513661202186 1.1972416335082423
367 0.5395095367847411 1.1978726296436688
368 0.5380434782608695 1.1971373857268581
369 0.5392953929539296 1.197765223700919
370 0.5405405405405406 1.198389791267998
371 0.5390835579514824 1.1976589793528112
372 0.5403225806451613 1.198280453261035
373 0.5415549597855228 1.1988987188816531
374 0.5427807486631016 1.1995138047845715
375 0.544 1.2001257391711022
376 0.5452127659574468 1.200734549880277
377 0.5437665782493368 1.2000085761706487
378 0.5423280423280423 1.1992866273330574
379 0.5435356200527705 1.1998926544676438
380 0.5447368421052632 1.2004956193966672
381 0.5433070866141733 1.199777954414608
382 0.5418848167539267 1.199064224516599
383 0.5404699738903395 1.1983543915928756
384 0.5416666666666666 1.198954766748826
385 0.5428571428571428 1.1995521427226463
386 0.5414507772020726 1.1988464472038962
387 0.5400516795865633 1.1981445630921477
388 0.5412371134020618 1.198739248199287
389 0.5398457583547558 1.1980412722639733
390 0.541025641025641 1.1986331524172715
391 0.5421994884910486 1.1992221195503234
392 0.5408163265306123 1.1985281428955492
393 0.5419847328244275 1.1991143591892885
394 0.5406091370558376 1.1984242030181633
395 0.5417721518987342 1.1990076939272263
396 0.5404040404040404 1.1983213165066968
397 0.5390428211586902 1.1976385485087833
398 0.5402010050251256 1.1982194674117352
399 0.5413533834586466 1.1987975825229107
400 0.5425 1.1993729171921408
