# parameters:
#  num_nodes=4, total_iters=595, ntest=20, copies=21
#  phase_average=1.7876890629400788, failure_threshold=0.15
# columns:
#  iteration   running_frequency   running_estimation
1 1.0 1.5707963267948966
2 0.5 1.9634954084936207
3 0.3333333333333333 2.0484546358571514
4 0.5 1.9634954084936207
5 0.6 1.913155928296038
6 0.6666666666666666 1.8785361811300902
7 0.7142857142857143 1.8527676474752108
8 0.75 1.8325957145940461
9 0.6666666666666666 1.8785361811300902
10 0.6 1.913155928296038
11 0.5454545454545454 1.940736713984267
12 0.5833333333333334 1.9216333886886985
13 0.5384615384615384 1.9442456233294148
14 0.5714285714285714 1.9276585162672795
15 0.6 1.913155928296038
16 0.5625 1.9321634507016043
17 0.5882352941176471 1.9191455073835282
18 0.6111111111111112 1.907472135418278
19 0.631578947368421 1.896921904214075
20 0.65 1.8873222449897713
21 0.6190476190476191 1.9033943543013059
22 0.5909090909090909 1.9177866242453936
23 0.6086956521739131 1.9087101437442375
24 0.625 1.900325344708101
25 0.6 1.913155928296038
26 0.6153846153846154 1.9052783639291002
27 0.5925925925925926 1.9169303325994815
28 0.6071428571428571 1.9095052838223816
29 0.5862068965517241 1.9201754993892355
30 0.5666666666666667 1.9300625111411354
31 0.5806451612903226 1.9229959198508393
32 0.5625 1.9321634507016043
33 0.5757575757575758 1.9254701730719248
34 0.5882352941176471 1.9191455073835282
35 0.5714285714285714 1.9276585162672795
36 0.5833333333333334 1.9216333886886985
37 0.5945945945945946 1.9159113190135206
38 0.5789473684210527 1.9238558383341957
39 0.5897435897435898 1.9183791233946168
40 0.575 1.925853340299449
41 0.5853658536585366 1.9206023504730059
42 0.5952380952380952 1.9155836097497665
43 0.5813953488372093 1.9226158024472642
44 0.5681818181818182 1.9292979517625592
45 0.5777777777777777 1.9244479509785086
46 0.5652173913043478 1.930793534474194
47 0.574468085106383 1.926122319322214
48 0.5833333333333334 1.9216333886886985
49 0.5918367346938775 1.9173148578210624
50 0.6 1.913155928296038
51 0.5882352941176471 1.9191455073835282
52 0.5961538461538461 1.9151171103659244
53 0.5849056603773585 1.9208358569750414
54 0.5740740740740741 1.9263215349267302
55 0.5818181818181818 1.922401512485958
56 0.5892857142857143 1.918611820649571
57 0.5964912280701754 1.9149451992515636
58 0.603448275862069 1.9113949568456838
59 0.5932203389830508 1.9166108964442177
60 0.5833333333333334 1.9216333886886985
61 0.5901639344262295 1.9181654648932482
62 0.5967741935483871 1.9148009978100324
63 0.5873015873015873 1.91961972409969
64 0.578125 1.9242721907385054
65 0.5692307692307692 1.9287684532572118
66 0.5606060606060606 1.9331176793212006
67 0.5522388059701493 1.9373282525370337
68 0.5588235294117647 1.9340153704873084
69 0.5652173913043478 1.930793534474194
70 0.5714285714285714 1.9276585162672795
71 0.5633802816901409 1.9317197805954283
72 0.5694444444444444 1.9286605733041784
73 0.5753424657534246 1.9256801388071498
74 0.581081081081081 1.9227750523735345
75 0.5733333333333334 1.926695995999324
76 0.5789473684210527 1.9238558383341957
77 0.5844155844155844 1.9210844849271957
78 0.5897435897435898 1.9183791233946168
79 0.5949367088607594 1.9157371041767282
80 0.5875 1.9195189664526917
81 0.5802469135802469 1.9231976721393549
82 0.573170731707317 1.9267781836114564
83 0.5783132530120482 1.9241768908752341
84 0.5833333333333334 1.9216333886886985
85 0.5882352941176471 1.9191455073835282
86 0.5813953488372093 1.9226158024472642
87 0.5862068965517241 1.9201754993892355
88 0.5795454545454546 1.9235529669977833
89 0.5730337078651685 1.9268474397315405
90 0.5666666666666667 1.9300625111411354
91 0.5714285714285714 1.9276585162672795
92 0.5760869565217391 1.9253035505973335
93 0.5698924731182796 1.9284343521793306
94 0.574468085106383 1.926122319322214
95 0.5789473684210527 1.9238558383341957
96 0.5833333333333334 1.9216333886886985
97 0.5876288659793815 1.9194535220536213
98 0.5918367346938775 1.9173148578210624
99 0.5858585858585859 1.9203522915032873
100 0.58 1.9233227452556432
101 0.5841584158415841 1.921214936102438
102 0.5882352941176471 1.9191455073835282
103 0.5922330097087378 1.9171132759149578
104 0.5961538461538461 1.9151171103659244
105 0.5904761904761905 1.918006725484512
106 0.5849056603773585 1.9208358569750414
107 0.5887850467289719 1.9188662203357665
108 0.5833333333333334 1.9216333886886985
109 0.5779816513761468 1.9243447546695918
110 0.5727272727272728 1.9270023113575696
111 0.5675675675675675 1.929607946648639
112 0.5625 1.9321634507016043
113 0.5663716814159292 1.9302113266057088
114 0.5614035087719298 1.932715953872062
115 0.5565217391304348 1.9351740000190536
116 0.5517241379310345 1.9375869886149382
117 0.5470085470085471 1.9399563699776783
118 0.5508474576271186 1.9380276530552358
119 0.5462184873949579 1.9403531277561532
120 0.5416666666666666 1.942637886840967
121 0.5454545454545454 1.940736713984267
122 0.5409836065573771 1.9429805894410481
123 0.5365853658536586 1.9451863630777146
124 0.5403225806451613 1.9433122003287582
125 0.544 1.941466914418691
126 0.5396825396825397 1.9436332499723363
127 0.5354330708661418 1.9457640106786114
128 0.53125 1.947860218044498
129 0.5348837209302325 1.9460393672477803
130 0.5307692307692308 1.9481010663131362
131 0.5343511450381679 1.9463062957315445
132 0.5378787878787878 1.9445378514119922
133 0.5338345864661654 1.9465651775391897
134 0.5298507462686567 1.94856115476931
135 0.5333333333333333 1.9468163713910644
136 0.5294117647058824 1.9487810320068504
137 0.5328467153284672 1.9470602149821876
138 0.5289855072463768 1.9489945250854996
139 0.5251798561151079 1.9509001527996344
140 0.5214285714285715 1.9527778401820615
141 0.5177304964539007 1.9546283012328072
142 0.5211267605633803 1.9529288824444069
143 0.5244755244755245 1.9512527536134163
144 0.5277777777777778 1.9495993651733914
145 0.5241379310344828 1.9514217501473503
146 0.5273972602739726 1.949789914193767
147 0.5306122448979592 1.948179707536607
148 0.5337837837837838 1.9465906371508528
149 0.5302013422818792 1.94838553981705
150 0.5333333333333333 1.9468163713910644
151 0.5298013245033113 1.9485859097349014
152 0.5263157894736842 1.9503314314282283
153 0.5228758169934641 1.9520535059056172
154 0.5194805194805194 1.9537526828436378
155 0.5225806451612903 1.95220124453822
156 0.5192307692307693 1.9538776516417886
157 0.5159235668789809 1.9555322785797202
158 0.5189873417721519 1.9539994543587986
159 0.5220125786163522 1.952485560655968
160 0.525 1.9509901942921781
161 0.5279503105590062 1.949512964514216
162 0.5246913580246914 1.9511447061629674
163 0.5214723926380368 1.9527559093862923
164 0.5182926829268293 1.9543470254206996
165 0.5151515151515151 1.955918491002074
166 0.5120481927710844 1.9574707289880378
167 0.5149700598802395 1.9560092598252539
168 0.5119047619047619 1.9575424650034536
169 0.514792899408284 1.9560978793214632
170 0.5176470588235295 1.9546700461796116
171 0.5146198830409356 1.9561844249494913
172 0.5174418604651163 1.9547727085796367
173 0.5144508670520231 1.9562689686762136
174 0.5114942528735632 1.9577477757377655
175 0.5142857142857142 1.9563515791762975
176 0.5170454545454546 1.9549710295187457
177 0.5141242937853108 1.9564323220183555
178 0.5168539325842697 1.9550668455701434
179 0.5139664804469274 1.9565112598386074
180 0.5166666666666667 1.9551605311782951
181 0.5138121546961326 1.9565884525030188
182 0.5164835164835165 1.9552521566294148
183 0.5191256830601093 1.953930233421068
184 0.5217391304347826 1.9526224157960916
185 0.5243243243243243 1.9513284438683698
186 0.5268817204301075 1.9500480646902605
187 0.5240641711229946 1.9514586730221637
188 0.526595744680851 1.950191257467625
189 0.5238095238095238 1.9515861428375199
190 0.5210526315789473 1.9529659799514563
191 0.5235602094240838 1.9517109401259716
192 0.5260416666666666 1.9504686810840353
193 0.5284974093264249 1.9492389782610398
194 0.5309278350515464 1.9480216128064634
195 0.5282051282051282 1.9493853543257775
196 0.5306122448979592 1.948179707536607
197 0.5279187817258884 1.9495287535916983
198 0.5303030303030303 1.9483346024857418
199 0.5326633165829145 1.9471521117579662
200 0.535 1.9459810852216082
201 0.5323383084577115 1.9473149602222342
202 0.5297029702970297 1.948635174132194
203 0.5270935960591133 1.9499419722207925
204 0.5294117647058824 1.9487810320068504
205 0.526829268292683 1.9500743286704354
206 0.529126213592233 1.9489240528202718
207 0.5314009661835749 1.9477845863738952
208 0.5336538461538461 1.9466557542055174
209 0.5311004784688995 1.9479351245547238
210 0.5285714285714286 1.949201908223455
211 0.5308056872037915 1.9480828034414026
212 0.5283018867924528 1.9493368976079992
213 0.5305164319248826 1.9482277037812952
214 0.5327102803738317 1.9471285795237188
215 0.5348837209302325 1.9460393672477803
216 0.5324074074074074 1.9472803381030515
217 0.5299539170506913 1.9485094768799067
218 0.5321100917431193 1.9474293063013683
219 0.5296803652968036 1.948646496613628
220 0.5318181818181819 1.9475755604293659
221 0.5339366515837104 1.9465140273803154
222 0.536036036036036 1.9454617551513498
223 0.5381165919282511 1.9444186045444187
224 0.5401785714285714 1.943384439388043
225 0.5377777777777778 1.9445885016294069
226 0.5353982300884956 1.9457814749322448
227 0.5330396475770925 1.9469635387927562
228 0.5350877192982456 1.945937117448289
229 0.537117903930131 1.944919367857127
230 0.5391304347826087 1.9439101637993812
231 0.5367965367965368 1.94508049216837
232 0.5387931034482759 1.9440793438892476
233 0.5364806866952789 1.9452388429302008
234 0.5341880341880342 1.9463880433926948
235 0.5361702127659574 1.9453944912085963
236 0.538135593220339 1.9444090761570834
237 0.5358649789029536 1.9455475056601361
238 0.5336134453781513 1.9466760004513073
239 0.5355648535564853 1.9456979526333398
240 0.5375 1.9447277857244416
241 0.5352697095435685 1.9458458962649272
242 0.5330578512396694 1.9469544170136799
243 0.5349794238683128 1.9459913985712993
244 0.5368852459016393 1.9450360167227432
245 0.5387755102040817 1.944088167095524
246 0.540650406504065 1.9431477473815446
247 0.5425101214574899 1.9422146572829577
248 0.5403225806451613 1.9433122003287582
249 0.5421686746987951 1.9423859960631147
250 0.544 1.941466914418691
251 0.545816733067729 1.940554861131777
252 0.5436507936507936 1.941642192195052
253 0.5454545454545454 1.940736713984267
254 0.5433070866141733 1.941814699175185
255 0.5450980392156862 1.9409157024502912
256 0.546875 1.9400234397167415
257 0.5447470817120622 1.9410918937677104
258 0.5426356589147286 1.9421516597789952
259 0.5405405405405406 1.9432028623217952
260 0.5423076923076923 1.9423162379067285
261 0.5440613026819924 1.9414361435345469
262 0.5419847328244275 1.9424782944005046
263 0.5437262357414449 1.9416043263245966
264 0.5454545454545454 1.940736713984267
265 0.5433962264150943 1.9417699607978554
266 0.5413533834586466 1.9427950710668824
267 0.5430711610486891 1.9419331045091266
268 0.5410447761194029 1.9429499012405882
269 0.5390334572490706 1.9439588013717723
270 0.5407407407407407 1.943102429910506
271 0.5424354243542435 1.942252141317091
272 0.5441176470588235 1.941407861176419
273 0.5457875457875457 1.9405695163900645
274 0.5474452554744526 1.9397370351454057
275 0.5454545454545454 1.940736713984267
276 0.5471014492753623 1.9399097117659836
277 0.5451263537906137 1.9409014871853303
278 0.5467625899280576 1.94007989278794
279 0.5448028673835126 1.9410638884157776
280 0.5464285714285714 1.9402476320025763
281 0.5444839857651246 1.9412239685955677
282 0.5460992907801419 1.9404129816640907
283 0.5441696113074205 1.9413817771956166
284 0.5422535211267606 1.9423434208587609
285 0.543859649122807 1.9415373622890448
286 0.541958041958042 1.9424916871022102
287 0.5435540069686411 1.9416907706002622
288 0.5416666666666666 1.942637886840967
289 0.5432525951557093 1.9418420475519964
290 0.5448275862068965 1.941051479057546
291 0.5463917525773195 1.9402661212485939
292 0.547945205479452 1.9394859150074213
293 0.5494880546075085 1.9387108021859447
294 0.5476190476190477 1.9396497437415683
295 0.5457627118644067 1.9405819857171092
296 0.543918918918919 1.9415076125573558
297 0.5420875420875421 1.9424267071323484
298 0.540268456375839 1.9433393507769938
299 0.5418060200668896 1.9425679661218913
300 0.5433333333333333 1.9418015262808932
301 0.5448504983388704 1.9410399766460804
302 0.5463576158940397 1.9402832634820562
303 0.5445544554455446 1.9411885932511936
304 0.5427631578947368 1.9420876765483646
305 0.5409836065573771 1.9429805894410481
306 0.5392156862745098 1.9438674066271768
307 0.5407166123778502 1.943114534316976
308 0.5422077922077922 1.942366367311453
309 0.5436893203883495 1.9416228549298868
310 0.5451612903225806 1.940883947281641
311 0.5434083601286174 1.9417638709541132
312 0.5416666666666666 1.942637886840967
313 0.5431309904153354 1.9419030780573223
314 0.5414012738853503 1.9427710434375687
315 0.5428571428571428 1.9420405108671468
316 0.5411392405063291 1.942902508726326
317 0.5394321766561514 1.9437588250998052
318 0.5408805031446541 1.9430323147635107
319 0.542319749216301 1.942310187748471
320 0.54375 1.9415923984711636
321 0.5451713395638629 1.9408789020342663
322 0.5434782608695652 1.9417287879067717
323 0.544891640866873 1.9410193220414405
324 0.5432098765432098 1.9418634871472131
325 0.5415384615384615 1.9427022124581008
326 0.5429447852760736 1.9419965274562467
327 0.5443425076452599 1.941294988388863
328 0.5457317073170732 1.940597553287566
329 0.5440729483282675 1.9414302979639877
330 0.5424242424242425 1.9422577525221971
331 0.5438066465256798 1.9415639660146606
332 0.5451807228915663 1.940874191102174
333 0.5465465465465466 1.9401883878232842
334 0.5449101796407185 1.9410100150510587
335 0.5462686567164179 1.9403279351167029
336 0.5446428571428571 1.941144215511722
337 0.543026706231454 1.9419554147627673
338 0.5414201183431953 1.9427615887261038
339 0.5427728613569321 1.9420828069706486
340 0.5411764705882353 1.942883830296442
341 0.5395894428152492 1.9436799453552687
342 0.5409356725146199 1.9430046372880292
343 0.5393586005830904 1.9437957278606206
344 0.5377906976744186 1.9445820231566366
345 0.5391304347826087 1.9439101637993812
346 0.5375722543352601 1.9446915563209077
347 0.5389048991354467 1.9440232765506564
348 0.5373563218390804 1.9447998269290259
349 0.5358166189111748 1.9455717480179113
350 0.5342857142857143 1.9463390884425171
351 0.5327635327635327 1.947101896073853
352 0.53125 1.947860218044498
353 0.5325779036827195 1.9471949093875196
354 0.5310734463276836 1.947948666825157
355 0.5295774647887324 1.9486980374398954
356 0.5308988764044944 1.9480361198834963
357 0.5294117647058824 1.9487810320068504
358 0.5279329608938548 1.9495216529240924
359 0.5292479108635098 1.9488631002467451
360 0.5305555555555556 1.9482081053828777
361 0.5318559556786704 1.9475566350947524
362 0.5331491712707183 1.9469086565955265
363 0.5316804407713499 1.9476445702198566
364 0.5302197802197802 1.9483763039739825
365 0.5315068493150685 1.9477315397408028
366 0.5300546448087432 1.9484590220742923
367 0.5313351498637602 1.9478175594859208
368 0.529891304347826 1.9485408394434705
369 0.5284552845528455 1.9492600748902373
370 0.527027027027027 1.9499753055900768
371 0.5283018867924528 1.9493368976079992
372 0.5268817204301075 1.9500480646902605
373 0.5281501340482574 1.9494128951727083
374 0.5267379679144385 1.9501200444963516
375 0.528 1.9494880808147497
376 0.5292553191489362 1.9488593897487623
377 0.5278514588859416 1.9495624674830205
378 0.5291005291005291 1.9489369168915147
379 0.5303430079155673 1.9483145768189236
380 0.531578947368421 1.9476954187649873
381 0.5328083989501312 1.9470794145969232
382 0.5340314136125655 1.9464665365431228
383 0.5352480417754569 1.9458567571869818
384 0.5338541666666666 1.9465553649335925
385 0.535064935064935 1.9459485377013934
386 0.5362694300518135 1.9453447518903477
387 0.537467700258398 1.9447439811698353
388 0.5360824742268041 1.9454384754372114
389 0.5347043701799485 1.9461292605417972
390 0.5333333333333333 1.9468163713910644
391 0.5319693094629157 1.9474998424072818
392 0.5306122448979592 1.948179707536607
393 0.5318066157760815 1.947581355191241
394 0.5329949238578681 1.9469859495675748
395 0.5316455696202531 1.9476620408608374
396 0.5303030303030303 1.9483346024857418
397 0.5289672544080605 1.9490036668690127
398 0.5301507537688442 1.9484108802653928
399 0.531328320802005 1.9478209807405438
400 0.5325 1.947233943974968
