# parameters:
#  num_nodes=4, total_iters=596, ntest=20, copies=21
#  phase_average=1.575830949556564, failure_threshold=0.15
# columns:
#  iteration   running_frequency   running_estimation
1 1.0 1.5707963267948966
2 0.5 1.9634954084936207
3 0.3333333333333333 2.0484546358571514
4 0.5 1.9634954084936207
5 0.6 1.913155928296038
6 0.6666666666666666 1.8785361811300902
7 0.7142857142857143 1.8527676474752108
8 0.625 1.900325344708101
9 0.6666666666666666 1.8785361811300902
10 0.7 1.8606161969767487
11 0.6363636363636364 1.8944387508027227
12 0.6666666666666666 1.8785361811300902
13 0.6153846153846154 1.9052783639291002
14 0.5714285714285714 1.9276585162672795
15 0.5333333333333333 1.9468163713910644
16 0.5 1.9634954084936207
17 0.47058823529411764 1.978209784980391
18 0.4444444444444444 1.9913306620788618
19 0.47368421052631576 1.976659385559013
20 0.5 1.9634954084936207
21 0.47619047619047616 1.9754046741497215
22 0.5 1.9634954084936207
23 0.5217391304347826 1.9526224157960916
24 0.5416666666666666 1.942637886840967
25 0.56 1.9334229378949237
26 0.5384615384615384 1.9442456233294148
27 0.5555555555555556 1.9356601549083798
28 0.5714285714285714 1.9276585162672795
29 0.5517241379310345 1.9375869886149382
30 0.5333333333333333 1.9468163713910644
31 0.5161290322580645 1.955429493076559
32 0.5 1.9634954084936207
33 0.5151515151515151 1.955918491002074
34 0.5 1.9634954084936207
35 0.5142857142857142 1.9563515791762975
36 0.5277777777777778 1.9495993651733914
37 0.5405405405405406 1.9432028623217952
38 0.5263157894736842 1.9503314314282283
39 0.5128205128205128 1.9570844494585913
40 0.5 1.9634954084936207
41 0.4878048780487805 1.9695935741880346
42 0.5 1.9634954084936207
43 0.4883720930232558 1.9693098861724483
44 0.4772727272727273 1.9748629615978701
45 0.4666666666666667 1.980174445596177
46 0.4782608695652174 1.9743684011911498
47 0.46808510638297873 1.9794637109661062
48 0.4583333333333333 1.9843529301462746
49 0.4489795918367347 1.9890500914025993
50 0.44 1.9935678790923177
51 0.45098039215686275 1.9880446466483306
52 0.4423076923076923 1.9924059566226942
53 0.4528301886792453 1.987115439148475
54 0.46296296296296297 1.9820309040520614
55 0.4727272727272727 1.9771385430322903
56 0.4642857142857143 1.9813677709650008
57 0.47368421052631576 1.976659385559013
58 0.46551724137931033 1.9807504845031367
59 0.4576271186440678 1.9847072911013441
60 0.45 1.9885372637840106
61 0.4426229508196721 1.9922472733036392
62 0.45161290322580644 1.987726880003623
63 0.4603174603174603 1.983357567014905
64 0.46875 1.9791305989427435
65 0.46153846153846156 1.9827451936578266
66 0.45454545454545453 1.9862541030029746
67 0.44776119402985076 1.9896625644502077
68 0.45588235294117646 1.9855829558108224
69 0.463768115942029 1.981627242565028
70 0.45714285714285713 1.9849503061200946
71 0.4647887323943662 1.9811156269032242
72 0.4583333333333333 1.9843529301462746
73 0.4520547945205479 1.9875049019798203
74 0.44594594594594594 1.9905753601224
75 0.44 1.9935678790923177
76 0.4342105263157895 1.9964858104085896
77 0.44155844155844154 1.9927831341797375
78 0.44871794871794873 1.9891816029600193
79 0.45569620253164556 1.9856763970110056
80 0.4625 1.9822630312627998
81 0.4567901234567901 1.9851273298400285
82 0.4634146341463415 1.9818044539095268
83 0.4578313253012048 1.9846048209241267
84 0.4642857142857143 1.9813677709650008
85 0.4588235294117647 1.9841069866907994
86 0.45348837209302323 1.986784893752287
87 0.45977011494252873 1.98363211776036
88 0.45454545454545453 1.9862541030029746
89 0.449438202247191 1.988819593859439
90 0.45555555555555555 1.9857469990887575
91 0.46153846153846156 1.9827451936578266
92 0.45652173913043476 1.9852620290804697
93 0.45161290322580644 1.987726880003623
94 0.4574468085106383 1.9847977730567836
95 0.45263157894736844 1.9872151907795406
96 0.4583333333333333 1.9843529301462746
97 0.4536082474226804 1.9867246957386477
98 0.4489795918367347 1.9890500914025993
99 0.4444444444444444 1.9913306620788618
100 0.44 1.9935678790923177
101 0.44554455445544555 1.9907772479376356
102 0.45098039215686275 1.9880446466483306
103 0.44660194174757284 1.990245452115781
104 0.4423076923076923 1.9924059566226942
105 0.44761904761904764 1.9897340298367734
106 0.44339622641509435 1.9918580991982635
107 0.4485981308411215 1.9892418302579393
108 0.4537037037037037 1.9866767612495349
109 0.44954128440366975 1.9887677877588619
110 0.45454545454545453 1.9862541030029746
111 0.4594594594594595 1.9837879546654462
112 0.45535714285714285 1.9858466014755196
113 0.46017699115044247 1.98342802463765
114 0.4649122807017544 1.9810536995389525
115 0.4608695652173913 1.9830806531878602
116 0.46551724137931033 1.9807504845031367
117 0.4700854700854701 1.9784616111509423
118 0.4661016949152542 1.9804575720909747
119 0.46218487394957986 1.9824210430786056
120 0.4583333333333333 1.9843529301462746
121 0.4628099173553719 1.9821076385388094
122 0.45901639344262296 1.9840102275461933
123 0.4634146341463415 1.9818044539095268
124 0.46774193548387094 1.97963565082299
125 0.472 1.9775027361724917
126 0.46825396825396826 1.9793791084212222
127 0.47244094488188976 1.9772819226563765
128 0.46875 1.9791305989427435
129 0.46511627906976744 1.9809514497394614
130 0.46153846153846156 1.9827451936578266
131 0.4580152671755725 1.984512522586737
132 0.45454545454545453 1.9862541030029746
133 0.45112781954887216 1.9879705772012939
134 0.4552238805970149 1.9859135005969981
135 0.45925925925925926 1.9838883870767356
136 0.4632352941176471 1.9818943661249135
137 0.45985401459854014 1.9835900317683755
138 0.463768115942029 1.981627242565028
139 0.4676258992805755 1.9796937904857472
140 0.4642857142857143 1.9813677709650008
141 0.46099290780141844 1.9830187927629774
142 0.4647887323943662 1.9811156269032242
143 0.46853146853146854 1.9792400802186152
144 0.4722222222222222 1.97739145181385
145 0.47586206896551725 1.975569066839891
146 0.4794520547945205 1.973772275200865
147 0.48299319727891155 1.9720004503418131
148 0.4797297297297297 1.9736333219263265
149 0.47651006711409394 1.9752446996343864
150 0.47333333333333333 1.976835070919198
151 0.47019867549668876 1.97840490725234
152 0.47368421052631576 1.976659385559013
153 0.477124183006536 1.9749373110816242
154 0.474025974025974 1.976488269711097
155 0.47096774193548385 1.9780197067519465
156 0.47435897435897434 1.9763215473096707
157 0.47770700636942676 1.974645601655696
158 0.47468354430379744 1.9761590512233025
159 0.4716981132075472 1.9776539193792422
160 0.46875 1.9791305989427435
161 0.4658385093167702 1.9805894707325593
162 0.4691358024691358 1.9789373244998267
163 0.4662576687116564 1.9803794061729212
164 0.4695121951219512 1.9787487729739472
165 0.4666666666666667 1.980174445596177
166 0.463855421686747 1.9815834749068866
167 0.46706586826347307 1.9799744050824661
168 0.4642857142857143 1.9813677709650008
169 0.46745562130177515 1.979779109449891
170 0.47058823529411764 1.978209784980391
171 0.47368421052631576 1.976659385559013
172 0.47674418604651164 1.9751275120599927
173 0.4797687861271676 1.9736137776911327
174 0.47701149425287354 1.9749937148134489
175 0.48 1.973498077082118
176 0.48295454545454547 1.9720197874684957
177 0.480225988700565 1.9733849932477352
178 0.48314606741573035 1.971923971417098
179 0.48044692737430167 1.9732744383837246
180 0.48333333333333334 1.9718302858089463
181 0.4861878453038674 1.9704023644842226
182 0.4835164835164835 1.9717386603578266
183 0.48633879781420764 1.9703268597284447
184 0.4891304347826087 1.9689306192638416
185 0.4918918918918919 1.9675496402482093
186 0.489247311827957 1.9688721670755993
187 0.48663101604278075 1.970180697206884
188 0.48404255319148937 1.9714754869877393
189 0.48677248677248675 1.9701099368103465
190 0.48947368421052634 1.9687589552495126
191 0.4869109947643979 1.9700406588204613
192 0.4895833333333333 1.9687041186607828
193 0.48704663212435234 1.9699728171310804
194 0.4896907216494845 1.968650412966327
195 0.49230769230769234 1.9673417140779819
196 0.49489795918367346 1.9660464731739613
197 0.49746192893401014 1.9647644494765983
198 0.494949494949495 1.9660207039629347
199 0.49748743718592964 1.964751695187962
200 0.495 1.9659954501621626
201 0.4975124378109453 1.9647391947191883
202 0.5 1.9634954084936207
203 0.5024630541871922 1.9622638764191525
204 0.5 1.9634954084936207
205 0.5024390243902439 1.9622758914619918
206 0.5 1.9634954084936207
207 0.5024154589371981 1.962287674327354
208 0.5 1.9634954084936207
209 0.49760765550239233 1.9646915853065163
210 0.5 1.9634954084936207
211 0.5023696682464455 1.9623105699348653
212 0.5 1.9634954084936207
213 0.5023474178403756 1.962321695261676
214 0.5046728971962616 1.9611589258817415
215 0.5069767441860465 1.9600069231930983
216 0.5046296296296297 1.9611805606011863
217 0.5023041474654378 1.9623433306832165
218 0.5045871559633027 1.961201798336439
219 0.502283105022831 1.9623538520152208
220 0.5045454545454545 1.9612226499149457
221 0.502262443438914 1.9623641829139091
222 0.5 1.9634954084936207
223 0.4977578475336323 1.9646164884841237
224 0.5 1.9634954084936207
225 0.5022222222222222 1.9623842937244982
226 0.5 1.9634954084936207
227 0.4977973568281938 1.9645967336416965
228 0.5 1.9634954084936207
229 0.5021834061135371 1.9624037019671992
230 0.5043478260869565 1.9613214680527005
231 0.5021645021645021 1.96241315403106
232 0.5 1.9634954084936207
233 0.5021459227467812 1.9624224438262226
234 0.5042735042735043 1.9613586303405735
235 0.5063829787234042 1.9603038324395663
236 0.5084745762711864 1.9592579174548388
237 0.510548523206751 1.9582207555624178
238 0.5084033613445378 1.9592935299909333
239 0.5104602510460251 1.9582649013862035
240 0.5125 1.9572447572687803
241 0.5145228215767634 1.9562329763032984
242 0.5165289256198347 1.955229439679165
243 0.5185185185185185 1.9542340310405977
244 0.5204918032786885 1.9532466364191037
245 0.5183673469387755 1.9543096683030567
246 0.5203252032520326 1.9533300059097232
247 0.5182186234817814 1.9543840798496697
248 0.5161290322580645 1.955429493076559
249 0.5140562248995983 1.9564663699833766
250 0.516 1.955494042530758
251 0.5179282868525896 1.954529343097752
252 0.5198412698412699 1.9535721680490699
253 0.5217391304347826 1.9526224157960916
254 0.5196850393700787 1.9536503443774333
255 0.5176470588235295 1.9546700461796116
256 0.515625 1.9556816363687468
257 0.5136186770428015 1.956685227746433
258 0.5116279069767442 1.957680930814793
259 0.5135135135135135 1.956737828876051
260 0.5153846153846153 1.955801886507548
261 0.5134099616858238 1.9567896235656912
262 0.5152671755725191 1.9558606340178082
263 0.5171102661596958 1.954938604792525
264 0.5189393939393939 1.9540234455362984
265 0.5207547169811321 1.9531150676013174
266 0.5225563909774437 1.9522133840026306
267 0.5243445692883895 1.951318309376632
268 0.5223880597014925 1.9522976347774588
269 0.5241635687732342 1.9514089162983224
270 0.5259259259259259 1.9505266297564194
271 0.5276752767527675 1.9496506946669065
272 0.5257352941176471 1.9506220731097428
273 0.5274725274725275 1.9497522238145928
274 0.5291970802919708 1.9488885590510283
275 0.5272727272727272 1.949852273954951
276 0.5253623188405797 1.95080880468688
277 0.5270758122743683 1.9499508771877967
278 0.5251798561151079 1.9509001527996344
279 0.5268817204301075 1.9500480646902605
280 0.525 1.9509901942921781
281 0.5231316725978647 1.9519254424949994
282 0.524822695035461 1.9510789570112599
283 0.5229681978798587 1.9520072668470902
284 0.5211267605633803 1.9529288824444069
285 0.5228070175438596 1.9520879415814874
286 0.5244755244755245 1.9512527536134163
287 0.5261324041811847 1.950423250450447
288 0.5277777777777778 1.9495993651733914
289 0.5259515570934256 1.9505137968926625
290 0.5275862068965518 1.9496952977523043
291 0.5292096219931272 1.9488822774769954
292 0.5273972602739726 1.949789914193767
293 0.5290102389078498 1.9489821384058765
294 0.5306122448979592 1.948179707536607
295 0.5322033898305085 1.9473825604818413
296 0.5337837837837838 1.9465906371508528
297 0.5353535353535354 1.94580387844397
298 0.5369127516778524 1.9450222262308605
299 0.5384615384615384 1.9442456233294148
300 0.54 1.943474013485206
301 0.5382059800664452 1.94437377972928
302 0.5364238410596026 1.9452673415851338
303 0.5379537953795379 1.9445002393600879
304 0.5361842105263158 1.9453874739360322
305 0.5344262295081967 1.9462686643867015
306 0.5326797385620915 1.947143883182751
307 0.5309446254071661 1.9480132015131526
308 0.5292207792207793 1.9488766893157097
309 0.5275080906148867 1.9497344153066496
310 0.5258064516129032 1.9505864470093286
311 0.5273311897106109 1.9498229990605793
312 0.5288461538461539 1.9490643185958225
313 0.5303514376996805 1.948310354141909
314 0.5318471337579618 1.947561055032462
315 0.5333333333333333 1.9468163713910644
316 0.5348101265822784 1.9460762541148813
317 0.5362776025236593 1.9453406548587153
318 0.5345911949685535 1.9461859845021978
319 0.5329153605015674 1.9470258179374211
320 0.534375 1.9462943399820132
321 0.5358255451713395 1.9455672733898188
322 0.5341614906832298 1.946401346254682
323 0.5356037151702786 1.9456784724305372
324 0.5370370370370371 1.94495991293518
325 0.5384615384615384 1.9442456233294148
326 0.5368098159509203 1.945073834531494
327 0.5382262996941896 1.9443635901084717
328 0.5365853658536586 1.9451863630777146
329 0.5379939209726444 1.9444801184503446
330 0.5393939393939394 1.9437780034065066
331 0.540785498489426 1.9430799762924549
332 0.5421686746987951 1.9423859960631147
333 0.5435435435435435 1.9416960222702728
334 0.5449101796407185 1.9410100150510587
335 0.5462686567164179 1.9403279351167029
336 0.5476190476190477 1.9396497437415683
337 0.5459940652818991 1.940465818951853
338 0.5443786982248521 1.9412768214577374
339 0.5457227138643068 1.9406020689378507
340 0.5470588235294118 1.9399311197535494
341 0.5483870967741935 1.9392639369836184
342 0.5497076023391813 1.9386004842253008
343 0.5481049562682215 1.9394056685929706
344 0.5465116279069767 1.9402059232349547
345 0.5478260869565217 1.9395457493054462
346 0.5491329479768786 1.9388892253059955
347 0.547550432276657 1.9396842078424446
348 0.5488505747126436 1.9390310946098825
349 0.5472779369627507 1.9398210722619649
350 0.5457142857142857 1.9406063007404617
351 0.5441595441595442 1.9413868305212798
352 0.5426136363636364 1.9421627112858648
353 0.5439093484419264 1.941512416359516
354 0.5451977401129944 1.9408656475268127
355 0.5464788732394367 1.9402223718406035
356 0.5449438202247191 1.9409931264437628
357 0.5462184873949579 1.9403531277561532
358 0.547486033519553 1.9397165536247647
359 0.5459610027855153 1.9404824205383586
360 0.5472222222222223 1.9398490548586609
361 0.5457063711911357 1.940610274643297
362 0.5441988950276243 1.941367077829403
363 0.5454545454545454 1.940736713984267
364 0.5439560439560439 1.941488977951054
365 0.5424657534246575 1.9422369218300473
366 0.5437158469945356 1.9416095406710574
367 0.5449591280653951 1.9409854414030892
368 0.5461956521739131 1.9403645944365349
369 0.5447154471544715 1.9411077747261556
370 0.5459459459459459 1.9404899809568605
371 0.5444743935309974 1.9412287838032727
372 0.5456989247311828 1.9406140135250787
373 0.546916890080429 1.9400024019383049
374 0.5481283422459893 1.9393939210816038
375 0.5493333333333333 1.938788543351819
376 0.5478723404255319 1.9395225159384477
377 0.5490716180371353 1.9389200392226866
378 0.5476190476190477 1.9396497437415683
379 0.5461741424802111 1.9403753954602285
380 0.5447368421052632 1.941097034193126
381 0.5459317585301837 1.9404971047964568
382 0.5471204188481675 1.939900184595332
383 0.5483028720626631 1.9393062475837113
384 0.546875 1.9400234397167415
385 0.5454545454545454 1.940736713984267
386 0.5466321243523317 1.9401454119496653
387 0.5452196382428941 1.9408546534296007
388 0.5438144329896907 1.941560057750992
389 0.5424164524421594 1.9422616616073336
390 0.541025641025641 1.9429595011725216
391 0.5421994884910486 1.9423705340394697
392 0.5408163265306123 1.943064510694244
393 0.539440203562341 1.9437547991046134
394 0.5406091370558376 1.9431684505716298
395 0.5392405063291139 1.9438549582284588
396 0.5404040404040404 1.9432713370830963
397 0.5390428211586902 1.9439541050810099
398 0.5376884422110553 1.9446332971535871
399 0.5363408521303258 1.9453089463383564
400 0.5375 1.9447277857244416
