# parameters:
#  num_nodes=4, total_iters=622, ntest=20, copies=21
#  phase_average=2.0974130207919686, failure_threshold=0.15
# columns:
#  iteration   running_frequency   running_estimation
1 0.0 2.356194490192345
2 0.0 2.356194490192345
3 0.0 2.356194490192345
4 0.25 2.0943951023931957
5 0.2 2.1243706856919418
6 0.16666666666666666 2.1459273225503623
7 0.14285714285714285 2.1623961468647543
8 0.125 2.175510928238991
9 0.2222222222222222 2.1107531510476893
10 0.2 2.1243706856919418
11 0.18181818181818182 2.135939158689996
12 0.25 2.0943951023931957
13 0.3076923076923077 2.062193188418561
14 0.35714285714285715 2.0359333338526326
15 0.4 2.0138348886912034
16 0.4375 1.994827366285637
17 0.4117647058823529 2.0078453096037134
18 0.3888888888888889 2.0195186815689636
19 0.42105263157894735 2.003134978653046
20 0.4 2.0138348886912034
21 0.42857142857142855 1.9993323007199622
22 0.4090909090909091 2.009204192741848
23 0.43478260869565216 1.9961972825130476
24 0.4166666666666667 2.005357428298543
25 0.4 2.0138348886912034
26 0.38461538461538464 2.021712453058141
27 0.37037037037037035 2.0290591982125847
28 0.39285714285714285 2.0174855331648596
29 0.3793103448275862 2.0244421431107047
30 0.4 2.0138348886912034
31 0.3870967741935484 2.0204381058902943
32 0.375 2.0266654722791406
33 0.36363636363636365 2.0325520661845187
34 0.35294117647058826 2.03812845878984
35 0.34285714285714286 2.0434214456593076
36 0.3611111111111111 2.033865426801332
37 0.35135135135135137 2.0389605857537947
38 0.34210526315789475 2.0438175558098233
39 0.3333333333333333 2.0484546358571514
40 0.35 2.03966857199747
41 0.34146341463414637 2.0441558639241415
42 0.3333333333333333 2.0484546358571514
43 0.32558139534883723 2.0525779303757643
44 0.3409090909090909 2.0444481623120083
45 0.35555555555555557 2.0367619180746392
46 0.34782608695652173 2.040808833775501
47 0.3617021276595745 2.033557867102756
48 0.375 2.0266654722791406
49 0.3877551020408163 2.0201002677912787
50 0.38 2.0240868712533615
51 0.39215686274509803 2.0178440565605404
52 0.38461538461538464 2.021712453058141
53 0.39622641509433965 2.015762123585315
54 0.4074074074074074 2.01006048438776
55 0.41818181818181815 2.0045893045012835
56 0.4107142857142857 2.0083789963376706
57 0.42105263157894735 2.003134978653046
58 0.43103448275862066 1.9980884528398974
59 0.4406779661016949 1.9932264567579405
60 0.45 1.9885372637840106
61 0.45901639344262296 1.9840102275461933
62 0.45161290322580644 1.987726880003623
63 0.4444444444444444 1.9913306620788618
64 0.453125 1.9869673772704999
65 0.4461538461538462 1.9904707995648856
66 0.45454545454545453 1.9862541030029746
67 0.44776119402985076 1.9896625644502077
68 0.45588235294117646 1.9855829558108224
69 0.463768115942029 1.981627242565028
70 0.45714285714285713 1.9849503061200946
71 0.4507042253521127 1.988183402280936
72 0.4583333333333333 1.9843529301462746
73 0.4657534246575342 1.980632112954858
74 0.47297297297297297 1.9770155113971648
75 0.4666666666666667 1.980174445596177
76 0.47368421052631576 1.976659385559013
77 0.4805194805194805 1.9732381341436036
78 0.48717948717948717 1.9699063675286501
79 0.4936708860759494 1.96666004997162
80 0.5 1.9634954084936207
81 0.49382716049382713 1.9665819066552694
82 0.4878048780487805 1.9695935741880346
83 0.4819277108433735 1.9725335217454
84 0.47619047619047616 1.9754046741497215
85 0.4823529411764706 1.9723207708076298
86 0.4883720930232558 1.9693098861724483
87 0.4827586206896552 1.9721178074840404
88 0.4772727272727273 1.9748629615978701
89 0.47191011235955055 1.9775477508583588
90 0.4777777777777778 1.9746101808390635
91 0.4725274725274725 1.9772385931726486
92 0.4673913043478261 1.979811336400094
93 0.46236559139784944 1.9823304260611723
94 0.46808510638297873 1.9794637109661062
95 0.47368421052631576 1.976659385559013
96 0.46875 1.9791305989427435
97 0.4639175257731959 1.98155234155003
98 0.46938775510204084 1.9788111094506344
99 0.47474747474747475 1.9761270450518054
100 0.48 1.973498077082118
101 0.4752475247524752 1.975876706857544
102 0.4803921568627451 1.9733018446624038
103 0.4854368932038835 1.9707779918192705
104 0.4807692307692308 1.9731131653454528
105 0.4857142857142857 1.9706392378109439
106 0.4811320754716981 1.9729316111784794
107 0.48598130841121495 1.9705056729481312
108 0.48148148148148145 1.9727567859466437
109 0.48623853211009177 1.9703770114412484
110 0.4818181818181818 1.9725883222837737
111 0.4774774774774775 1.9747604815247857
112 0.4732142857142857 1.9768946799459521
113 0.4690265486725664 1.9789920561424728
114 0.47368421052631576 1.976659385559013
115 0.4782608695652174 1.9743684011911498
116 0.4827586206896552 1.9721178074840404
117 0.48717948717948717 1.9699063675286501
118 0.4830508474576271 1.9719716086202919
119 0.48739495798319327 1.9697985972858167
120 0.48333333333333334 1.9718302858089463
121 0.4793388429752066 1.9738289292357445
122 0.47540983606557374 1.9757954522251886
123 0.4796747967479675 1.9736608110775182
124 0.4838709677419355 1.9715613239106824
125 0.488 1.9694959846429712
126 0.48412698412698413 1.971433250117778
127 0.48031496062992124 1.973340472609808
128 0.4765625 1.9752184542769413
129 0.4806201550387597 1.9731877588329259
130 0.4846153846153846 1.9711889304796935
131 0.48091603053435117 1.9730397115270175
132 0.4772727272727273 1.9748629615978701
133 0.47368421052631576 1.976659385559013
134 0.4701492537313433 1.9784296622179314
135 0.4740740740740741 1.976464187230822
136 0.47058823529411764 1.978209784980391
137 0.4744525547445255 1.9762746956948687
138 0.4782608695652174 1.9743684011911498
139 0.4748201438848921 1.9760906641876073
140 0.4785714285714286 1.97421297680518
141 0.475177304964539 1.9759118599759815
142 0.4788732394366197 1.9740619345428347
143 0.4755244755244755 1.975738063373825
144 0.4791666666666667 1.9739150915992651
145 0.4827586206896552 1.9721178074840404
146 0.4863013698630137 1.9703455807122516
147 0.48299319727891155 1.9720004503418131
148 0.4864864864864865 1.9702529881111903
149 0.4899328859060403 1.9685293056925426
150 0.49333333333333335 1.9668288406002883
151 0.4900662251655629 1.9684626227234698
152 0.4868421052631579 1.9700751154417324
153 0.48366013071895425 1.971666798034588
154 0.487012987012987 1.9699896453496015
155 0.49032258064516127 1.968334420326641
156 0.4935897435897436 1.9667006245073533
157 0.49044585987261147 1.9682727693108024
158 0.4873417721518987 1.9698251986917763
159 0.48427672955974843 1.9713583399994443
160 0.48125 1.972872607150868
161 0.4782608695652174 1.9743684011911498
162 0.48148148148148145 1.9727567859466437
163 0.48466257668711654 1.9711653233004456
164 0.4878048780487805 1.9695935741880346
165 0.48484848484848486 1.9710723259851675
166 0.4879518072289157 1.9695200879992036
167 0.48502994011976047 1.9709815571619875
168 0.48214285714285715 1.9724258790931404
169 0.47928994082840237 1.9738534012610098
170 0.4823529411764706 1.9723207708076298
171 0.47953216374269003 1.9737321869924607
172 0.47674418604651164 1.9751275120599927
173 0.47398843930635837 1.9765070624818322
174 0.47126436781609193 1.9778711457186107
175 0.4685714285714286 1.9792200605600474
176 0.4659090909090909 1.9805540974489155
177 0.4632768361581921 1.9818735387898325
178 0.46629213483146065 1.9803621337775934
179 0.46368715083798884 1.981667832063943
180 0.4666666666666667 1.980174445596177
181 0.4696132596685083 1.9786981468105718
182 0.46703296703296704 1.979990891536711
183 0.4644808743169399 1.9812699424323834
184 0.4673913043478261 1.979811336400094
185 0.4702702702702703 1.9783690462644086
186 0.4731182795698925 1.976942752296981
187 0.47593582887700536 1.975532143965078
188 0.4734042553191489 1.9767995595196164
189 0.4708994708994709 1.9780539000957267
190 0.47368421052631576 1.976659385559013
191 0.47643979057591623 1.9752798768612698
192 0.4791666666666667 1.9739150915992651
193 0.48186528497409326 1.9725647551594523
194 0.4845360824742268 1.9712286004304038
195 0.48205128205128206 1.9724716960184279
196 0.4846938775510204 1.9711496655152236
197 0.48223350253807107 1.9723805276098274
198 0.48484848484848486 1.9710723259851675
199 0.4824120603015075 1.9722911928788167
200 0.48 1.973498077082118
201 0.48258706467661694 1.9722036370437475
202 0.48514851485148514 1.9709222434155338
203 0.4827586206896552 1.9721178074840404
204 0.4803921568627451 1.9733018446624038
205 0.48292682926829267 1.9720336536346414
206 0.48058252427184467 1.9732065883931538
207 0.4782608695652174 1.9743684011911498
208 0.4807692307692308 1.9731131653454528
209 0.4784688995215311 1.9742642887009945
210 0.48095238095238096 1.9730215230900308
211 0.4834123222748815 1.971790769482494
212 0.4811320754716981 1.9729316111784794
213 0.4835680751173709 1.9717128505720822
214 0.48130841121495327 1.9728433810505557
215 0.4790697674418605 1.9739635835198945
216 0.48148148148148145 1.9727567859466437
217 0.4792626728110599 1.973867046995628
218 0.47706422018348627 1.9749673240038046
219 0.4748858447488584 1.9760577721292334
220 0.4772727272727273 1.9748629615978701
221 0.4796380090497738 1.9736792201705768
222 0.4774774774774775 1.9747604815247857
223 0.4798206278026906 1.973587835662838
224 0.47767857142857145 1.974659833296842
225 0.48 1.973498077082118
226 0.4823008849557522 1.9723468151923877
227 0.4801762114537445 1.9734099014066357
228 0.4824561403508772 1.9722691392401446
229 0.48034934497816595 1.9733232671195289
230 0.4826086956521739 1.972192814999421
231 0.48484848484848486 1.9710723259851675
232 0.4870689655172414 1.969961646691898
233 0.48497854077253216 1.9710072684017317
234 0.48717948717948717 1.9699063675286501
235 0.48936170212765956 1.9688149588356159
236 0.4872881355932203 1.9698520256059768
237 0.48523206751054854 1.970880448748493
238 0.4831932773109244 1.971900353085446
239 0.48535564853556484 1.97081863149153
240 0.4875 1.969746059718461
241 0.4896265560165975 1.9686825026471082
242 0.48760330578512395 1.9696943908099576
243 0.4897119341563786 1.9686398044623084
244 0.4918032786885246 1.9675939527405244
245 0.4897959183673469 1.9685978035371643
246 0.4878048780487805 1.9695935741880346
247 0.4898785425101215 1.9685564829295077
248 0.4879032258064516 1.9695443857940351
249 0.4859437751004016 1.970524447003865
250 0.484 1.9714967744564835
251 0.4860557768924303 1.970468424141762
252 0.48412698412698413 1.971433250117778
253 0.48221343873517786 1.9723905658575536
254 0.48031496062992124 1.973340472609808
255 0.4823529411764706 1.9723207708076298
256 0.48046875 1.9732635187273395
257 0.4785992217898833 1.974199067432744
258 0.4806201550387597 1.9731877588329259
259 0.47876447876447875 1.9741163637392525
260 0.47692307692307695 1.9750379704591072
261 0.4789272030651341 1.974034928671786
262 0.4770992366412214 1.9749497973536057
263 0.4752851711026616 1.9758578606098052
264 0.4734848484848485 1.9767592059825616
265 0.4716981132075472 1.9776539193792422
266 0.47368421052631576 1.976659385559013
267 0.47191011235955055 1.9775477508583588
268 0.4701492537313433 1.9784296622179314
269 0.4684014869888476 1.9793052006257952
270 0.4703703703703704 1.9783189078040524
271 0.47232472324723246 1.9773401223203348
272 0.4742647058823529 1.9763687438774986
273 0.4725274725274725 1.9772385931726486
274 0.4744525547445255 1.9762746956948687
275 0.4763636363636364 1.9753179964471195
276 0.4746376811594203 1.9761820123003615
277 0.4729241877256318 1.9770399397994447
278 0.4748201438848921 1.9760906641876073
279 0.4731182795698925 1.976942752296981
280 0.475 1.9760006226950633
281 0.47686832740213525 1.9750653744922422
282 0.475177304964539 1.9759118599759815
283 0.4734982332155477 1.976752504191909
284 0.4753521126760563 1.9758243489696468
285 0.47368421052631576 1.976659385559013
286 0.4755244755244755 1.975738063373825
287 0.4738675958188153 1.9765675665367943
288 0.4722222222222222 1.97739145181385
289 0.47058823529411764 1.978209784980391
290 0.4724137931034483 1.977295519234937
291 0.47079037800687284 1.978108539510246
292 0.4691780821917808 1.978916144302893
293 0.4709897610921502 1.9780086785813649
294 0.46938775510204084 1.9788111094506344
295 0.4711864406779661 1.9779101739703313
296 0.46959459459459457 1.9787074966405345
297 0.4713804713804714 1.9778129982160704
298 0.4697986577181208 1.9786052771701914
299 0.4682274247491639 1.9793924070281093
300 0.4666666666666667 1.980174445596177
301 0.46511627906976744 1.9809514497394614
302 0.46357615894039733 1.9817234754021076
303 0.46534653465346537 1.9808360425874199
304 0.46381578947368424 1.9816033430512092
305 0.46557377049180326 1.9807221526005399
306 0.46405228758169936 1.9814847851646487
307 0.46254071661237783 1.982242615518855
308 0.461038961038961 1.9829956958337231
309 0.4627831715210356 1.9821210486292369
310 0.4612903225806452 1.9828696342378767
311 0.45980707395498394 1.983613578201524
312 0.4583333333333333 1.9843529301462746
313 0.46006389776357826 1.9834847520552659
314 0.4585987261146497 1.9842197735496727
315 0.4603174603174603 1.983357567014905
316 0.4588607594936709 1.9840883082609155
317 0.4605678233438486 1.9832319918874362
318 0.4591194968553459 1.9839585022237307
319 0.4608150470219436 1.9831079962662161
320 0.459375 1.983830324187763
321 0.46105919003115264 1.9829855505063145
322 0.46273291925465837 1.9821462447518328
323 0.46439628482972134 1.9813123445567042
324 0.46296296296296297 1.9820309040520614
325 0.46153846153846156 1.9827451936578266
326 0.4601226993865031 1.9834552571497799
327 0.4617737003058104 1.9826272268787697
328 0.4603658536585366 1.9833332938710586
329 0.46200607902735563 1.9825106985368968
330 0.4636363636363636 1.9816932929944733
331 0.4622356495468278 1.9823955824570154
332 0.463855421686747 1.9815834749068866
333 0.4624624624624625 1.9822818530957829
334 0.46107784431137727 1.9829761949634364
335 0.4626865671641791 1.9821694855227354
336 0.4642857142857143 1.9813677709650008
337 0.4629080118694362 1.982058455402001
338 0.46449704142011833 1.9812618384160725
339 0.46607669616519176 1.9804701003126908
340 0.4647058823529412 1.981157155271534
341 0.4662756598240469 1.9803703900737997
342 0.4678362573099415 1.9795883917413302
343 0.46647230320699706 1.98027184527813
344 0.4680232558139535 1.9794946995652412
345 0.46956521739130436 1.978722212503024
346 0.47109826589595377 1.9779543349741169
347 0.47262247838616717 1.9771910186246449
348 0.47413793103448276 1.9764322158482437
349 0.47277936962750716 1.9771124558200357
350 0.4742857142857143 1.9763582257455332
351 0.4757834757834758 1.9756084094524002
352 0.4744318181818182 1.976285077547985
353 0.47592067988668557 1.9755397272535933
354 0.4774011299435028 1.9747986942109992
355 0.4788732394366197 1.9740619345428347
356 0.47752808988764045 1.9747351496645396
357 0.4789915966386555 1.9740027033396093
358 0.4776536312849162 1.9746723158275368
359 0.479108635097493 1.973944132674417
360 0.48055555555555557 1.973220082945216
361 0.4792243767313019 1.9738862115560158
362 0.48066298342541436 1.973166328571637
363 0.4820936639118457 1.972450491453622
364 0.4807692307692308 1.9731131653454528
365 0.4794520547945205 1.973772275200865
366 0.4808743169398907 1.9730605835661734
367 0.47956403269754766 1.9737162391681229
368 0.48097826086956524 1.9730085737444467
369 0.4823848238482385 1.9723048195515613
370 0.4837837837837838 1.9716049387110157
371 0.48517520215633425 1.9709088938834682
372 0.4838709677419355 1.9715613239106824
373 0.48525469168900803 1.970869131729449
374 0.48663101604278075 1.970180697206884
375 0.488 1.9694959846429712
376 0.48936170212765956 1.9688149588356159
377 0.4880636604774536 1.9694641452817612
378 0.48677248677248675 1.9701099368103465
379 0.48812664907651715 1.9694326420513306
380 0.48947368421052634 1.9687589552495126
381 0.49081364829396323 1.9680888427950873
382 0.49214659685863876 1.9674222715375709
383 0.4934725848563969 1.9667592087773815
384 0.4921875 1.9674018174568049
385 0.4909090909090909 1.9680411135146048
386 0.49222797927461137 1.9673815753611719
387 0.4909560723514212 1.9680176189297542
388 0.49226804123711343 1.967361541972024
389 0.493573264781491 1.966708864590443
390 0.4948717948717949 1.9660595560145315
391 0.4936061381074169 1.966692426576482
392 0.4923469387755102 1.9673220885332168
393 0.4910941475826972 1.9679485701894346
394 0.49238578680203043 1.9673026622557874
395 0.4936708860759494 1.96666004997162
396 0.494949494949495 1.9660207039629347
397 0.49370277078085645 1.9666441063482107
398 0.4949748743718593 1.966008013607583
399 0.49373433583959897 1.9666283225732402
400 0.4925 1.9672455491328609
