# parameters:
#  num_nodes=4, total_iters=603, ntest=20, copies=21
#  phase_average=2.0935077586936925, failure_threshold=0.15
# columns:
#  iteration   running_frequency   running_estimation
1 0.0 2.356194490192345
2 0.0 2.356194490192345
3 0.3333333333333333 2.0484546358571514
4 0.5 1.9634954084936207
5 0.4 2.0138348886912034
6 0.3333333333333333 2.0484546358571514
7 0.42857142857142855 1.9993323007199622
8 0.5 1.9634954084936207
9 0.5555555555555556 1.9356601549083798
10 0.5 1.9634954084936207
11 0.5454545454545454 1.940736713984267
12 0.5833333333333334 1.9216333886886985
13 0.5384615384615384 1.9442456233294148
14 0.5 1.9634954084936207
15 0.4666666666666667 1.980174445596177
16 0.4375 1.994827366285637
17 0.47058823529411764 1.978209784980391
18 0.4444444444444444 1.9913306620788618
19 0.47368421052631576 1.976659385559013
20 0.45 1.9885372637840106
21 0.42857142857142855 1.9993323007199622
22 0.4090909090909091 2.009204192741848
23 0.391304347826087 2.018280673243004
24 0.4166666666666667 2.005357428298543
25 0.44 1.9935678790923177
26 0.46153846153846156 1.9827451936578266
27 0.48148148148148145 1.9727567859466437
28 0.5 1.9634954084936207
29 0.5172413793103449 1.954873009503201
30 0.5 1.9634954084936207
31 0.4838709677419355 1.9715613239106824
32 0.5 1.9634954084936207
33 0.48484848484848486 1.9710723259851675
34 0.47058823529411764 1.978209784980391
35 0.45714285714285713 1.9849503061200946
36 0.4722222222222222 1.97739145181385
37 0.4594594594594595 1.9837879546654462
38 0.4473684210526316 1.98986003984345
39 0.46153846153846156 1.9827451936578266
40 0.475 1.9760006226950633
41 0.4878048780487805 1.9695935741880346
42 0.5 1.9634954084936207
43 0.4883720930232558 1.9693098861724483
44 0.5 1.9634954084936207
45 0.5111111111111111 1.957939395589054
46 0.5 1.9634954084936207
47 0.48936170212765956 1.9688149588356159
48 0.5 1.9634954084936207
49 0.4897959183673469 1.9685978035371643
50 0.5 1.9634954084936207
51 0.5098039215686274 1.958593133547506
52 0.5 1.9634954084936207
53 0.5094339622641509 1.958778147443606
54 0.5185185185185185 1.9542340310405977
55 0.509090909090909 1.9589497034726366
56 0.5178571428571429 1.954564937894101
57 0.5263157894736842 1.9503314314282283
58 0.5344827586206896 1.9462403324841047
59 0.5254237288135594 1.9507780600261093
60 0.5166666666666667 1.9551605311782951
61 0.5081967213114754 1.959396864246717
62 0.5 1.9634954084936207
63 0.5079365079365079 1.9595269878711319
64 0.515625 1.9556816363687468
65 0.5076923076923077 1.9596491029092595
66 0.5 1.9634954084936207
67 0.4925373134328358 1.9672268903276366
68 0.5 1.9634954084936207
69 0.4927536231884058 1.9671187237471006
70 0.4857142857142857 1.9706392378109439
71 0.49295774647887325 1.967016651680856
72 0.5 1.9634954084936207
73 0.5068493150684932 1.9600706438427558
74 0.5135135135135135 1.956737828876051
75 0.5066666666666667 1.960161976386953
76 0.5 1.9634954084936207
77 0.4935064935064935 1.9667422530148917
78 0.48717948717948717 1.9699063675286501
79 0.4810126582278481 1.9729913626284428
80 0.475 1.9760006226950633
81 0.4691358024691358 1.9789373244998267
82 0.47560975609756095 1.9756953720862862
83 0.4819277108433735 1.9725335217454
84 0.4880952380952381 1.969448351983788
85 0.4823529411764706 1.9723207708076298
86 0.47674418604651164 1.9751275120599927
87 0.47126436781609193 1.9778711457186107
88 0.4659090909090909 1.9805540974489155
89 0.47191011235955055 1.9775477508583588
90 0.4666666666666667 1.980174445596177
91 0.46153846153846156 1.9827451936578266
92 0.4673913043478261 1.979811336400094
93 0.4731182795698925 1.976942752296981
94 0.4787234042553192 1.9741369195773166
95 0.47368421052631576 1.976659385559013
96 0.4791666666666667 1.9739150915992651
97 0.4742268041237113 1.97638771994648
98 0.46938775510204084 1.9788111094506344
99 0.47474747474747475 1.9761270450518054
100 0.47 1.9785044231049405
101 0.4752475247524752 1.975876706857544
102 0.47058823529411764 1.978209784980391
103 0.47572815533980584 1.9756361022479763
104 0.47115384615384615 1.9779264983914189
105 0.47619047619047616 1.9754046741497215
106 0.4716981132075472 1.9776539193792422
107 0.4672897196261682 1.9798622374635226
108 0.4722222222222222 1.97739145181385
109 0.47706422018348627 1.9749673240038046
110 0.4727272727272727 1.9771385430322903
111 0.4774774774774775 1.9747604815247857
112 0.48214285714285715 1.9724258790931404
113 0.4778761061946903 1.9745609682164826
114 0.4824561403508772 1.9722691392401446
115 0.48695652173913045 1.970017887556435
116 0.4827586206896552 1.9721178074840404
117 0.48717948717948717 1.9699063675286501
118 0.4915254237288136 1.9677328995324026
119 0.48739495798319327 1.9697985972858167
120 0.48333333333333334 1.9718302858089463
121 0.48760330578512395 1.9696943908099576
122 0.4918032786885246 1.9675939527405244
123 0.4959349593495935 1.9655279512104866
124 0.49193548387096775 1.9675278414076935
125 0.496 1.9654954298275684
126 0.5 1.9634954084936207
127 0.5039370078740157 1.9615268842147973
128 0.5 1.9634954084936207
129 0.49612403100775193 1.9654334124000057
130 0.5 1.9634954084936207
131 0.4961832061068702 1.9654038239749154
132 0.49242424242424243 1.9672834322260262
133 0.48872180451127817 1.969134984534316
134 0.4925373134328358 1.9672268903276366
135 0.4888888888888889 1.9690514213981876
136 0.49264705882352944 1.967172011608832
137 0.48905109489051096 1.9689702986556572
138 0.4927536231884058 1.9671187237471006
139 0.4892086330935252 1.9688915109325311
140 0.4857142857142857 1.9706392378109439
141 0.48936170212765956 1.9688149588356159
142 0.4859154929577465 1.970538593677685
143 0.4825174825174825 1.9722384493251284
144 0.4791666666666667 1.9739150915992651
145 0.47586206896551725 1.975569066839891
146 0.4726027397260274 1.9772009027934745
147 0.47619047619047616 1.9754046741497215
148 0.47297297297297297 1.9770155113971648
149 0.47651006711409394 1.9752446996343864
150 0.47333333333333333 1.976835070919198
151 0.4768211920529801 1.9750889674798833
152 0.47368421052631576 1.976659385559013
153 0.477124183006536 1.9749373110816242
154 0.474025974025974 1.976488269711097
155 0.4774193548387097 1.9747895724490214
156 0.4807692307692308 1.9731131653454528
157 0.4840764331210191 1.9714585384075212
158 0.4810126582278481 1.9729913626284428
159 0.4779874213836478 1.9745052563312735
160 0.475 1.9760006226950633
161 0.4720496894409938 1.9774778524730254
162 0.47530864197530864 1.9758461108242742
163 0.4723926380368098 1.97730611291649
164 0.4695121951219512 1.9787487729739472
165 0.4666666666666667 1.980174445596177
166 0.46987951807228917 1.9785647732346143
167 0.46706586826347307 1.9799744050824661
168 0.4642857142857143 1.9813677709650008
169 0.46745562130177515 1.979779109449891
170 0.4647058823529412 1.981157155271534
171 0.4678362573099415 1.9795883917413302
172 0.46511627906976744 1.9809514497394614
173 0.4624277456647399 1.9822992606663339
174 0.46551724137931033 1.9807504845031367
175 0.46285714285714286 1.9820839602815479
176 0.4659090909090909 1.9805540974489155
177 0.4632768361581921 1.9818735387898325
178 0.46629213483146065 1.9803621337775934
179 0.46368715083798884 1.981667832063943
180 0.46111111111111114 1.9829595109798057
181 0.4585635359116022 1.9842374293332763
182 0.46153846153846156 1.9827451936578266
183 0.45901639344262296 1.9840102275461933
184 0.45652173913043476 1.9852620290804697
185 0.4540540540540541 1.9865008360303809
186 0.45698924731182794 1.9850273957640996
187 0.45989304812834225 1.9835704518490505
188 0.4574468085106383 1.9847977730567836
189 0.4603174603174603 1.983357567014905
190 0.45789473684210524 1.9845730019616488
191 0.45549738219895286 1.9857762015151323
192 0.4583333333333333 1.9843529301462746
193 0.46113989637305697 1.9829450746495627
194 0.4639175257731959 1.98155234155003
195 0.46153846153846156 1.9827451936578266
196 0.4642857142857143 1.9813677709650008
197 0.4619289340101523 1.9825493831201066
198 0.4595959595959596 1.983719479904145
199 0.4623115577889447 1.9823575198336543
200 0.465 1.9810097317656332
201 0.46766169154228854 1.9796758567650072
202 0.47029702970297027 1.9783556428550475
203 0.4729064039408867 1.977048844766449
204 0.47549019607843135 1.9757552236978504
205 0.47317073170731705 1.976916488316806
206 0.470873786407767 1.9780667641669696
207 0.47342995169082125 1.976786693136842
208 0.47115384615384615 1.9779264983914189
209 0.47368421052631576 1.976659385559013
210 0.4714285714285714 1.9777889087637865
211 0.46919431279620855 1.9789080135458388
212 0.4669811320754717 1.9800168656245547
213 0.4647887323943662 1.9811156269032242
214 0.4672897196261682 1.9798622374635226
215 0.46511627906976744 1.9809514497394614
216 0.4675925925925926 1.97971047888419
217 0.4700460829493088 1.9784813401073347
218 0.46788990825688076 1.979561510685873
219 0.4657534246575342 1.980632112954858
220 0.4681818181818182 1.9794152565578755
221 0.4660633484162896 1.980476789606926
222 0.46396396396396394 1.9815290618358916
223 0.4618834080717489 1.9825722124428227
224 0.45982142857142855 1.9836063775991983
225 0.4577777777777778 1.9846316905371377
226 0.4557522123893805 1.9856482816334544
227 0.45374449339207046 1.9866562784906963
228 0.45614035087719296 1.9854534546981966
229 0.45414847161572053 1.986453427074543
230 0.45217391304347826 1.9874450676817952
231 0.45021645021645024 1.9884284958322658
232 0.4482758620689655 1.9894038283723032
233 0.44635193133047213 1.990371179749712
234 0.4444444444444444 1.9913306620788618
235 0.4425531914893617 1.9922823852035836
236 0.4406779661016949 1.9932264567579405
237 0.4388185654008439 1.9941629822249618
238 0.4369747899159664 1.9950920649934227
239 0.4351464435146444 1.9960138064127464
240 0.43333333333333335 1.996928305846106
241 0.43568464730290457 1.995742431086727
242 0.43388429752066116 1.9966503626106311
243 0.43209876543209874 1.9975512560871813
244 0.430327868852459 1.998445204917427
245 0.4326530612244898 1.9972715380576187
246 0.43089430894308944 1.99815921751037
247 0.4331983805668016 1.9969963913851458
248 0.4314516129032258 1.997877887354536
249 0.43373493975903615 1.996725704581134
250 0.432 1.9976011012472628
251 0.4342629482071713 1.996459369763791
252 0.43253968253968256 1.997328749636589
253 0.4308300395256917 1.998191663906232
254 0.4330708661417323 1.997060726474815
255 0.43529411764705883 1.9959393417324165
256 0.4375 1.994827366285637
257 0.4396887159533074 1.993724659940514
258 0.437984496124031 1.9945832181704484
259 0.44015444015444016 1.9934900984142068
260 0.4423076923076923 1.9924059566226942
261 0.44061302681992337 1.993259157623831
262 0.44274809160305345 1.9921842877346063
263 0.4448669201520912 1.9911181181644182
264 0.44696969696969696 1.9900605241786549
265 0.4490566037735849 1.9890113836937906
266 0.45112781954887216 1.9879705772012939
267 0.449438202247191 1.988819593859439
268 0.44776119402985076 1.9896625644502077
269 0.44609665427509293 1.9904995629626152
270 0.44814814814814813 1.9894680306420227
271 0.45018450184501846 1.988444549844107
272 0.4522058823529412 1.9874290094464664
273 0.4542124542124542 1.9864213005971771
274 0.45255474452554745 1.9872537818418357
275 0.45454545454545453 1.9862541030029746
276 0.4528985507246377 1.9870811052212578
277 0.4548736462093863 1.986089329801911
278 0.45323741007194246 1.9869109241993015
279 0.45161290322580644 1.987726880003623
280 0.45357142857142857 1.986743184984665
281 0.4555160142348754 1.9857668483916737
282 0.45390070921985815 1.9865778353231507
283 0.45229681978798586 1.9873833319686076
284 0.45422535211267606 1.9864148244430717
285 0.45614035087719296 1.9854534546981966
286 0.45454545454545453 1.9862541030029746
287 0.4529616724738676 1.9870494035592208
288 0.4548611111111111 1.9860956230415594
289 0.45674740484429066 1.9851487694352452
290 0.45517241379310347 1.9859393379296955
291 0.4570446735395189 1.9849995796768776
292 0.4554794520547945 1.9857852023244233
293 0.45733788395904434 1.984852434159161
294 0.45918367346938777 1.9839263062929975
295 0.4610169491525424 1.9830067353621406
296 0.46283783783783783 1.9820936395489455
297 0.4612794612794613 1.982875081241604
298 0.46308724832214765 1.9819685907563809
299 0.46153846153846156 1.9827451936578266
300 0.4633333333333333 1.9818452138191585
301 0.46511627906976744 1.9809514497394614
302 0.46357615894039733 1.9817234754021076
303 0.46534653465346537 1.9808360425874199
304 0.46381578947368424 1.9816033430512092
305 0.46229508196721314 1.9823657812576037
306 0.46078431372549017 1.9831234103600646
307 0.4592833876221498 1.9838762826702654
308 0.461038961038961 1.9829956958337231
309 0.459546925566343 1.983744077458663
310 0.4612903225806452 1.9828696342378767
311 0.4630225080385852 1.9820010496284197
312 0.46474358974358976 1.9811382544793432
313 0.46325878594249204 1.9818825883510294
314 0.46178343949044587 1.982622342996034
315 0.4634920634920635 1.981765635401272
316 0.4620253164556962 1.9825010519461053
317 0.4605678233438486 1.9832319918874362
318 0.46226415094339623 1.98238129096777
319 0.46394984326018807 1.9815361406038583
320 0.465625 1.9806964770052282
321 0.4672897196261682 1.9798622374635226
322 0.4658385093167702 1.9805894707325593
323 0.46439628482972134 1.9813123445567042
324 0.46296296296296297 1.9820309040520614
325 0.4646153846153846 1.9812025175855723
326 0.4662576687116564 1.9803794061729212
327 0.46788990825688076 1.979561510685873
328 0.4695121951219512 1.9787487729739472
329 0.47112462006079026 1.977941135842644
330 0.4696969696969697 1.9786562145014996
331 0.46827794561933533 1.9793670955189482
332 0.46686746987951805 1.980073821478911
333 0.46546546546546547 1.9807764343383973
334 0.46706586826347307 1.9799744050824661
335 0.46865671641791046 1.9791773323726032
336 0.47023809523809523 1.978385162325199
337 0.4688427299703264 1.9790841434048252
338 0.47041420118343197 1.9782969538733477
339 0.4690265486725664 1.9789920561424728
340 0.4676470588235294 1.9796831884819346
341 0.46920821114369504 1.9789010511510123
342 0.4678362573099415 1.9795883917413302
343 0.46647230320699706 1.98027184527813
344 0.4680232558139535 1.9794946995652412
345 0.4666666666666667 1.980174445596177
346 0.4682080924855491 1.9794020927470222
347 0.4668587896253602 1.9800781711688753
348 0.46551724137931033 1.9807504845031367
349 0.4670487106017192 1.979983002594059
350 0.4685714285714286 1.9792200605600474
351 0.4700854700854701 1.9784616111509423
352 0.4715909090909091 1.9777076078418647
353 0.4730878186968839 1.9769580048182263
354 0.4717514124293785 1.9776272270536932
355 0.4704225352112676 1.978292779547346
356 0.4691011235955056 1.978954697103745
357 0.47058823529411764 1.978209784980391
358 0.4720670391061452 1.9774691640631492
359 0.47075208913649025 1.9781277167404965
360 0.46944444444444444 1.9787827116043637
361 0.46814404432132967 1.979434181892489
362 0.46685082872928174 1.980082160391715
363 0.46831955922865015 1.9793462467673848
364 0.4697802197802198 1.9786145130132589
365 0.4684931506849315 1.9792592772464386
366 0.4672131147540984 1.9799006223212774
367 0.4659400544959128 1.9805385795768804
368 0.4673913043478261 1.979811336400094
369 0.46612466124661245 1.9804460624614713
370 0.4648648648648649 1.981077466129318
371 0.46630727762803237 1.9803545451226667
372 0.46774193548387094 1.97963565082299
373 0.46648793565683644 1.980264011429437
374 0.4679144385026738 1.9795492202118048
375 0.4666666666666667 1.980174445596177
376 0.46808510638297873 1.9794637109661062
377 0.46684350132625996 1.9800858321735042
378 0.4656084656084656 1.980704763817704
379 0.46437994722955145 1.981320534155401
380 0.46578947368421053 1.9806140460576755
381 0.4645669291338583 1.98122680630863
382 0.46335078534031415 1.9818364642686095
383 0.4621409921671018 1.9824430470640415
384 0.4609375 1.9830465814773093
385 0.4623376623376623 1.9823444303470472
386 0.46113989637305697 1.9829450746495627
387 0.4625322997416021 1.9822468358174061
388 0.46134020618556704 1.9828446174473235
389 0.46272493573264784 1.982150247649443
390 0.46153846153846156 1.9827451936578266
391 0.46035805626598464 1.9833372048764497
392 0.45918367346938777 1.9839263062929975
393 0.4580152671755725 1.984512522586737
394 0.4593908629441624 1.9838223664156116
395 0.4607594936708861 1.9831358587587826
396 0.4595959595959596 1.983719479904145
397 0.45843828715365237 1.9843002705334738
398 0.457286432160804 1.9848782543321133
399 0.45864661654135336 1.984195745920359
400 0.4575 1.984771080589589
