# parameters:
#  num_nodes=4, total_iters=400, ntest=20, copies=21
#  phase_average=1.838878210673444, failure_threshold=0.2
# columns:
#  iteration   running_frequency   running_estimation
1 1.0 1.5707963267948966
2 0.5 1.9634954084936207
3 0.3333333333333333 2.0484546358571514
4 0.5 1.9634954084936207
5 0.4 2.0138348886912034
6 0.5 1.9634954084936207
7 0.5714285714285714 1.9276585162672795
8 0.5 1.9634954084936207
9 0.4444444444444444 1.9913306620788618
10 0.5 1.9634954084936207
11 0.5454545454545454 1.940736713984267
12 0.5 1.9634954084936207
13 0.5384615384615384 1.9442456233294148
14 0.5714285714285714 1.9276585162672795
15 0.5333333333333333 1.9468163713910644
16 0.5625 1.9321634507016043
17 0.5882352941176471 1.9191455073835282
18 0.6111111111111112 1.907472135418278
19 0.631578947368421 1.896921904214075
20 0.65 1.8873222449897713
21 0.6666666666666666 1.8785361811300902
22 0.6818181818181818 1.8704532750035392
23 0.6956521739130435 1.86298327521912
24 0.7083333333333334 1.8560515506674888
25 0.72 1.849595740144665
26 0.6923076923076923 1.8647976285686805
27 0.7037037037037037 1.8585920626011596
28 0.7142857142857143 1.8527676474752108
29 0.6896551724137931 1.8662327018676061
30 0.7 1.8606161969767487
31 0.7096774193548387 1.8553117749268786
32 0.71875 1.8502912598073893
33 0.7272727272727273 1.8455299491737103
34 0.7352941176470589 1.8410060769301886
35 0.7142857142857143 1.8527676474752108
36 0.7222222222222222 1.84835691057329
37 0.7027027027027027 1.859139840661641
38 0.6842105263157895 1.8691679004036834
39 0.6923076923076923 1.8647976285686805
40 0.675 1.8741026325822432
41 0.6585365853658537 1.8828349530631001
42 0.6428571428571429 1.8910574831346088
43 0.6511627906976745 1.8867125426454396
44 0.6590909090909091 1.882542654675233
45 0.6444444444444445 1.8902288989126022
46 0.6304347826086957 1.8975146964611738
47 0.6382978723404256 1.8934329498844855
48 0.625 1.900325344708101
49 0.6326530612244898 1.896365056299991
50 0.62 1.9029039457338799
51 0.6078431372549019 1.9091467604267012
52 0.6153846153846154 1.9052783639291002
53 0.6226415094339622 1.901542503778358
54 0.6296296296296297 1.8979316187746567
55 0.6363636363636364 1.8944387508027227
56 0.6428571428571429 1.8910574831346088
57 0.6491228070175439 1.887781886417124
58 0.6551724137931034 1.8846064712190307
59 0.6440677966101694 1.890425586748772
60 0.65 1.8873222449897713
61 0.6557377049180327 1.884309087073628
62 0.6612903225806451 1.8813817540110467
63 0.6507936507936508 1.8869061498543909
64 0.65625 1.8840394825116507
65 0.6615384615384615 1.8812506657199402
66 0.6515151515151515 1.8865276913941074
67 0.6417910447761194 1.8916135350409422
68 0.6470588235294118 1.8888623581974016
69 0.6521739130434783 1.8861819832117406
70 0.6428571428571429 1.8910574831346088
71 0.647887323943662 1.888428821559552
72 0.6527777777777778 1.8858649498271787
73 0.6575342465753424 1.8833632030014187
74 0.6621621621621622 1.8809210697863072
75 0.6533333333333333 1.885573165135671
76 0.6578947368421053 1.8831732611774181
77 0.6623376623376623 1.8808282995042194
78 0.6666666666666666 1.8785361811300902
79 0.6708860759493671 1.876294919467377
80 0.675 1.8741026325822432
81 0.6666666666666666 1.8785361811300902
82 0.6707317073170732 1.876377044511207
83 0.6746987951807228 1.8742633845218748
84 0.6666666666666666 1.8785361811300902
85 0.6588235294117647 1.8826836599547003
86 0.6511627906976745 1.8867125426454396
87 0.6436781609195402 1.8906290079394161
88 0.6363636363636364 1.8944387508027227
89 0.6292134831460674 1.8981470334920207
90 0.6333333333333333 1.8960122095352698
91 0.6263736263736264 1.8996157461244176
92 0.6195652173913043 1.9031278572899624
93 0.6129032258064516 1.9065527110969471
94 0.6170212765957447 1.9044369952614986
95 0.6210526315789474 1.902361638284255
96 0.625 1.900325344708101
97 0.6185567010309279 1.9036470500150582
98 0.6224489795918368 1.901641797126704
99 0.6262626262626263 1.8996731068870158
100 0.63 1.8977398577665034
101 0.6336633663366337 1.8958409768452247
102 0.6372549019607843 1.8939754370808497
103 0.6310679611650486 1.8971866935502886
104 0.625 1.900325344708101
105 0.6190476190476191 1.9033943543013059
106 0.6226415094339622 1.901542503778358
107 0.6261682242990654 1.899721887636549
108 0.6296296296296297 1.8979316187746567
109 0.6330275229357798 1.8961708457264677
110 0.6363636363636364 1.8944387508027227
111 0.6396396396396397 1.8927345483524574
112 0.6428571428571429 1.8910574831346088
113 0.6460176991150443 1.8894068287915742
114 0.6491228070175439 1.887781886417124
115 0.6521739130434783 1.8861819832117406
116 0.646551724137931 1.8891275983340317
117 0.6495726495726496 1.887546205957962
118 0.652542372881356 1.8859885544262156
119 0.6554621848739496 1.884454045062704
120 0.6583333333333333 1.882942100494061
121 0.6611570247933884 1.8814521636677128
122 0.6639344262295082 1.8799836969256423
123 0.6585365853658537 1.8828349530631001
124 0.6612903225806451 1.8813817540110467
125 0.656 1.8841710614655858
126 0.6587301587301587 1.8827328936154082
127 0.6614173228346457 1.8813146645076633
128 0.65625 1.8840394825116507
129 0.6511627906976745 1.8867125426454396
130 0.6538461538461539 1.8853037280082345
131 0.6564885496183206 1.8839139088307302
132 0.6590909090909091 1.882542654675233
133 0.6541353383458647 1.885151748382757
134 0.6567164179104478 1.8837939384392324
135 0.6592592592592592 1.882453859880621
136 0.6617647058823529 1.8811311235891404
137 0.6642335766423357 1.8798253525025623
138 0.6666666666666666 1.8785361811300902
139 0.6690647482014388 1.8772632550921737
140 0.6714285714285714 1.876006230682855
141 0.6737588652482269 1.8747647744533362
142 0.6690140845070423 1.8772901718579247
143 0.6713286713286714 1.8760594016147178
144 0.6736111111111112 1.8748435574868925
145 0.6689655172413793 1.8773159738493272
146 0.6712328767123288 1.8761103835661486
147 0.673469387755102 1.8749191162500014
148 0.668918918918919 1.8773407289152884
149 0.6711409395973155 1.8761593089895008
150 0.6733333333333333 1.8749916447158812
151 0.6754966887417219 1.8738374671529001
152 0.6710526315789473 1.8762062998621913
153 0.673202614379085 1.8750613216037124
154 0.6753246753246753 1.8739293112525615
155 0.6774193548387096 1.8728100221856283
156 0.6794871794871795 1.8717032143965258
157 0.6815286624203821 1.8706086542656293
158 0.6835443037974683 1.8695261143399564
159 0.6855345911949685 1.8684553731223803
160 0.6875 1.867396214869711
161 0.6832298136645962 1.8696951387148695
162 0.6851851851851852 1.8686434797116893
163 0.6809815950920245 1.8709021517131437
164 0.6829268292682927 1.8698579367121013
165 0.6848484848484848 1.8688246926822627
166 0.6807228915662651 1.8710408975720993
167 0.6826347305389222 1.870014846233127
168 0.6845238095238095 1.8689993842768189
169 0.6863905325443787 1.8679943282596134
170 0.6882352941176471 1.8669994992194856
171 0.6900584795321637 1.8660147225341643
172 0.686046511627907 1.8681796728870588
173 0.6820809248554913 1.8703122334433084
174 0.6839080459770115 1.8693305629257597
175 0.6857142857142857 1.8683586105711658
176 0.6875 1.867396214869711
177 0.6892655367231638 1.8664432180975372
178 0.6910112359550562 1.8654994662017972
179 0.6927374301675978 1.8645648086900015
180 0.6888888888888889 1.8666466482295574
181 0.6906077348066298 1.8657177354625292
182 0.6868131868131868 1.8677665435356263
183 0.6830601092896175 1.869786328524115
184 0.6847826086956522 1.8688601412782189
185 0.6864864864864865 1.867942622294167
186 0.6881720430107527 1.8670336353387396
187 0.6844919786096256 1.8690165082934722
188 0.6861702127659575 1.8681130340397136
189 0.6878306878306878 1.8672178293578277
190 0.6894736842105263 1.866330767142297
191 0.6910994764397905 1.8654517230439382
192 0.6927083333333334 1.8645805753924574
193 0.694300518134715 1.863717205121688
194 0.6958762886597938 1.8628614956973961
195 0.6974358974358974 1.8620133330475483
196 0.6989795918367347 1.8611726054949453
197 0.700507614213198 1.8603392036921231
198 0.696969696969697 1.8622669961216007
199 0.6984924623115578 1.8614380381346463
200 0.695 1.8633375103182779
201 0.6915422885572139 1.8652120793155442
202 0.6881188118811881 1.867062362288752
203 0.6896551724137931 1.8662327018676061
204 0.6911764705882353 1.865410061717462
205 0.6926829268292682 1.864594342075928
206 0.6893203883495146 1.8664135867057556
207 0.6908212560386473 1.865602243433076
208 0.6875 1.867396214869711
209 0.6889952153110048 1.8665892274331424
210 0.6904761904761905 1.8657888758497603
211 0.6919431279620853 1.8649950684576522
212 0.6933962264150944 1.8642077153818968
213 0.6948356807511737 1.8634267284894082
214 0.6915887850467289 1.8651869105419938
215 0.6930232558139535 1.8644099062402153
216 0.6898148148148148 1.8661464277085642
217 0.6912442396313364 1.8653733896934086
218 0.6926605504587156 1.864606466599167
219 0.6940639269406392 1.8638455771740239
220 0.6909090909090909 1.8655547278178097
221 0.6923076923076923 1.8647976285686805
222 0.6936936936936937 1.8640464064088307
223 0.695067264573991 1.8633009847045883
224 0.6964285714285714 1.8625612882325635
225 0.6977777777777778 1.861827243146013
226 0.6991150442477876 1.8610987769421878
227 0.7004405286343612 1.8603758184306372
228 0.7017543859649122 1.8596582977024334
229 0.7030567685589519 1.8589461461002843
230 0.7043478260869566 1.8582392961895047
231 0.7012987012987013 1.8599072576824467
232 0.7025862068965517 1.8592035560697344
233 0.703862660944206 1.8585050271813002
234 0.7051282051282052 1.857811607196034
235 0.7063829787234043 1.8571232334032861
236 0.7076271186440678 1.856439844177842
237 0.7088607594936709 1.8557613789555925
238 0.7058823529411765 1.857397981345324
239 0.7071129707112971 1.8567223617187227
240 0.7083333333333334 1.8560515506674888
241 0.7053941908713693 1.85766575776965
242 0.7066115702479339 1.8569977348193598
243 0.7078189300411523 1.856334409018742
244 0.7090163934426229 1.8556757249415603
245 0.710204081632653 1.855021628083754
246 0.7073170731707317 1.8566102275110277
247 0.7044534412955465 1.8581814326690362
248 0.7056451612903226 1.8575281066187161
249 0.7068273092369478 1.8568792661536686
250 0.704 1.8584298176824223
251 0.7051792828685259 1.8577836024287497
252 0.7063492063492064 1.857141772286873
253 0.7075098814229249 1.8565042773043574
254 0.7047244094488189 1.8580329495855437
255 0.7019607843137254 1.8595454975070684
256 0.703125 1.8589088118827537
257 0.7003891050583657 1.8604038833924559
258 0.7015503875968992 1.8597697642166557
259 0.7027027027027027 1.859139840661641
260 0.7038461538461539 1.8585140661042774
261 0.7049808429118773 1.8578923946525236
262 0.7061068702290076 1.8572747811305734
263 0.7072243346007605 1.8566611810643718
264 0.7083333333333334 1.8560515506674888
265 0.7094339622641509 1.8554458468273454
266 0.7105263157894737 1.854844027091779
267 0.7078651685393258 1.8563089895368257
268 0.7089552238805971 1.8557093915621812
269 0.7100371747211895 1.8551135966917986
270 0.7111111111111111 1.8545215644343152
271 0.7121771217712177 1.8539332549063845
272 0.7095588235294118 1.8553770898332815
273 0.7106227106227107 1.8547908872120615
274 0.7116788321167883 1.85420833131406
275 0.7127272727272728 1.8536293840615392
276 0.7137681159420289 1.8530540079374687
277 0.7148014440433214 1.8524821659748292
278 0.7158273381294964 1.8519138217461726
279 0.7132616487455197 1.8533340600268853
280 0.7107142857142857 1.85474039946651
281 0.708185053380783 1.8561331013782003
282 0.7056737588652482 1.8575124193769361
283 0.7067137809187279 1.8569416110916728
284 0.704225352112676 1.8583063886319036
285 0.7052631578947368 1.8577376125902676
286 0.7062937062937062 1.8571722369316088
287 0.7073170731707317 1.8566102275110277
288 0.7048611111111112 1.8579580258214525
289 0.7024221453287197 1.8592932745643385
290 0.7034482758620689 1.8587318912164696
291 0.7044673539518901 1.858173809879444
292 0.702054794520548 1.8594941118875887
293 0.7030716723549488 1.8589379913974067
294 0.7040816326530612 1.8583851092861536
295 0.7050847457627119 1.8578354338699163
296 0.7027027027027027 1.859139840661641
297 0.7037037037037037 1.8585920626011596
298 0.7046979865771812 1.8580474303319658
299 0.7023411371237458 1.859337569347912
300 0.7033333333333334 1.8587948027264702
301 0.7043189368770764 1.8582551227080004
302 0.7052980132450332 1.857718499798719
303 0.7062706270627063 1.8571849049027263
304 0.7072368421052632 1.8566543093150445
305 0.7049180327868853 1.8579268250835355
306 0.7058823529411765 1.857397981345324
307 0.7068403908794788 1.8568720818165247
308 0.7077922077922078 1.8563490989600107
309 0.7055016181229773 1.857606840726485
310 0.7064516129032258 1.8570855556877945
311 0.7041800643086816 1.858331195693729
312 0.7051282051282052 1.857811607196034
313 0.7060702875399361 1.8572948571593724
314 0.7070063694267515 1.8567809195294973
315 0.707936507936508 1.856269768589791
316 0.7088607594936709 1.8557613789555925
317 0.7097791798107256 1.8552557255686402
318 0.710691823899371 1.854752783691633
319 0.7115987460815048 1.8542525289029002
320 0.7125 1.8537549370911806
321 0.7102803738317757 1.8549795845364576
322 0.7111801242236024 1.8544834970642146
323 0.7120743034055728 1.8539900264803442
324 0.7129629629629629 1.8534991496009692
325 0.7138461538461538 1.8530108435320467
326 0.7147239263803681 1.8525250856646733
327 0.7125382262996942 1.853733821681018
328 0.7134146341463414 1.8532494820443197
329 0.7112462006079028 1.854447047051055
330 0.7090909090909091 1.8556347100574195
331 0.7099697885196374 1.8551507232213411
332 0.7108433734939759 1.854669221945126
333 0.7117117117117117 1.854190184786002
334 0.7095808383233533 1.8553649661048797
335 0.7104477611940299 1.8548873282507192
336 0.7113095238095238 1.8544121134637273
337 0.712166172106825 1.8539393010949952
338 0.7130177514792899 1.8534688707439777
339 0.7138643067846607 1.853000802254619
340 0.7147058823529412 1.8525350757115557
341 0.7126099706744868 1.8536941893243508
342 0.7105263157894737 1.854844027091779
343 0.7113702623906706 1.854378603598198
344 0.7122093023255814 1.8539154850425983
345 0.7130434782608696 1.85345465225008
346 0.7138728323699421 1.852996086270889
347 0.7146974063400576 1.8525397683769882
348 0.7155172413793104 1.8520856800586976
349 0.7134670487106017 1.853220501545356
350 0.7114285714285714 1.8543464321559908
351 0.7122507122507122 1.8538926179174957
352 0.7130681818181818 1.8534409989060112
353 0.7138810198300283 1.8529915572837128
354 0.711864406779661 1.8541059030082383
355 0.7126760563380282 1.8536576802881617
356 0.7134831460674157 1.8532116008490522
357 0.711484593837535 1.8543155205191764
358 0.7122905027932961 1.8538706441136086
359 0.713091922005571 1.8534278776733624
360 0.7138888888888889 1.852987204387223
361 0.7146814404432132 1.8525486076330373
362 0.7154696132596685 1.852112070974958
363 0.7134986225895317 1.8532030432892095
364 0.7115384615384616 1.8542857961089063
365 0.7123287671232876 1.8538495122862446
366 0.7131147540983607 1.8534152580397205
367 0.7138964577656676 1.8529830175074373
368 0.7146739130434783 1.8525527750024884
369 0.7154471544715447 1.852124515010454
370 0.7162162162162162 1.8516982221869422
371 0.7169811320754716 1.8512738813551748
372 0.7150537634408602 1.852342438425791
373 0.7158176943699732 1.8519191672527862
374 0.7165775401069518 1.8514978191214437
375 0.7146666666666667 1.8525567867589485
376 0.7154255319148937 1.8521364954247534
377 0.7161803713527851 1.8517180988189272
378 0.7142857142857143 1.8527676474752108
379 0.712401055408971 1.853809588130331
380 0.7105263157894737 1.854844027091779
381 0.7112860892388452 1.854425041906992
382 0.7094240837696335 1.8554512862171035
383 0.7101827676240209 1.8550333733456494
384 0.7109375 1.8546173157275123
385 0.7116883116883117 1.8542030995210725
386 0.7098445595854922 1.855219711517371
387 0.710594315245478 1.8548065413650092
388 0.711340206185567 1.8543951860615269
389 0.712082262210797 1.8539856322096895
390 0.7128205128205128 1.8535778665519165
391 0.7135549872122762 1.8531718759683926
392 0.7142857142857143 1.8527676474752108
393 0.7150127226463104 1.852365168222548
394 0.7157360406091371 1.8519644254928673
395 0.7164556962025317 1.8515654066991547
396 0.7171717171717171 1.851168099383181
397 0.7178841309823678 1.8507724912137926
398 0.7160804020100503 1.851773529643983
399 0.7167919799498746 1.8513788466610537
400 0.7175 1.850985839300904
