# parameters:
#  num_nodes=4, total_iters=469, ntest=20, copies=21
#  phase_average=1.7554487379694645, failure_threshold=0.2
# columns:
#  iteration   running_frequency   running_estimation
1 0.0 2.356194490192345
2 0.0 2.356194490192345
3 0.3333333333333333 2.0484546358571514
4 0.5 1.9634954084936207
5 0.4 2.0138348886912034
6 0.5 1.9634954084936207
7 0.42857142857142855 1.9993323007199622
8 0.375 2.0266654722791406
9 0.3333333333333333 2.0484546358571514
10 0.3 2.066374620010493
11 0.2727272727272727 2.081460867813531
12 0.25 2.0943951023931957
13 0.23076923076923078 2.1056479835596664
14 0.2857142857142857 2.0742231695120306
15 0.3333333333333333 2.0484546358571514
16 0.375 2.0266654722791406
17 0.35294117647058826 2.03812845878984
18 0.3333333333333333 2.0484546358571514
19 0.3157894736842105 2.057822916583558
20 0.35 2.03966857199747
21 0.3333333333333333 2.0484546358571514
22 0.3181818181818182 2.056537541983702
23 0.30434782608695654 2.0640075417681216
24 0.2916666666666667 2.0709392663197526
25 0.28 2.0773950768425764
26 0.3076923076923077 2.062193188418561
27 0.2962962962962963 2.068398754386082
28 0.2857142857142857 2.0742231695120306
29 0.3103448275862069 2.0607581151196355
30 0.3 2.066374620010493
31 0.2903225806451613 2.071679042060363
32 0.28125 2.076699557179852
33 0.30303030303030304 2.0647238208656407
34 0.29411764705882354 2.0695928356419175
35 0.3142857142857143 2.0586322064160756
36 0.3055555555555556 2.0633517184637693
37 0.32432432432432434 2.0532489307727215
38 0.3157894736842105 2.057822916583558
39 0.3333333333333333 2.0484546358571514
40 0.35 2.03966857199747
41 0.34146341463414637 2.0441558639241415
42 0.35714285714285715 2.0359333338526326
43 0.37209302325581395 2.028167803162175
44 0.36363636363636365 2.0325520661845187
45 0.37777777777777777 2.025232087133729
46 0.391304347826087 2.018280673243004
47 0.3829787234042553 2.022553821725743
48 0.3958333333333333 2.015963056559305
49 0.40816326530612246 2.009675959166179
50 0.42 2.003668071731598
51 0.4117647058823529 2.0078453096037134
52 0.40384615384615385 2.011873706621317
53 0.41509433962264153 2.0061549600122
54 0.4074074074074074 2.01006048438776
55 0.41818181818181815 2.0045893045012835
56 0.4107142857142857 2.0083789963376706
57 0.42105263157894735 2.003134978653046
58 0.43103448275862066 1.9980884528398974
59 0.4406779661016949 1.9932264567579405
60 0.43333333333333335 1.996928305846106
61 0.4426229508196721 1.9922472733036392
62 0.45161290322580644 1.987726880003623
63 0.4603174603174603 1.983357567014905
64 0.46875 1.9791305989427435
65 0.47692307692307695 1.9750379704591072
66 0.48484848484848486 1.9710723259851675
67 0.4925373134328358 1.9672268903276366
68 0.5 1.9634954084936207
69 0.4927536231884058 1.9671187237471006
70 0.5 1.9634954084936207
71 0.5070422535211268 1.9599741653063854
72 0.5138888888888888 1.956550070677672
73 0.5068493150684932 1.9600706438427558
74 0.5 1.9634954084936207
75 0.5066666666666667 1.960161976386953
76 0.5131578947368421 1.956915701545509
77 0.5194805194805194 1.9537526828436378
78 0.5128205128205128 1.9570844494585913
79 0.5189873417721519 1.9539994543587986
80 0.525 1.9509901942921781
81 0.5185185185185185 1.9542340310405977
82 0.524390243902439 1.9512954449009552
83 0.5180722891566265 1.9544572952418413
84 0.5238095238095238 1.9515861428375199
85 0.5294117647058824 1.9487810320068504
86 0.5348837209302325 1.9460393672477803
87 0.5287356321839081 1.949119671268631
88 0.5227272727272727 1.9521278553893715
89 0.5168539325842697 1.9550668455701434
90 0.5222222222222223 1.952380636148178
91 0.5164835164835165 1.9552521566294148
92 0.5108695652173914 1.9580601977233998
93 0.5161290322580645 1.955429493076559
94 0.5212765957446809 1.9528538974099248
95 0.5157894736842106 1.9555993589177088
96 0.5208333333333334 1.9530757253879762
97 0.5257731958762887 1.9506030970407613
98 0.5204081632653061 1.953288491448195
99 0.5151515151515151 1.955918491002074
100 0.51 1.9584950751002732
101 0.5148514851485149 1.9560685735717076
102 0.5196078431372549 1.9536889723248376
103 0.5242718446601942 1.9513547147392651
104 0.5288461538461539 1.9490643185958225
105 0.5333333333333333 1.9468163713910644
106 0.5377358490566038 1.9446095260194713
107 0.5420560747663551 1.9424424967887897
108 0.5462962962962963 1.9403140557377065
109 0.5412844036697247 1.9428296793338036
110 0.5363636363636364 1.9452975239927681
111 0.5405405405405406 1.9432028623217952
112 0.5357142857142857 1.9456230460222406
113 0.5398230088495575 1.9435627923495915
114 0.5350877192982456 1.945937117448289
115 0.5391304347826087 1.9439101637993812
116 0.5431034482758621 1.9419169006178612
117 0.5470085470085471 1.9399563699776783
118 0.5508474576271186 1.9380276530552358
119 0.5462184873949579 1.9403531277561532
120 0.5416666666666666 1.942637886840967
121 0.5454545454545454 1.940736713984267
122 0.5409836065573771 1.9429805894410481
123 0.5447154471544715 1.9411077747261556
124 0.5483870967741935 1.9392639369836184
125 0.552 1.9374483095582966
126 0.5476190476190477 1.9396497437415683
127 0.5433070866141733 1.941814699175185
128 0.5390625 1.9439442355099321
129 0.5426356589147286 1.9421516597789952
130 0.5461538461538461 1.94038558715572
131 0.5419847328244275 1.9424782944005046
132 0.5454545454545454 1.940736713984267
133 0.5488721804511278 1.9390202397859475
134 0.5522388059701493 1.9373282525370337
135 0.5555555555555556 1.9356601549083798
136 0.5514705882352942 1.9377144439261196
137 0.5547445255474452 1.9360681594679265
138 0.5507246376811594 1.9380893822807657
139 0.5539568345323741 1.936464352680412
140 0.55 1.9384535532032308
141 0.5460992907801419 1.9404129816640907
142 0.5422535211267606 1.9423434208587609
143 0.5384615384615384 1.9442456233294148
144 0.5347222222222222 1.946120312930638
145 0.5379310344827586 1.944511652717877
146 0.5342465753424658 1.9463587040323833
147 0.5374149659863946 1.9447704225439284
148 0.5405405405405406 1.9432028623217952
149 0.5436241610738255 1.941655559489642
150 0.5466666666666666 1.9401280651283475
151 0.5496688741721855 1.9386199446396795
152 0.5526315789473685 1.9371307771437913
153 0.5555555555555556 1.9356601549083798
154 0.551948051948052 1.9374744250590585
155 0.5483870967741935 1.9392639369836184
156 0.5448717948717948 1.9410292852593494
157 0.5414012738853503 1.9427710434375687
158 0.5379746835443038 1.9444897650411361
159 0.5408805031446541 1.9430323147635107
160 0.54375 1.9415923984711636
161 0.546583850931677 1.9401696542129514
162 0.5432098765432098 1.9418634871472131
163 0.5460122699386503 1.9404566778507806
164 0.5487804878048781 1.9390663062813442
165 0.5515151515151515 1.937692043177653
166 0.5542168674698795 1.9363335687712482
167 0.5508982035928144 1.9380021477109761
168 0.5476190476190477 1.9396497437415683
169 0.5443786982248521 1.9412768214577374
170 0.5470588235294118 1.9399311197535494
171 0.5497076023391813 1.9386004842253008
172 0.5523255813953488 1.9372846256670648
173 0.5549132947976878 1.935983262864686
174 0.5517241379310345 1.9375869886149382
175 0.5485714285714286 1.9391713347820283
176 0.5511363636363636 1.9378824429312822
177 0.5480225988700564 1.93944703887691
178 0.550561797752809 1.9381712231278025
179 0.553072625698324 1.9369090113439384
180 0.55 1.9384535532032308
181 0.5469613259668509 1.9399800854384686
182 0.5494505494505495 1.9387296472268751
183 0.546448087431694 1.9402378316401399
184 0.5489130434782609 1.9389997098836633
185 0.5459459459459459 1.9404899809568605
186 0.5483870967741935 1.9392639369836184
187 0.5508021390374331 1.9380504303303374
188 0.5478723404255319 1.9395225159384477
189 0.5502645502645502 1.9383206081343236
190 0.5473684210526316 1.9397756262077008
191 0.5445026178010471 1.941214615472109
192 0.5416666666666666 1.942637886840967
193 0.538860103626943 1.9440457423376787
194 0.5412371134020618 1.9428534053905062
195 0.5435897435897435 1.9416728340545528
196 0.5408163265306123 1.943064510694244
197 0.5431472081218274 1.9418949388536677
198 0.5454545454545454 1.940736713984267
199 0.5477386934673367 1.9395896469603178
200 0.55 1.9384535532032308
201 0.5522388059701493 1.9373282525370337
202 0.5544554455445545 1.9362135690496058
203 0.5566502463054187 1.935109330959388
204 0.553921568627451 1.9364820891411563
205 0.551219512195122 1.937840649144397
206 0.5533980582524272 1.9367453648714603
207 0.5507246376811594 1.9380893822807657
208 0.5528846153846154 1.9370035486816408
209 0.5550239234449761 1.9359276112102752
210 0.5571428571428572 1.9348614151855457
211 0.5545023696682464 1.9361899664668103
212 0.5566037735849056 1.9351327177889779
213 0.5539906103286385 1.9364473655195331
214 0.5514018691588785 1.937748986729302
215 0.5488372093023256 1.9390378094312912
216 0.5462962962962963 1.9403140557377065
217 0.543778801843318 1.9415779420656631
218 0.5458715596330275 1.9405273318892546
219 0.54337899543379 1.941778608909912
220 0.5409090909090909 1.9430179728303445
221 0.5384615384615384 1.9442456233294148
222 0.5405405405405406 1.9432028623217952
223 0.5426008968609866 1.9421691042909375
224 0.5446428571428571 1.941144215511722
225 0.5422222222222223 1.9423591264501037
226 0.5442477876106194 1.941342535353787
227 0.5418502202643172 1.9425457882825927
228 0.5394736842105263 1.9437380064114365
229 0.537117903930131 1.944919367857127
230 0.5391304347826087 1.9439101637993812
231 0.5411255411255411 1.9429093817126488
232 0.5387931034482759 1.9440793438892476
233 0.5407725321888412 1.9430864811129411
234 0.5384615384615384 1.9442456233294148
235 0.5404255319148936 1.943260556051453
236 0.538135593220339 1.9444090761570834
237 0.540084388185654 1.9434316834318872
238 0.542016806722689 1.942462200569734
239 0.5439330543933054 1.9415005173869746
240 0.5416666666666666 1.942637886840967
241 0.5435684647302904 1.941683514127486
242 0.5454545454545454 1.940736713984267
243 0.5432098765432098 1.9418634871472131
244 0.5450819672131147 1.9409237713283631
245 0.5469387755102041 1.9399914107060785
246 0.5447154471544715 1.9411077747261556
247 0.5465587044534413 1.9401822823493193
248 0.5483870967741935 1.9392639369836184
249 0.5502008032128514 1.9383526437425165
250 0.548 1.9394583907672747
251 0.549800796812749 1.938553654559807
252 0.5515873015873016 1.9376557748582992
253 0.5533596837944664 1.9367646623845365
254 0.5511811023622047 1.9378599555499951
255 0.5490196078431373 1.9389461703389108
256 0.546875 1.9400234397167415
257 0.5486381322957199 1.9391378242116335
258 0.5465116279069767 1.9402059232349547
259 0.5444015444015444 1.9412653530835087
260 0.5461538461538461 1.94038558715572
261 0.5440613026819924 1.9414361435345469
262 0.5458015267175572 1.940562496419334
263 0.5475285171102662 1.9396952152923053
264 0.5454545454545454 1.940736713984267
265 0.5471698113207547 1.9398753778387663
266 0.5488721804511278 1.9390202397859475
267 0.550561797752809 1.9381712231278025
268 0.5522388059701493 1.9373282525370337
269 0.550185873605948 1.9383601464458842
270 0.5481481481481482 1.9393839719129438
271 0.5461254612546126 1.9403998404217193
272 0.5477941176470589 1.939561807540775
273 0.5494505494505495 1.9387296472268751
274 0.551094890510949 1.9379032887121292
275 0.5527272727272727 1.937082662460305
276 0.5507246376811594 1.9380893822807657
277 0.5487364620938628 1.9390884245555573
278 0.5503597122302158 1.9382727844220948
279 0.5519713261648745 1.9374627246011404
280 0.5535714285714286 1.9366581794681537
281 0.5516014234875445 1.9376486760130884
282 0.5531914893617021 1.9368492410893028
283 0.5512367491166078 1.9378319850891526
284 0.5492957746478874 1.9388074147063055
285 0.5473684210526316 1.9397756262077008
286 0.5454545454545454 1.940736713984267
287 0.5435540069686411 1.9416907706002622
288 0.5416666666666666 1.942637886840967
289 0.5397923875432526 1.9435781517587933
290 0.5413793103448276 1.942782063029302
291 0.5429553264604811 1.9419912373103638
292 0.541095890410959 1.94292425743787
293 0.5426621160409556 1.9421383828280805
294 0.54421768707483 1.9413576448623846
295 0.5457627118644067 1.9405819857171092
296 0.5472972972972973 1.9398113485100843
297 0.5454545454545454 1.940736713984267
298 0.5469798657718121 1.9399707743600532
299 0.5451505016722408 1.9408893637409526
300 0.5466666666666666 1.9401280651283475
301 0.5481727574750831 1.9393716097696112
302 0.5496688741721855 1.9386199446396795
303 0.5478547854785478 1.9395313339074605
304 0.5493421052631579 1.9387841358769755
305 0.5508196721311476 1.9380416181638067
306 0.5490196078431373 1.9389461703389108
307 0.5472312703583062 1.9398445104739253
308 0.5487012987012987 1.939106090312221
309 0.5501618122977346 1.9383722381336081
310 0.5516129032258065 1.9376429053235062
311 0.5530546623794212 1.9369180440149252
312 0.5544871794871795 1.9361976070732347
313 0.5527156549520766 1.9370885039119154
314 0.554140127388535 1.9363721660710533
315 0.5555555555555556 1.9356601549083798
316 0.5537974683544303 1.936544502437315
317 0.555205047318612 1.9358364940248487
318 0.5534591194968553 1.9367146584358574
319 0.554858934169279 1.9360106084345121
320 0.553125 1.9368826752636834
321 0.5545171339563862 1.9361825400584558
322 0.5527950310559007 1.937048593084472
323 0.5541795665634675 1.9363523297689997
324 0.5524691358024691 1.9372124510608373
325 0.5538461538461539 1.9365200174223558
326 0.5552147239263804 1.9358316259529025
327 0.5565749235474006 1.9351472360929358
328 0.5579268292682927 1.9344668078705145
329 0.5592705167173252 1.9337903018900284
330 0.5575757575757576 1.9346435264664634
331 0.5589123867069486 1.933970630671579
332 0.5572289156626506 1.9348181017033457
333 0.5585585585585585 1.9341487781860867
334 0.5568862275449101 1.934990572425486
335 0.5582089552238806 1.9343247838634268
336 0.5565476190476191 1.9351609765421718
337 0.5578635014836796 1.9344986861866642
338 0.5591715976331361 1.933840112047966
339 0.5575221238938053 1.9346705227203662
340 0.5558823529411765 1.9354957320882955
341 0.5571847507331378 1.9348403301379047
342 0.5584795321637427 1.9341885648201034
343 0.5597667638483965 1.9335404014680737
344 0.561046511627907 1.9328958058919135
345 0.5623188405797102 1.9322547443699556
346 0.5606936416184971 1.9330735630572922
347 0.5619596541786743 1.9324357407715764
348 0.5603448275862069 1.9332492618468067
349 0.5616045845272206 1.9326146466328427
350 0.56 1.9334229378949237
351 0.5612535612535613 1.9327914980571006
352 0.5625 1.9321634507016043
353 0.5637393767705382 1.9315387645382556
354 0.5621468926553672 1.9323413921135062
355 0.5633802816901409 1.9317197805954283
356 0.5617977528089888 1.9325173185859734
357 0.5602240896358543 1.933310074452573
358 0.5614525139664804 1.9326912642385756
359 0.5626740947075209 1.9320757132742834
360 0.5611111111111111 1.9328632624229047
361 0.5595567867036011 1.9336461455379748
362 0.5580110497237569 1.9344244117430232
363 0.559228650137741 1.9338113837191964
364 0.5576923076923077 1.9345848603645472
365 0.5561643835616439 1.9353538231668086
366 0.5546448087431693 1.9361183188777398
367 0.555858310626703 1.9355078290036514
368 0.5543478260869565 1.9362677001384487
369 0.5555555555555556 1.9356601549083798
370 0.5567567567567567 1.935055729932789
371 0.5579514824797843 1.9344543976623785
372 0.5591397849462365 1.9338561308991162
373 0.5576407506702413 1.9346108120543968
374 0.5588235294117647 1.9340153704873084
375 0.56 1.9334229378949237
376 0.5611702127659575 1.932833488153866
377 0.5623342175066313 1.932246995468087
378 0.5608465608465608 1.932996532376739
379 0.5593667546174143 1.9337418406904665
380 0.5605263157894737 1.933157847513562
381 0.5590551181102362 1.933898763151554
382 0.5575916230366492 1.934635540598853
383 0.556135770234987 1.9353682209054728
384 0.5546875 1.9360968445159872
385 0.5558441558441558 1.9355149509663305
386 0.5569948186528497 1.9349359213328288
387 0.5555555555555556 1.9356601549083798
388 0.5541237113402062 1.936380422625625
389 0.5552699228791774 1.9358038564670017
390 0.5564102564102564 1.9352301002682895
391 0.5575447570332481 1.934659130480501
392 0.5586734693877551 1.9340909238397301
393 0.5597964376590331 1.9335254573625802
394 0.5583756345177665 1.9342408720014324
395 0.5569620253164557 1.9349524255142043
396 0.5580808080808081 1.9343892951227801
397 0.5591939546599496 1.9338288543942452
398 0.5603015075376885 1.9332710812497356
399 0.5614035087719298 1.932715953872062
400 0.56 1.9334229378949237
