# parameters:
#  num_nodes=4, total_iters=464, ntest=20, copies=21
#  phase_average=2.0980716394546612, failure_threshold=0.2
# columns:
#  iteration   running_frequency   running_estimation
1 0.0 2.356194490192345
2 0.0 2.356194490192345
3 0.3333333333333333 2.0484546358571514
4 0.25 2.0943951023931957
5 0.2 2.1243706856919418
6 0.3333333333333333 2.0484546358571514
7 0.42857142857142855 1.9993323007199622
8 0.375 2.0266654722791406
9 0.3333333333333333 2.0484546358571514
10 0.4 2.0138348886912034
11 0.36363636363636365 2.0325520661845187
12 0.4166666666666667 2.005357428298543
13 0.38461538461538464 2.021712453058141
14 0.35714285714285715 2.0359333338526326
15 0.3333333333333333 2.0484546358571514
16 0.3125 2.0595946021175306
17 0.29411764705882354 2.0695928356419175
18 0.2777777777777778 2.0786339064139514
19 0.2631578947368421 2.0868627571519514
20 0.25 2.0943951023931957
21 0.2857142857142857 2.0742231695120306
22 0.3181818181818182 2.056537541983702
23 0.30434782608695654 2.0640075417681216
24 0.2916666666666667 2.0709392663197526
25 0.28 2.0773950768425764
26 0.3076923076923077 2.062193188418561
27 0.2962962962962963 2.068398754386082
28 0.2857142857142857 2.0742231695120306
29 0.27586206896551724 2.0797043115554716
30 0.26666666666666666 2.0848749390675185
31 0.2903225806451613 2.071679042060363
32 0.3125 2.0595946021175306
33 0.30303030303030304 2.0647238208656407
34 0.29411764705882354 2.0695928356419175
35 0.2857142857142857 2.0742231695120306
36 0.3055555555555556 2.0633517184637693
37 0.2972972972972973 2.0678509763256003
38 0.2894736842105263 2.0721467898954624
39 0.28205128205128205 2.0762542063200953
40 0.3 2.066374620010493
41 0.3170731707317073 2.05713288027514
42 0.30952380952380953 2.0612019411374813
43 0.32558139534883723 2.0525779303757643
44 0.3409090909090909 2.0444481623120083
45 0.35555555555555557 2.0367619180746392
46 0.34782608695652173 2.040808833775501
47 0.3404255319148936 2.0447032397017035
48 0.3333333333333333 2.0484546358571514
49 0.3469387755102041 2.0412747232181343
50 0.34 2.0449277803172783
51 0.35294117647058826 2.03812845878984
52 0.34615384615384615 2.041687088979007
53 0.33962264150943394 2.0451269582369838
54 0.35185185185185186 2.038698527307776
55 0.36363636363636365 2.0325520661845187
56 0.375 2.0266654722791406
57 0.3684210526315789 2.0300689127731664
58 0.3620689655172414 2.0333670227732212
59 0.3559322033898305 2.0365652302384696
60 0.36666666666666664 2.0309786074519716
61 0.3770491803278688 2.025607854571939
62 0.3870967741935484 2.0204381058902943
63 0.38095238095238093 2.0235964626859357
64 0.375 2.0266654722791406
65 0.38461538461538464 2.021712453058141
66 0.3939393939393939 2.016931673046558
67 0.3880597014925373 2.019943990261832
68 0.38235294117647056 2.0228757011889824
69 0.37681159420289856 2.0257304183746863
70 0.38571428571428573 2.021147911315149
71 0.39436619718309857 2.016713322704754
72 0.4027777777777778 2.0124181717099305
73 0.410958904109589 2.0082546947476043
74 0.4189189189189189 2.004215764613707
75 0.41333333333333333 2.0070487167160307
76 0.42105263157894735 2.003134978653046
77 0.42857142857142855 1.9993323007199622
78 0.4358974358974359 1.9956351485039772
79 0.43037974683544306 1.9984190105649662
80 0.425 2.0011374766877923
81 0.41975308641975306 2.0037931448478865
82 0.4268292682926829 2.000212633375785
83 0.42168674698795183 2.0028139261120073
84 0.4166666666666667 2.005357428298543
85 0.4117647058823529 2.0078453096037134
86 0.4186046511627907 2.0043750145399772
87 0.42528735632183906 2.00099216074878
88 0.42045454545454547 2.003437849989458
89 0.42696629213483145 2.000143377255701
90 0.43333333333333335 1.996928305846106
91 0.42857142857142855 1.9993323007199622
92 0.42391304347826086 2.001687266389908
93 0.41935483870967744 2.003994897136402
94 0.425531914893617 2.0008684976650275
95 0.42105263157894735 2.003134978653046
96 0.4166666666666667 2.005357428298543
97 0.41237113402061853 2.0075372949336203
98 0.40816326530612246 2.009675959166179
99 0.40404040404040403 2.011774738007906
100 0.41 2.008742021305258
101 0.4158415841584158 2.0057758808848036
102 0.4117647058823529 2.0078453096037134
103 0.4174757281553398 2.0049472159458155
104 0.4230769230769231 2.0021103081146667
105 0.41904761904761906 2.0041505527921517
106 0.42452830188679247 2.0013760419827546
107 0.4205607476635514 2.003384064793388
108 0.42592592592592593 2.000669282060511
109 0.43119266055045874 1.9980086024786732
110 0.42727272727272725 1.9999885056296718
111 0.43243243243243246 1.9973828703386025
112 0.42857142857142855 1.9993323007199622
113 0.4336283185840708 1.9967794903815326
114 0.43859649122807015 1.9942748631151794
115 0.43478260869565216 1.9961972825130476
116 0.4396551724137931 1.993741555140435
117 0.4358974358974359 1.9956351485039772
118 0.4406779661016949 1.9932264567579405
119 0.4369747899159664 1.9950920649934227
120 0.43333333333333335 1.996928305846106
121 0.4297520661157025 1.9987359665829407
122 0.4344262295081967 1.9963770160322674
123 0.43902439024390244 1.9940592932535661
124 0.43548387096774194 1.995843662869988
125 0.432 1.9976011012472628
126 0.4365079365079365 1.9953273826238038
127 0.4330708661417323 1.997060726474815
128 0.4375 1.994827366285637
129 0.43410852713178294 1.9965372579985405
130 0.43846153846153846 1.9943428552967886
131 0.44274809160305345 1.9921842877346063
132 0.4393939393939394 1.9938731376660408
133 0.43609022556390975 1.9955379540097231
134 0.43283582089552236 1.9971793201530292
135 0.42962962962962964 1.99879779920228
136 0.4338235294117647 1.9966810160856907
137 0.43795620437956206 1.9945974741730739
138 0.43478260869565216 1.9961972825130476
139 0.4316546762589928 1.9977753907463707
140 0.42857142857142855 1.9993323007199622
141 0.4326241134751773 1.99728614509996
142 0.4295774647887324 1.9988241440418764
143 0.42657342657342656 2.000341951355461
144 0.4236111111111111 2.001840018678344
145 0.42758620689655175 1.9998300883297024
146 0.4315068493150685 1.9978500060973494
147 0.42857142857142855 1.9993323007199622
148 0.42567567567567566 2.0007958081267736
149 0.42953020134228187 1.998848013868444
150 0.4266666666666667 2.0002948209879174
151 0.423841059602649 2.0017236828472647
152 0.42105263157894735 2.003134978653046
153 0.42483660130718953 2.001220113032191
154 0.42207792207792205 2.002615906857308
155 0.41935483870967744 2.003994897136402
156 0.4166666666666667 2.005357428298543
157 0.4140127388535032 2.006703834677299
158 0.41139240506329117 2.008034440898828
159 0.41509433962264153 2.0061549600122
160 0.41875 2.0043013593727244
161 0.4161490683229814 2.005619921905645
162 0.41975308641975306 2.0037931448478865
163 0.4171779141104294 2.0050982011980025
164 0.42073170731707316 2.0032974876561758
165 0.41818181818181815 2.0045893045012835
166 0.42168674698795183 2.0028139261120073
167 0.4251497005988024 2.00106177157877
168 0.42857142857142855 1.9993323007199622
169 0.4260355029585799 2.0006138831358906
170 0.4294117647058823 1.9989078302713374
171 0.4269005847953216 2.0001765874389794
172 0.42441860465116277 2.001431527258096
173 0.4277456647398844 1.9997495117609867
174 0.43103448275862066 1.9980884528398974
175 0.42857142857142855 1.9993323007199622
176 0.4318181818181818 1.9976928652246821
177 0.4350282485875706 1.9960734082941538
178 0.43820224719101125 1.994473498401268
179 0.441340782122905 1.9928927178298554
180 0.4388888888888889 1.9941275545643367
181 0.4419889502762431 1.9925664052442182
182 0.43956043956043955 1.9937892709054887
183 0.4371584699453552 1.994999488733814
184 0.43478260869565216 1.9961972825130476
185 0.43783783783783786 1.9946571193086469
186 0.43548387096774194 1.995843662869988
187 0.4385026737967914 1.9943221301644596
188 0.44148936170212766 1.9928179127744579
189 0.43915343915343913 1.9939942846105025
190 0.4368421052631579 1.9951589418690583
191 0.43455497382198954 1.9963120841548825
192 0.4322916666666667 1.9974539061854704
193 0.43523316062176165 1.9959700789608261
194 0.4381443298969072 1.9945026810112618
195 0.4358974358974359 1.9956351485039772
196 0.4387755102040816 1.994184672934874
197 0.4365482233502538 1.9953070749113346
198 0.43434343434343436 1.9964187747480546
199 0.4371859296482412 1.9949856491890816
200 0.44 1.9935678790923177
201 0.43781094527363185 1.9946706707736295
202 0.4405940594059406 1.9932687089633623
203 0.43842364532019706 1.994361947109701
204 0.4362745098039216 1.995445052060188
205 0.43902439024390244 1.9940592932535661
206 0.441747572815534 1.9926879180260442
207 0.4396135265700483 1.9937625314996934
208 0.4375 1.994827366285637
209 0.4354066985645933 1.9958825747503457
210 0.4380952380952381 1.994527417079885
211 0.43601895734597157 1.9955738831598129
212 0.4339622641509434 1.9966110343580228
213 0.43661971830985913 1.9952710363918131
214 0.43457943925233644 1.9962997453272724
215 0.4325581395348837 1.9973194360023263
216 0.4305555555555556 1.998330243683063
217 0.42857142857142855 1.9993323007199622
218 0.42660550458715596 2.0003257366307126
219 0.4292237442922374 1.9990027941424577
220 0.4318181818181818 1.9976928652246821
221 0.4298642533936652 1.998679311902628
222 0.43243243243243246 1.9973828703386025
223 0.4304932735426009 1.9983616897404182
224 0.42857142857142855 1.9993323007199622
225 0.4266666666666667 2.0002948209879174
226 0.42920353982300885 1.9990129991634829
227 0.43171806167400884 1.9977433980279913
228 0.4298245614035088 1.9986993561867057
229 0.4279475982532751 1.999647477006157
230 0.4260869565217391 2.000587870361506
231 0.42424242424242425 2.0015206439153164
232 0.4224137931034483 2.002445903176256
233 0.4248927038626609 2.001191739570659
234 0.4230769230769231 2.0021103081146667
235 0.425531914893617 2.0008684976650275
236 0.423728813559322 2.001780469463265
237 0.4219409282700422 2.0026852525505454
238 0.42436974789915966 2.0014562397934186
239 0.4225941422594142 2.002354625573163
240 0.42083333333333334 2.00324602464
241 0.42323651452282157 2.0020295529921364
242 0.4256198347107438 2.0008240425284
243 0.42386831275720166 2.001709895450413
244 0.42213114754098363 2.0025889651691404
245 0.42448979591836733 2.0013955182324352
246 0.42276422764227645 2.002268547415293
247 0.4251012145748988 2.001086291071749
248 0.42338709677419356 2.0019533603426485
249 0.42168674698795183 2.0028139261120073
250 0.424 2.0016432763985486
251 0.4262948207171315 2.000482787013735
252 0.42857142857142855 1.9993323007199622
253 0.4268774703557312 2.000188270227612
254 0.42913385826771655 1.9990481948900622
255 0.42745098039215684 1.9998984233983417
256 0.42578125 2.000742428770641
257 0.42412451361867703 2.001580288911131
258 0.42248062015503873 2.0024120803228125
259 0.4247104247104247 2.0012839277227306
260 0.4230769230769231 2.0021103081146667
261 0.421455938697318 2.0029307767199898
262 0.4198473282442748 2.003745405818389
263 0.41825095057034223 2.004554266420761
264 0.4166666666666667 2.005357428298543
265 0.41509433962264153 2.0061549600122
266 0.41353383458646614 2.006946928938894
267 0.41198501872659177 2.007733401299362
268 0.4141791044776119 2.006619396302192
269 0.4163568773234201 2.005514528521316
270 0.4148148148148148 2.006296789096807
271 0.41697416974169743 2.005201503988199
272 0.41544117647058826 2.005978996499992
273 0.4139194139194139 2.0067512036478377
274 0.4124087591240876 2.0075181867648584
275 0.4109090909090909 2.008280006163464
276 0.40942028985507245 2.0090367211577025
277 0.40794223826714804 2.0097883900849993
278 0.4064748201438849 2.0105350703273093
279 0.40860215053763443 2.0094527372202458
280 0.40714285714285714 2.010195094502281
281 0.40569395017793597 2.0109325805133027
282 0.40425531914893614 2.0116652497448086
283 0.40636042402826855 2.010593297341806
284 0.4084507042253521 2.0095297603147197
285 0.4070175438596491 2.0102588619672437
286 0.4090909090909091 2.009204192741848
287 0.4076655052264808 2.009929170608509
288 0.4097222222222222 2.0088832236928917
289 0.4117647058823529 2.0078453096037134
290 0.4103448275862069 2.008566755877956
291 0.41237113402061853 2.0075372949336203
292 0.4143835616438356 2.0065156314828965
293 0.41638225255972694 2.0055016596146817
294 0.41496598639455784 2.0062200838879
295 0.4135593220338983 2.0069339903363064
296 0.41216216216216217 2.0076434274711845
297 0.4107744107744108 2.0083484430565424
298 0.40939597315436244 2.009049084124263
299 0.4080267558528428 2.0097453969888748
300 0.41 2.008742021305258
301 0.40863787375415284 2.009434569625388
302 0.40728476821192056 2.01012288472692
303 0.40594059405940597 2.0108070107473406
304 0.40460526315789475 2.0114869911646003
305 0.4065573770491803 2.0104930509059007
306 0.40522875816993464 2.0111694491135323
307 0.40390879478827363 2.011841790823322
308 0.40584415584415584 2.0108561073186917
309 0.4077669902912621 2.009877541072284
310 0.4064516129032258 2.0105468824804937
311 0.40514469453376206 2.01121225763715
312 0.40384615384615385 2.011873706621317
313 0.4057507987220447 2.0109036370706352
314 0.40764331210191085 2.009940461410928
315 0.4095238095238095 2.0089840915027297
316 0.41139240506329117 2.008034440898828
317 0.41324921135646686 2.007091424799995
318 0.4119496855345912 2.007751348253896
319 0.4106583072100313 2.0084074431051526
320 0.409375 2.009059747273403
321 0.40809968847352024 2.0097082981395906
322 0.40993788819875776 2.008773593241547
323 0.4086687306501548 2.0094188770706856
324 0.4104938271604938 2.0084910308370145
325 0.40923076923076923 2.009133079201246
326 0.4110429447852761 2.0082119924897386
327 0.40978593272171254 2.0088508365319675
328 0.40853658536585363 2.009486082042284
329 0.4072948328267477 2.0101177636157916
330 0.40606060606060607 2.0107459153706726
331 0.4078549848942598 2.0098327762967
332 0.40963855421686746 2.0089257573995676
333 0.4084084084084084 2.009551272058256
334 0.4101796407185629 2.0086507125641404
335 0.408955223880597 2.009273187064772
336 0.4107142857142857 2.0083789963376706
337 0.4094955489614243 2.0089984590399736
338 0.40828402366863903 2.009614536403968
339 0.40707964601769914 2.010227260007179
340 0.40588235294117647 2.0108366610047224
341 0.4046920821114369 2.011442770136741
342 0.40350877192982454 2.012045617735678
343 0.40233236151603496 2.0126452337333864
344 0.40406976744186046 2.011759778303099
345 0.4028985507246377 2.0123566117474043
346 0.4046242774566474 2.0114773061467055
347 0.40634005763688763 2.0106036639977556
348 0.40804597701149425 2.009735619605988
349 0.4068767908309456 2.0103304898397325
350 0.4057142857142857 2.0109222269564717
351 0.4045584045584046 2.0115108591126236
352 0.4034090909090909 2.0120964141018423
353 0.40509915014164305 2.0112354512318658
354 0.403954802259887 2.011818350349996
355 0.4028169014084507 2.0123982294213882
356 0.4044943820224719 2.0115434704186512
357 0.40336134453781514 2.0121207458540633
358 0.4022346368715084 2.0126950567910225
359 0.4011142061281337 2.013266429191383
360 0.4 2.0138348886912034
361 0.40166204986149584 2.012987019279831
362 0.4005524861878453 2.0135529816484783
363 0.39944903581267216 2.0141160837654364
364 0.3983516483516483 2.0146763502711926
365 0.4 2.0138348886912034
366 0.3989071038251366 2.014392732440516
367 0.3978201634877384 2.014947791164794
368 0.39945652173913043 2.0141122627458774
369 0.4010840108401084 2.0132818311466325
370 0.4 2.0138348886912034
371 0.40161725067385445 2.013009865294637
372 0.4032258064516129 2.012189819177209
373 0.40214477211796246 2.0127408743795145
374 0.40106951871657753 2.0132892233295276
375 0.4 2.0138348886912034
376 0.39893617021276595 2.014377892856533
377 0.4005305039787798 2.0135641968742912
378 0.4021164021164021 2.0127553391866275
379 0.40105540897097625 2.0132964205104082
380 0.4 2.0138348886912034
381 0.4015748031496063 2.0130315124301537
382 0.4005235602094241 2.0135677395759215
383 0.39947780678851175 2.0141013983458445
384 0.4010416666666667 2.0133034303049135
385 0.4025974025974026 2.012510117510372
386 0.4015544041450777 2.0130419155268244
387 0.4005167958656331 2.0135711907446745
388 0.39948453608247425 2.014097963572868
389 0.40102827763496146 2.013310259937214
390 0.4 2.0138348886912034
391 0.3989769820971867 2.014357057021132
392 0.3979591836734694 2.0148767845999442
393 0.3969465648854962 2.015394090875235
394 0.39847715736040606 2.0146122590303825
395 0.39746835443037976 2.0151275015396872
396 0.39646464646464646 2.0156403627077615
397 0.3979848866498741 2.0148636568947382
398 0.3969849246231156 2.0153744903310424
399 0.39849624060150374 2.0146025144618687
400 0.4 2.0138348886912034
