# parameters:
#  num_nodes=4, total_iters=457, ntest=20, copies=21
#  phase_average=1.2932013105169908, failure_threshold=0.2
# columns:
#  iteration   running_frequency   running_estimation
1 0.0 0.7853981633974483
2 0.5 1.1780972450961724
3 0.6666666666666666 1.2630564724597029
4 0.75 1.308996938995747
5 0.8 1.3389725222944935
6 0.8333333333333334 1.360529159152914
7 0.8571428571428571 1.3769979834673063
8 0.875 1.3901127648415426
9 0.8888888888888888 1.4008778720678356
10 0.9 1.4099210495965755
11 0.9090909090909091 1.4176576422100617
12 0.9166666666666666 1.4243749409306088
13 0.9230769230769231 1.4302788760434897
14 0.8571428571428571 1.3769979834673063
15 0.8666666666666667 1.3839002393776414
16 0.8125 1.3468801283304304
17 0.8235294117647058 1.3540273721169782
18 0.8333333333333334 1.360529159152914
19 0.8421052631578947 1.3664773992461003
20 0.85 1.3719466192488607
21 0.8571428571428571 1.3769979834673063
22 0.8181818181818182 1.3505409952925473
23 0.782608695652174 1.328271433330155
24 0.7916666666666666 1.3338038914491732
25 0.8 1.3389725222944935
26 0.7692307692307693 1.320249820162218
27 0.7777777777777778 1.3253549876502408
28 0.7857142857142857 1.3301586398237248
29 0.7931034482758621 1.334689483904144
30 0.8 1.3389725222944935
31 0.7741935483870968 1.3232058009470273
32 0.75 1.308996938995747
33 0.7272727272727273 1.2960627044160828
34 0.7352941176470589 1.3005865766596045
35 0.7142857142857143 1.2888250061145823
36 0.7222222222222222 1.2932357430165031
37 0.7027027027027027 1.282452812928152
38 0.6842105263157895 1.2724247531861097
39 0.6666666666666666 1.2630564724597029
40 0.675 1.26749002100755
41 0.6829268292682927 1.2717347168776918
42 0.6666666666666666 1.2630564724597029
43 0.6511627906976745 1.2548801109443535
44 0.6363636363636364 1.2471539027870704
45 0.6444444444444445 1.251363754677191
46 0.6304347826086957 1.2440779571286193
47 0.6170212765957447 1.2371556583282945
48 0.625 1.2412673088816921
49 0.6122448979591837 1.2347021043938304
50 0.62 1.2386887078559132
51 0.6078431372549019 1.232445893163092
52 0.6153846153846154 1.236314289660693
53 0.6226415094339622 1.2400501498114351
54 0.6111111111111112 1.2341205181715151
55 0.6 1.2284367252937551
56 0.5892857142857143 1.222980832940222
57 0.5789473684210527 1.2177368152555974
58 0.5862068965517241 1.2214171542005576
59 0.576271186440678 1.2163823060658165
60 0.5833333333333334 1.2199592649010946
61 0.5737704918032787 1.2151176408979218
62 0.5645161290322581 1.2104454994725398
63 0.5714285714285714 1.2139341373225137
64 0.5625 1.2094292028881888
65 0.5692307692307692 1.2128242003325813
66 0.5606060606060606 1.2084749742685925
67 0.5522388059701493 1.2042644010527594
68 0.5441176470588235 1.2001847924133742
69 0.5507246376811594 1.2035032713090275
70 0.5571428571428572 1.2067312384042475
71 0.5492957746478874 1.2027852388834877
72 0.5555555555555556 1.2059324986814133
73 0.547945205479452 1.2021067385823718
74 0.5540540540540541 1.2051771967249518
75 0.56 1.2081697156948694
76 0.5657894736842105 1.2110876470111411
77 0.5584415584415584 1.2073849707822892
78 0.5641025641025641 1.2102369851065289
79 0.5569620253164557 1.2066402280755888
80 0.5625 1.2094292028881888
81 0.5679012345679012 1.212153092689733
82 0.5609756097560976 1.2086611298561178
83 0.5542168674698795 1.205259084818545
84 0.5595238095238095 1.207929901298079
85 0.5647058823529412 1.2105411783349682
86 0.5581395348837209 1.2072329222085072
87 0.5632183908045977 1.209791270982996
88 0.5681818181818182 1.2122947018272339
89 0.5617977528089888 1.2090753350038197
90 0.5666666666666667 1.2115301424486578
91 0.5714285714285714 1.2139341373225137
92 0.5760869565217391 1.2162891029924596
93 0.5698924731182796 1.2131583014104625
94 0.5638297872340425 1.210099466667192
95 0.5684210526315789 1.212415450968974
96 0.5625 1.2094292028881888
97 0.5670103092783505 1.2117035198274997
98 0.5612244897959183 1.2087865095374255
99 0.5656565656565656 1.2110206113506063
100 0.57 1.2132125987736364
101 0.5643564356435643 1.2103649813503283
102 0.5588235294117647 1.2075772831024847
103 0.5631067961165048 1.209735023029983
104 0.5673076923076923 1.2118535710668663
105 0.5619047619047619 1.2091292536824367
106 0.5660377358490566 1.2112128709605745
107 0.5700934579439252 1.213259793163302
108 0.5648148148148148 1.2105961072477054
109 0.5688073394495413 1.212610439081225
110 0.5636363636363636 1.2100019594940163
111 0.5675675675675675 1.211984706941154
112 0.5714285714285714 1.2139341373225137
113 0.5752212389380531 1.2158512024329502
114 0.5701754385964912 1.2133011927892574
115 0.5739130434782609 1.2151897069640574
116 0.5775862068965517 1.2170477397788075
117 0.5726495726495726 1.2145510750325612
118 0.5677966101694916 1.2121002920991502
119 0.5714285714285714 1.2139341373225137
120 0.575 1.215739313290344
121 0.5702479338842975 1.2133378031854924
122 0.5737704918032787 1.2151176408979218
123 0.5772357723577236 1.2168703840178445
124 0.5725806451612904 1.214516241984568
125 0.568 1.2122029378498145
126 0.5714285714285714 1.2139341373225137
127 0.5748031496062992 1.2156397647715915
128 0.578125 1.2173204628512877
129 0.5813953488372093 1.218976851142529
130 0.5769230769230769 1.2167121447172184
131 0.5801526717557252 1.2183472424209407
132 0.5833333333333334 1.2199592649010946
133 0.5789473684210527 1.2177368152555974
134 0.582089552238806 1.2193286865251654
135 0.5777777777777777 1.2171447026112845
136 0.5808823529411765 1.218716907664475
137 0.5766423357664233 1.2165700891424265
138 0.572463768115942 1.2144571788779797
139 0.5755395683453237 1.2160122073826103
140 0.5785714285714286 1.2175464690416762
141 0.574468085106383 1.2154703342675792
142 0.5704225352112676 1.213425980644428
143 0.5734265734265734 1.2149437879580125
144 0.5694444444444444 1.2129320802856147
145 0.5655172413793104 1.2109503420417687
146 0.5684931506849316 1.2124518426999011
147 0.564625850340136 1.2105008234029047
148 0.5608108108108109 1.2085781124287258
149 0.5637583892617449 1.2100634735173308
150 0.56 1.2081697156948694
151 0.5562913907284768 1.2063027393984105
152 0.5592105263157895 1.2077721437234925
153 0.5555555555555556 1.2059324986814133
154 0.5584415584415584 1.2073849707822892
155 0.5612903225806452 1.2088196757815803
156 0.5576923076923077 1.2070077932252459
157 0.5605095541401274 1.2084263631805208
158 0.5632911392405063 1.2098279398207237
159 0.559748427672956 1.208043017846147
160 0.55625 1.2062819117166876
161 0.5527950310559007 1.204544060505321
162 0.5493827160493827 1.2028289227893851
163 0.5521472392638037 1.2042183662044128
164 0.5487804878048781 1.2025263473084489
165 0.5454545454545454 1.200855939605526
166 0.5421686746987951 1.1992066575266784
167 0.5389221556886228 1.197578031565988
168 0.5416666666666666 1.198954766748826
169 0.5384615384615384 1.1973470302603784
170 0.5352941176470588 1.1957589918740856
171 0.5321637426900585 1.1941902283438819
172 0.5348837209302325 1.1955532863420129
173 0.5375722543352601 1.1969010972688854
174 0.5402298850574713 1.1982339543629117
175 0.5371428571428571 1.1966857968840996
176 0.5397727272727273 1.1980046404318543
177 0.536723163841808 1.1964753753923842
178 0.5393258426966292 1.1977804958462843
179 0.5418994413407822 1.1990715626113726
180 0.5444444444444444 1.2003488356913092
181 0.5469613259668509 1.2016125681513246
182 0.5439560439560439 1.200103675638739
183 0.5409836065573771 1.198612064148745
184 0.5434782608695652 1.1998638656830214
185 0.5459459459459459 1.2011026726329326
186 0.5483870967741935 1.2023287166061747
187 0.5508021390374331 1.2035422232594557
188 0.5531914893617021 1.2047434125004903
189 0.5502645502645502 1.2032720454554695
190 0.5526315789473685 1.2044618764460018
191 0.5497382198952879 1.2030075544065373
192 0.5520833333333334 1.204186238243286
193 0.5492227979274611 1.2027485721473556
194 0.5515463917525774 1.2039163141535736
195 0.5487179487179488 1.2024949280736132
196 0.5510204081632653 1.203651928005151
197 0.5532994923857868 1.204797722839248
198 0.5505050505050505 1.2033929108071109
199 0.5477386934673367 1.2020030066294753
200 0.55 1.2031391003865624
201 0.5472636815920398 1.2017644215732879
202 0.5445544554455446 1.2004040603385995
203 0.541871921182266 1.1990577539948506
204 0.5441176470588235 1.2001847924133742
205 0.5414634146341464 1.1988527877524062
206 0.5436893203883495 1.1999697986599063
207 0.5410628019323671 1.1986517957911191
208 0.5432692307692307 1.1997589551541163
209 0.5454545454545454 1.200855939605526
210 0.5476190476190477 1.2019429098482248
211 0.5497630331753555 1.2030200229223702
212 0.5471698113207547 1.2017172757510268
213 0.5492957746478874 1.2027852388834877
214 0.5514018691588785 1.203843666860491
215 0.5534883720930233 1.2048927058225607
216 0.5555555555555556 1.2059324986814133
217 0.5576036866359447 1.206963185214219
218 0.5596330275229358 1.2079849021544136
219 0.5616438356164384 1.2089977832792194
220 0.5636363636363636 1.2100019594940163
221 0.5656108597285068 1.2109975589136996
222 0.5675675675675675 1.211984706941154
223 0.5695067264573991 1.2129635263429699
224 0.5714285714285714 1.2139341373225137
225 0.5688888888888889 1.2126516059355366
226 0.5663716814159292 1.2113813269840843
227 0.5682819383259912 1.2123452346305428
228 0.5701754385964912 1.2133011927892574
229 0.5676855895196506 1.2120442651937446
230 0.5652173913043478 1.2107991191155991
231 0.5670995670995671 1.2117485555699843
232 0.5646551724137931 1.2105156085164719
233 0.5622317596566524 1.2092940270591561
234 0.5598290598290598 1.2080836252878777
235 0.5574468085106383 1.2068842218061353
236 0.5550847457627118 1.2056956395830314
237 0.5569620253164557 1.2066402280755888
238 0.5546218487394958 1.2054627855593583
239 0.5523012552301255 1.2042957977152453
240 0.55 1.2031391003865624
241 0.5518672199170125 1.204077592944692
242 0.5495867768595041 1.20293145658815
243 0.5473251028806584 1.2017952705310875
244 0.5450819672131147 1.20066888226143
245 0.5428571428571428 1.1995521427226463
246 0.540650406504065 1.1984449062082485
247 0.5425101214574899 1.1993779963068354
248 0.5443548387096774 1.200303855129982
249 0.5421686746987951 1.1992066575266784
250 0.544 1.2001257391711022
251 0.5418326693227091 1.1990380589475214
252 0.5436507936507936 1.1999504613947412
253 0.5454545454545454 1.200855939605526
254 0.5433070866141733 1.199777954414608
255 0.5411764705882353 1.1987088232933512
256 0.54296875 1.19960815296355
257 0.5447470817120622 1.2005007598220827
258 0.5465116279069767 1.2013867303548385
259 0.5444015444015444 1.2003273005062844
260 0.5461538461538461 1.201207066434073
261 0.5478927203065134 1.2020803746414035
262 0.5458015267175572 1.2010301571704591
263 0.5437262357414449 1.1999883272651966
264 0.5454545454545454 1.200855939605526
265 0.5433962264150943 1.1998226927919378
266 0.5413533834586466 1.1987975825229107
267 0.5430711610486891 1.1996595490806665
268 0.5410447761194029 1.198642752349205
269 0.5427509293680297 1.199498840298951
270 0.5407407407407407 1.1984902236792871
271 0.5424354243542435 1.199340512272702
272 0.5441176470588235 1.2001847924133742
273 0.5457875457875457 1.2010231371997286
274 0.5474452554744526 1.2018556184443874
275 0.5490909090909091 1.202682306704138
276 0.5471014492753623 1.2016829418238095
277 0.5487364620938628 1.2025042290342358
278 0.5503597122302158 1.2033198691676983
279 0.5519713261648745 1.2041299289886527
280 0.55 1.2031391003865624
281 0.5516014234875445 1.2039439775767047
282 0.549645390070922 1.202960908559737
283 0.5512367491166078 1.2037606685006406
284 0.5528169014084507 1.2045550571813723
285 0.5508771929824562 1.203579945739085
286 0.5524475524475524 1.204369350961857
287 0.554006968641115 1.205153515346546
288 0.5520833333333334 1.204186238243286
289 0.5501730103806228 1.2032260428952102
290 0.5482758620689655 1.2022728375815668
291 0.5463917525773195 1.2013265323411992
292 0.5445205479452054 1.200387038926975
293 0.5460750853242321 1.201167517454713
294 0.5476190476190477 1.2019429098482248
295 0.5491525423728814 1.2027132731480732
296 0.5506756756756757 1.203478663470211
297 0.5488215488215489 1.2025469763094727
298 0.5503355704697986 1.2033077366215559
299 0.5518394648829431 1.2040636401933673
300 0.5533333333333333 1.2048147403388687
301 0.5514950166112956 1.2038904891179938
302 0.5496688741721855 1.2029727089501137
303 0.5511551155115512 1.2037196360372229
304 0.5526315789473685 1.2044618764460018
305 0.5540983606557377 1.2051994807365818
306 0.5555555555555556 1.2059324986814133
307 0.5570032573289903 1.206660979281513
308 0.5584415584415584 1.2073849707822892
309 0.5598705501618123 1.2081045206889607
310 0.5580645161290323 1.2071951569853874
311 0.5594855305466238 1.2079106248141065
312 0.5608974358974359 1.2086217493726912
313 0.5591054313099042 1.207719224515869
314 0.5573248407643312 1.2068228322646406
315 0.5555555555555556 1.2059324986814133
316 0.5569620253164557 1.2066402280755888
317 0.555205047318612 1.2057561595649444
318 0.5566037735849056 1.2064599358008152
319 0.5579937304075235 1.2071595233269188
320 0.55625 1.2062819117166876
321 0.5545171339563862 1.2054101135313373
322 0.5559006211180124 1.2061061131975523
323 0.5572755417956656 1.2067980193044048
324 0.5555555555555556 1.2059324986814133
325 0.556923076923077 1.2066206263486328
326 0.5552147239263804 1.2057610276368906
327 0.5565749235474006 1.2064454174968573
328 0.5579268292682927 1.2071258457192786
329 0.5592705167173252 1.2078023516997647
330 0.5575757575757576 1.2069491271233297
331 0.5558912386706949 1.2061013923821415
332 0.5542168674698795 1.205259084818545
333 0.5555555555555556 1.2059324986814133
334 0.5538922155688623 1.2050958018698328
335 0.5552238805970149 1.2057656341504905
336 0.5565476190476191 1.2064316770476213
337 0.5578635014836796 1.207093967403129
338 0.5591715976331361 1.207752541541827
339 0.56047197640118 1.2084074352810468
340 0.5588235294117647 1.2075772831024847
341 0.5601173020527859 1.2082287944691026
342 0.5584795321637427 1.2074040887696897
343 0.5568513119533528 1.2065845093420071
344 0.5581395348837209 1.2072329222085072
345 0.5594202898550724 1.207877771390919
346 0.5578034682080925 1.2070637479337771
347 0.5590778097982709 1.207705316288458
348 0.5603448275862069 1.2083433917429864
349 0.5587392550143266 1.207534851660839
350 0.5571428571428572 1.2067312384042475
351 0.5584045584045584 1.2073663431651935
352 0.5596590909090909 1.2079980275734887
353 0.5609065155807366 1.20862632327077
354 0.559322033898305 1.207828293360492
355 0.5577464788732395 1.2070350611125695
356 0.5589887640449438 1.2076604798111439
357 0.5574229691876751 1.2068722227173874
358 0.5558659217877095 1.2060886541425422
359 0.5571030640668524 1.2067112107350728
360 0.5555555555555556 1.2059324986814133
361 0.556786703601108 1.2065519945421372
362 0.5580110497237569 1.20716824184677
363 0.5564738292011019 1.2063945441973867
364 0.5576923076923077 1.2070077932252459
365 0.5561643835616439 1.2062388304229845
366 0.5546448087431693 1.2054743347120533
367 0.553133514986376 1.2047142600601728
368 0.5516304347826086 1.203958561139554
369 0.5528455284552846 1.2045694512821474
370 0.5540540540540541 1.2051771967249518
371 0.555256064690027 1.2057818253135753
372 0.553763440860215 1.205031038124076
373 0.5549597855227882 1.2056327776810585
374 0.553475935828877 1.2048864518103501
375 0.552 1.2041443440314965
376 0.550531914893617 1.2034064120918946
377 0.5517241379310345 1.204005664974855
378 0.5502645502645502 1.2032720454554695
379 0.5488126649076517 1.2025425130286074
380 0.5473684210526316 1.2018170273820923
381 0.5459317585301837 1.2010955487933364
382 0.5471204188481675 1.201692468994461
383 0.5456919060052219 1.2009751159536863
384 0.546875 1.2015692138730516
385 0.548051948051948 1.2021603575018878
386 0.5466321243523317 1.2014472416401278
387 0.5478036175710594 1.2020356178657072
388 0.5489690721649485 1.202621093223013
389 0.5501285347043702 1.2032036923451415
390 0.5487179487179488 1.2024949280736132
391 0.5498721227621484 1.2030748404860063
392 0.5510204081632653 1.203651928005151
393 0.5521628498727735 1.204226214321766
394 0.550761421319797 1.2035217585788376
395 0.549367088607595 1.2028210706897302
396 0.547979797979798 1.2021241149626105
397 0.5491183879093199 1.2026961128552873
398 0.5477386934673367 1.2020030066294753
399 0.5463659147869674 1.2013135575078038
400 0.5475 1.2018831149226448
