# parameters:
#  num_nodes=4, total_iters=475, ntest=20, copies=21
#  phase_average=2.2811861214494473, failure_threshold=0.2
# columns:
#  iteration   running_frequency   running_estimation
1 0.0 2.356194490192345
2 0.0 2.356194490192345
3 0.0 2.356194490192345
4 0.0 2.356194490192345
5 0.2 2.1243706856919418
6 0.16666666666666666 2.1459273225503623
7 0.2857142857142857 2.0742231695120306
8 0.25 2.0943951023931957
9 0.2222222222222222 2.1107531510476893
10 0.3 2.066374620010493
11 0.2727272727272727 2.081460867813531
12 0.25 2.0943951023931957
13 0.3076923076923077 2.062193188418561
14 0.35714285714285715 2.0359333338526326
15 0.4 2.0138348886912034
16 0.375 2.0266654722791406
17 0.35294117647058826 2.03812845878984
18 0.3333333333333333 2.0484546358571514
19 0.3684210526315789 2.0300689127731664
20 0.35 2.03966857199747
21 0.38095238095238093 2.0235964626859357
22 0.4090909090909091 2.009204192741848
23 0.391304347826087 2.018280673243004
24 0.4166666666666667 2.005357428298543
25 0.4 2.0138348886912034
26 0.38461538461538464 2.021712453058141
27 0.4074074074074074 2.01006048438776
28 0.39285714285714285 2.0174855331648596
29 0.3793103448275862 2.0244421431107047
30 0.36666666666666664 2.0309786074519716
31 0.3870967741935484 2.0204381058902943
32 0.375 2.0266654722791406
33 0.3939393939393939 2.016931673046558
34 0.38235294117647056 2.0228757011889824
35 0.4 2.0138348886912034
36 0.3888888888888889 2.0195186815689636
37 0.3783783783783784 2.0249224399582366
38 0.39473684210526316 2.016523736113428
39 0.38461538461538464 2.021712453058141
40 0.375 2.0266654722791406
41 0.36585365853658536 2.0314004832529133
42 0.35714285714285715 2.0359333338526326
43 0.3488372093023256 2.0402782743418015
44 0.3409090909090909 2.0444481623120083
45 0.35555555555555557 2.0367619180746392
46 0.34782608695652173 2.040808833775501
47 0.3617021276595745 2.033557867102756
48 0.3541666666666667 2.0374876093333536
49 0.3673469387755102 2.0306257606872506
50 0.36 2.0344439357957027
51 0.37254901960784315 2.027931986859561
52 0.38461538461538464 2.021712453058141
53 0.39622641509433965 2.015762123585315
54 0.3888888888888889 2.0195186815689636
55 0.4 2.0138348886912034
56 0.39285714285714285 2.0174855331648596
57 0.38596491228070173 2.0210191981961856
58 0.39655172413793105 2.0155958601415573
59 0.3898305084745763 2.0190359037155083
60 0.38333333333333336 2.0223714676738207
61 0.3770491803278688 2.025607854571939
62 0.3709677419354839 2.028749989388312
63 0.38095238095238093 2.0235964626859357
64 0.375 2.0266654722791406
65 0.38461538461538464 2.021712453058141
66 0.3939393939393939 2.016931673046558
67 0.3880597014925373 2.019943990261832
68 0.39705882352941174 2.0153367313710673
69 0.391304347826087 2.018280673243004
70 0.38571428571428573 2.021147911315149
71 0.39436619718309857 2.016713322704754
72 0.4027777777777778 2.0124181717099305
73 0.3972602739726027 2.0152338055021897
74 0.3918918918918919 2.0179797436413267
75 0.38666666666666666 2.0206588839083914
76 0.3815789473684211 2.023273954159639
77 0.37662337662337664 2.0258275252176494
78 0.3717948717948718 2.028322022561815
79 0.3670886075949367 2.03075973695065
80 0.3625 2.0331428340915334
81 0.37037037037037035 2.0290591982125847
82 0.3780487804878049 2.0250923563459478
83 0.3855421686746988 2.0212363136720737
84 0.39285714285714285 2.0174855331648596
85 0.4 2.0138348886912034
86 0.3953488372093023 2.0162107654857895
87 0.40229885057471265 2.01266231842871
88 0.4090909090909091 2.009204192741848
89 0.4157303370786517 2.0058323105825533
90 0.4111111111111111 2.0081773571825643
91 0.4175824175824176 2.004893130438792
92 0.42391304347826086 2.001687266389908
93 0.41935483870967744 2.003994897136402
94 0.4148936170212766 2.006256803959385
95 0.42105263157894735 2.003134978653046
96 0.4166666666666667 2.005357428298543
97 0.41237113402061853 2.0075372949336203
98 0.40816326530612246 2.009675959166179
99 0.40404040404040403 2.011774738007906
100 0.41 2.008742021305258
101 0.40594059405940597 2.0108070107473406
102 0.4019607843137255 2.012834685881214
103 0.39805825242718446 2.0148261863710135
104 0.40384615384615385 2.011873706621317
105 0.4095238095238095 2.0089840915027297
106 0.41509433962264153 2.0061549600122
107 0.411214953271028 2.008124596651475
108 0.4074074074074074 2.01006048438776
109 0.4036697247706422 2.0119636021989806
110 0.4 2.0138348886912034
111 0.40540540540540543 2.0110794979737205
112 0.4017857142857143 2.0129239569327
113 0.40707964601769914 2.010227260007179
114 0.40350877192982454 2.012045617735678
115 0.4 2.0138348886912034
116 0.4051724137931034 2.0111981417390736
117 0.41025641025641024 2.0086116935926244
118 0.4067796610169492 2.010379920543024
119 0.4117647058823529 2.0078453096037134
120 0.4166666666666667 2.005357428298543
121 0.4132231404958678 2.0071046610372782
122 0.4180327868852459 2.0046648401842604
123 0.42276422764227645 2.002268547415293
124 0.41935483870967744 2.003994897136402
125 0.424 2.0016432763985486
126 0.42063492063492064 2.003346501633991
127 0.41732283464566927 2.00502472772471
128 0.421875 2.002718626248736
129 0.4186046511627907 2.0043750145399772
130 0.4230769230769231 2.0021103081146667
131 0.4198473282442748 2.003745405818389
132 0.42424242424242425 2.0015206439153164
133 0.42105263157894735 2.003134978653046
134 0.4253731343283582 2.0009487853326062
135 0.4222222222222222 2.0025428660087328
136 0.41911764705882354 2.004115071061923
137 0.41605839416058393 2.0056659110052366
138 0.41304347826086957 2.0071958793370444
139 0.41007194244604317 2.008705453283757
140 0.40714285714285714 2.010195094502281
141 0.41134751773049644 2.0080572457010843
142 0.4154929577464789 2.0059527277164584
143 0.4125874125874126 2.0074274599134716
144 0.4097222222222222 2.0088832236928917
145 0.41379310344827586 2.006815317598006
146 0.410958904109589 2.0082546947476043
147 0.40816326530612246 2.009675959166179
148 0.41216216216216217 2.0076434274711845
149 0.40939597315436244 2.009049084124263
150 0.4066666666666667 2.0104374272619436
151 0.40397350993377484 2.0118088190487806
152 0.40131578947368424 2.013163610842783
153 0.40522875816993464 2.0111694491135323
154 0.4025974025974026 2.012510117510372
155 0.4 2.0138348886912034
156 0.3974358974358974 2.0151440825167697
157 0.4012738853503185 2.0131849834980406
158 0.4050632911392405 2.0112537128105132
159 0.4025157232704403 2.012551755553114
160 0.40625 2.0106495050374718
161 0.40993788819875776 2.008773593241547
162 0.4074074074074074 2.01006048438776
163 0.4049079754601227 2.011332811953147
164 0.4024390243902439 2.0125908559458487
165 0.4 2.0138348886912034
166 0.4036144578313253 2.011991763564374
167 0.40119760479041916 2.013223890354274
168 0.39880952380952384 2.014442552374268
169 0.40236686390532544 2.0126276438166646
170 0.40588235294117647 2.0108366610047224
171 0.40350877192982454 2.012045617735678
172 0.4011627906976744 2.013241647668093
173 0.3988439306358382 2.0144249855739607
174 0.40229885057471265 2.01266231842871
175 0.4 2.0138348886912034
176 0.3977272727272727 2.014995238806655
177 0.3954802259887006 2.016143585002599
178 0.39325842696629215 2.0172801380496503
179 0.39106145251396646 2.018405103441741
180 0.3888888888888889 2.0195186815689636
181 0.3867403314917127 2.0206210678833787
182 0.38461538461538464 2.021712453058141
183 0.3879781420765027 2.0199858328622766
184 0.391304347826087 2.018280673243004
185 0.3891891891891892 2.0193646915895753
186 0.3924731182795699 2.017682128751888
187 0.39572192513368987 2.016020011728218
188 0.39893617021276595 2.014377892856533
189 0.3968253968253968 2.0154560058319575
190 0.39473684210526316 2.016523736113428
191 0.39790575916230364 2.0149040714418014
192 0.4010416666666667 2.0133034303049135
193 0.39896373056994816 2.0143638223308216
194 0.4020618556701031 2.012783150857414
195 0.40512820512820513 2.0112206548598266
196 0.40816326530612246 2.009675959166179
197 0.40609137055837563 2.0107302543255248
198 0.40404040404040403 2.011774738007906
199 0.4020100502512563 2.012809565529012
200 0.4 2.0138348886912034
201 0.39800995024875624 2.0148508558877154
202 0.39603960396039606 2.015857612203012
203 0.39901477832512317 2.014337761098997
204 0.4019607843137255 2.012834685881214
205 0.4 2.0138348886912034
206 0.39805825242718446 2.0148261863710135
207 0.40096618357487923 2.013341934086899
208 0.40384615384615385 2.011873706621317
209 0.4019138755980861 2.012858604771772
210 0.40476190476190477 2.011407207237475
211 0.4028436018957346 2.0123846196992754
212 0.4009433962264151 2.0133535581055826
213 0.39906103286384975 2.014314147415002
214 0.40186915887850466 2.0128814063834044
215 0.4 2.0138348886912034
216 0.4027777777777778 2.0124181717099305
217 0.4009216589861751 2.0133646465570076
218 0.39908256880733944 2.014303153127259
219 0.3972602739726027 2.0152338055021897
220 0.4 2.0138348886912034
221 0.39819004524886875 2.014758878005175
222 0.4009009009009009 2.0133752356214503
223 0.40358744394618834 2.012005528763432
224 0.4017857142857143 2.0129239569327
225 0.4 2.0138348886912034
226 0.39823008849557523 2.014738428127481
227 0.3964757709251101 2.0156346772645026
228 0.39473684210526316 2.016523736113428
229 0.3930131004366812 2.017405702725623
230 0.39565217391304347 2.016055672024928
231 0.3939393939393939 2.016931673046558
232 0.3922413793103448 2.0178007804841838
233 0.3948497854077253 2.016465971251579
234 0.3974358974358974 2.0151440825167697
235 0.4 2.0138348886912034
236 0.4025423728813559 2.012538170108051
237 0.4008438818565401 2.013404322505744
238 0.39915966386554624 2.014263796241518
239 0.39748953974895396 2.0151166789341572
240 0.4 2.0138348886912034
241 0.4024896265560166 2.01256505928469
242 0.4049586776859504 2.011306989799595
243 0.40329218106995884 2.0121559926764507
244 0.4016393442622951 2.012998598286896
245 0.4 2.0138348886912034
246 0.4024390243902439 2.0125908559458487
247 0.4008097165991903 2.013421751412225
248 0.39919354838709675 2.014246498659092
249 0.40160642570281124 2.0130153857131354
250 0.4 2.0138348886912034
251 0.40239043824701193 2.0126156253499308
252 0.40476190476190477 2.011407207237475
253 0.4031620553359684 2.012222309512244
254 0.40551181102362205 2.0110253178167965
255 0.403921568627451 2.0118352826016936
256 0.40234375 2.0126394276594066
257 0.4046692607003891 2.0114543940210674
258 0.40310077519379844 2.01225354131772
259 0.4015444015444015 2.0130470166909333
260 0.4 2.0138348886912034
261 0.40229885057471265 2.01266231842871
262 0.40458015267175573 2.011499781414481
263 0.40304182509505704 2.01228358632944
264 0.4015151515151515 2.0130619338513918
265 0.4037735849056604 2.011910681770571
266 0.40225563909774437 2.0126843490371304
267 0.40074906367041196 2.013452693222904
268 0.40298507462686567 2.0123125109329365
269 0.4052044609665427 2.011181822063665
270 0.4074074074074074 2.01006048438776
271 0.4095940959409594 2.0089483588768804
272 0.4117647058823529 2.0078453096037134
273 0.4139194139194139 2.0067512036478377
274 0.41605839416058393 2.0056659110052366
275 0.41818181818181815 2.0045893045012835
276 0.4166666666666667 2.005357428298543
277 0.4151624548736462 2.0061204008758087
278 0.4136690647482014 2.0068782812204895
279 0.4157706093189964 2.0058118823761086
280 0.41785714285714287 2.0047538692519598
281 0.4199288256227758 2.003704123794463
282 0.4219858156028369 2.00266253043559
283 0.42402826855123676 2.0016289760217703
284 0.426056338028169 2.00060334974539
285 0.4280701754385965 1.9995855430787706
286 0.43006993006993005 1.9985754497105126
287 0.42857142857142855 1.9993323007199622
288 0.4270833333333333 2.0000842232298206
289 0.4290657439446367 1.9990825997029473
290 0.43103448275862066 1.9980884528398974
291 0.42955326460481097 1.9988363660087751
292 0.4280821917808219 1.9995794717650703
293 0.42662116040955633 2.0003178230162644
294 0.42517006802721086 2.0010514718323384
295 0.4271186440677966 2.0000663771662786
296 0.42567567567567566 2.0007958081267736
297 0.42424242424242425 2.0015206439153164
298 0.4228187919463087 2.0022409340622795
299 0.42474916387959866 2.0012643348550005
300 0.42333333333333334 2.0019805635268098
301 0.42524916943521596 2.001011471100497
302 0.423841059602649 2.0017236828472647
303 0.42244224422442245 2.002431503259735
304 0.4243421052631579 2.0014702220513367
305 0.4262295081967213 2.0005158042953703
306 0.42483660130718953 2.001220113032191
307 0.42671009771986973 2.0002728682046587
308 0.4253246753246753 2.0009732894864727
309 0.42718446601941745 2.0000331112186958
310 0.4290322580645161 1.999099513801656
311 0.42765273311897106 1.9997964711163205
312 0.42948717948717946 1.9988697418131676
313 0.4281150159744409 1.9995628872953266
314 0.4267515923566879 2.0002518944747405
315 0.4253968253968254 2.0009368056560097
316 0.4240506329113924 2.0016176625216455
317 0.4227129337539432 2.002294506144138
318 0.42452830188679247 2.0013760419827546
319 0.4263322884012539 2.000463846358719
320 0.428125 1.9995578428841512
321 0.42990654205607476 1.9986579565607503
322 0.43167701863354035 1.9977641137454807
323 0.43343653250773995 1.9968762421173374
324 0.43209876543209874 1.9975512560871813
325 0.4307692307692308 1.9982223637300296
326 0.4294478527607362 1.998889603789387
327 0.43119266055045874 1.9980086024786732
328 0.4298780487804878 1.9986723453450232
329 0.4316109422492401 1.9977974650789654
330 0.43333333333333335 1.996928305846106
331 0.4350453172205438 1.9960648010192759
332 0.43373493975903615 1.996725704581134
333 0.43243243243243246 1.9973828703386025
334 0.4311377245508982 1.9980363345374108
335 0.4298507462686567 1.9986861329170198
336 0.43154761904761907 1.997829427350028
337 0.4332344213649852 1.996978208059063
338 0.4349112426035503 1.9961324124642759
339 0.4365781710914454 1.9952919790494454
340 0.43529411764705883 1.9959393417324165
341 0.4340175953079179 1.996583124485355
342 0.43567251461988304 1.9957485482558557
343 0.43440233236151604 1.9963890687446657
344 0.4331395348837209 1.9970260806293045
345 0.4318840579710145 1.9976596168718315
346 0.43352601156069365 1.9968311013348592
347 0.43515850144092216 1.996007726094806
348 0.4367816091954023 1.9951894343804444
349 0.4383954154727794 1.9943761703543987
350 0.44 1.9935678790923177
351 0.43874643874643876 1.9941993189301408
352 0.4375 1.994827366285637
353 0.43626062322946174 1.995452052448986
354 0.4350282485875706 1.9960734082941538
355 0.43380281690140843 1.9966914642862157
356 0.43258426966292135 1.9973062504885175
357 0.4341736694677871 1.9965044005519328
358 0.43575418994413406 1.9957073688046039
359 0.43454038997214484 1.9963194393717048
360 0.4361111111111111 1.995527424898801
361 0.4376731301939058 1.9947401187852727
362 0.43646408839779005 1.995349485733195
363 0.43526170798898073 1.9959556840541317
364 0.4368131868131868 1.995173517900554
365 0.43561643835616437 1.9957768215611318
366 0.4371584699453552 1.994999488733814
367 0.43869209809264303 1.9942266956522123
368 0.4375 1.994827366285637
369 0.43902439024390244 1.9940592932535661
370 0.44054054054054054 1.9932956594649731
371 0.4420485175202156 1.9925364193248631
372 0.44086021505376344 1.9931346860881252
373 0.44235924932975873 1.9923800049328446
374 0.44385026737967914 1.9916296217045701
375 0.44533333333333336 1.9908834929573722
376 0.4441489361702128 1.9914793417631458
377 0.44297082228116713 1.9920721879679482
378 0.4417989417989418 1.9926620575836713
379 0.44327176781002636 1.9919207320334744
380 0.4421052631578947 1.9925078541815011
381 0.4435695538057743 1.9917708765005315
382 0.44502617801047123 1.99103800210926
383 0.44386422976501305 1.9916225960817686
384 0.4427083333333333 1.992204298576333
385 0.44155844155844154 1.9927831341797375
386 0.4430051813471503 1.9920548956544126
387 0.4444444444444444 1.9913306620788618
388 0.44587628865979384 1.9906103943616165
389 0.4473007712082262 1.9898940539782055
390 0.44871794871794873 1.9891816029600193
391 0.45012787723785164 1.9884730038834548
392 0.4489795918367347 1.9890500914025993
393 0.44783715012722647 1.9896243777192142
394 0.44923857868020306 1.9889199219762859
395 0.4506329113924051 1.9882192340871785
396 0.4494949494949495 1.9887910742045591
397 0.4508816120906801 1.9880942762527356
398 0.44974874371859297 1.9886635280260414
399 0.44862155388471175 1.9892300563826415
400 0.4475 1.989793883753718
