# parameters:
#  num_nodes=4, total_iters=455, ntest=20, copies=21
#  phase_average=1.4953064376867051, failure_threshold=0.2
# columns:
#  iteration   running_frequency   running_estimation
1 0.0 0.7853981633974483
2 0.5 1.1780972450961724
3 0.6666666666666666 1.2630564724597029
4 0.75 1.308996938995747
5 0.8 1.3389725222944935
6 0.8333333333333334 1.360529159152914
7 0.7142857142857143 1.2888250061145823
8 0.75 1.308996938995747
9 0.7777777777777778 1.3253549876502408
10 0.8 1.3389725222944935
11 0.7272727272727273 1.2960627044160828
12 0.6666666666666666 1.2630564724597029
13 0.6923076923076923 1.2767950250211126
14 0.7142857142857143 1.2888250061145823
15 0.6666666666666666 1.2630564724597029
16 0.6875 1.2741964387200821
17 0.6470588235294118 1.2527302953923916
18 0.6666666666666666 1.2630564724597029
19 0.631578947368421 1.244670749375718
20 0.65 1.2542704086000218
21 0.6190476190476191 1.2381982992884872
22 0.6363636363636364 1.2471539027870704
23 0.6086956521739131 1.2328825098455556
24 0.5833333333333334 1.2199592649010946
25 0.6 1.2284367252937551
26 0.6153846153846154 1.236314289660693
27 0.6296296296296297 1.2436610348151365
28 0.6428571428571429 1.2505351704551844
29 0.6551724137931034 1.2569861823707624
30 0.6666666666666666 1.2630564724597029
31 0.6774193548387096 1.2687826314041648
32 0.65625 1.2575531710781425
33 0.6363636363636364 1.2471539027870704
34 0.6176470588235294 1.237477537791534
35 0.6 1.2284367252937551
36 0.6111111111111112 1.2341205181715151
37 0.5945945945945946 1.2256813345762725
38 0.6052631578947368 1.2311255727159796
39 0.5897435897435898 1.2232135301951763
40 0.6 1.2284367252937551
41 0.6097560975609756 1.2334258556831204
42 0.6190476190476191 1.2381982992884872
43 0.627906976744186 1.2427696397647268
44 0.6363636363636364 1.2471539027870704
45 0.6444444444444445 1.251363754677191
46 0.6521739130434783 1.2554106703780525
47 0.6595744680851063 1.2593050763042553
48 0.6458333333333334 1.2520894459359053
49 0.6326530612244898 1.2452275972898021
50 0.62 1.2386887078559132
51 0.6078431372549019 1.232445893163092
52 0.6153846153846154 1.236314289660693
53 0.6226415094339622 1.2400501498114351
54 0.6111111111111112 1.2341205181715151
55 0.6181818181818182 1.2377526779246064
56 0.625 1.2412673088816921
57 0.631578947368421 1.244670749375718
58 0.6206896551724138 1.2390439797132564
59 0.6271186440677966 1.2423619942891075
60 0.6166666666666667 1.2369733042763724
61 0.6229508196721312 1.2402096911744906
62 0.6290322580645161 1.2433518259908638
63 0.6190476190476191 1.2381982992884872
64 0.625 1.2412673088816921
65 0.6307692307692307 1.2442511954196362
66 0.6363636363636364 1.2471539027870704
67 0.6417910447761194 1.249979118548851
68 0.6470588235294118 1.2527302953923916
69 0.6521739130434783 1.2554106703780525
70 0.6571428571428571 1.2580232822618593
71 0.647887323943662 1.2531638320302412
72 0.6388888888888888 1.2484672634038836
73 0.6438356164383562 1.2510458441170256
74 0.6486486486486487 1.2535624223563462
75 0.64 1.2490457723982544
76 0.631578947368421 1.244670749375718
77 0.6363636363636364 1.2471539027870704
78 0.6282051282051282 1.2429238591643668
79 0.6329113924050633 1.2453615735532018
80 0.625 1.2412673088816921
81 0.6172839506172839 1.2372907560448243
82 0.6097560975609756 1.2334258556831204
83 0.6024096385542169 1.2296670117102926
84 0.6071428571428571 1.2320873697674115
85 0.6 1.2284367252937551
86 0.6046511627906976 1.2308126020883412
87 0.5977011494252874 1.2272641550312617
88 0.5909090909090909 1.2238060293443995
89 0.5842696629213483 1.220434147185105
90 0.5888888888888889 1.2227791937851158
91 0.5934065934065934 1.2250765497834073
92 0.5978260869565217 1.227327853283434
93 0.6021505376344086 1.229534662592958
94 0.6063829787234043 1.231698461279744
95 0.6105263157894737 1.2338206628320247
96 0.6041666666666666 1.2305648931618567
97 0.6082474226804123 1.232652927413404
98 0.6122448979591837 1.2347021043938304
99 0.6060606060606061 1.2315335096491098
100 0.6 1.2284367252937551
101 0.6039603960396039 1.2304594488055633
102 0.6078431372549019 1.232445893163092
103 0.6116504854368932 1.2343971564539253
104 0.6057692307692307 1.2313844390774977
105 0.6 1.2284367252937551
106 0.5943396226415094 1.2255515104323513
107 0.5887850467289719 1.2227264332540266
108 0.5833333333333334 1.2199592649010946
109 0.5871559633027523 1.2218989835062337
110 0.5909090909090909 1.2238060293443995
111 0.5945945945945946 1.2256813345762725
112 0.5892857142857143 1.222980832940222
113 0.584070796460177 1.2203332743893318
114 0.5789473684210527 1.2177368152555974
115 0.5826086956521739 1.2195918520329025
116 0.5775862068965517 1.2170477397788075
117 0.5811965811965812 1.2188761270258903
118 0.5847457627118644 1.2206756718071388
119 0.5798319327731093 1.2181847803352603
120 0.5833333333333334 1.2199592649010946
121 0.5867768595041323 1.22170649763983
122 0.5819672131147541 1.219266676786812
123 0.5853658536585366 1.2209903031167872
124 0.5806451612903226 1.2185967337389538
125 0.576 1.2162451130011003
126 0.5793650793650794 1.2179483382365426
127 0.5748031496062992 1.2156397647715915
128 0.578125 1.2173204628512877
129 0.5736434108527132 1.2150533985680383
130 0.5769230769230769 1.2167121447172184
131 0.5725190839694656 1.2144851321543821
132 0.5757575757575758 1.2161224805178683
133 0.5789473684210527 1.2177368152555974
134 0.582089552238806 1.2193286865251654
135 0.5851851851851851 1.2208986256993586
136 0.5808823529411765 1.218716907664475
137 0.583941605839416 1.2202677476077883
138 0.5869565217391305 1.2217977159395959
139 0.5899280575539568 1.2233072898863089
140 0.5928571428571429 1.2247969311048328
141 0.5957446808510638 1.2262670863473604
142 0.5985915492957746 1.227718188090925
143 0.6013986013986014 1.2291506551339488
144 0.5972222222222222 1.2270200083124823
145 0.6 1.2284367252937551
146 0.5958904109589042 1.226341327366379
147 0.5918367346938775 1.2242777957687307
148 0.5945945945945946 1.2256813345762725
149 0.5973154362416108 1.22706752308969
150 0.5933333333333334 1.2250392638644956
151 0.5894039735099338 1.2230409297822562
152 0.5855263157894737 1.2210717320232483
153 0.5882352941176471 1.222447146206265
154 0.5909090909090909 1.2238060293443995
155 0.5870967741935483 1.2218689291488398
156 0.5833333333333334 1.2199592649010946
157 0.5796178343949044 1.2180763438130737
158 0.5759493670886076 1.216219499124197
159 0.5786163522012578 1.2175692136002896
160 0.58125 1.218903195975276
161 0.5838509316770186 1.2202217585081967
162 0.5864197530864198 1.2215252045937295
163 0.5828220858895705 1.2197000378005542
164 0.5792682926829268 1.2178993242587273
165 0.5757575757575758 1.2161224805178683
166 0.5783132530120482 1.217415762714559
167 0.5808383233532934 1.2186945992148899
168 0.5773809523809523 1.2169438575840354
169 0.5798816568047337 1.2182099656449448
170 0.5823529411764706 1.2194621985385463
171 0.5789473684210527 1.2177368152555974
172 0.5755813953488372 1.216033363860648
173 0.5722543352601156 1.2143513483635382
174 0.5689655172413793 1.2126902894424492
175 0.5657142857142857 1.2110497236875546
176 0.5625 1.2094292028881888
177 0.5649717514124294 1.2106752448967055
178 0.5674157303370787 1.2119080870910692
179 0.5642458100558659 1.2103092054071556
180 0.5666666666666667 1.2115301424486578
181 0.569060773480663 1.2127383778370953
182 0.5714285714285714 1.2139341373225137
183 0.5683060109289617 1.212357384804083
184 0.5706521739130435 1.2135419599105288
185 0.572972972972973 1.2147145174573468
186 0.5698924731182796 1.2131583014104625
187 0.5668449197860963 1.2116200741446643
188 0.5691489361702128 1.2127828863305332
189 0.5661375661375662 1.2112632279189253
190 0.5631578947368421 1.20976077847161
191 0.5602094240837696 1.2082751925974748
192 0.5625 1.2094292028881888
193 0.5595854922279793 1.2079609637793889
194 0.5618556701030928 1.2091045176138135
195 0.5641025641025641 1.2102369851065289
196 0.5663265306122449 1.2113585501550828
197 0.5634517766497462 1.2099089115138864
198 0.5656565656565656 1.2110206113506063
199 0.5628140703517588 1.2095874857916333
200 0.565 1.2106894900219587
201 0.5621890547263682 1.209272507376181
202 0.5594059405940595 1.207870545565914
203 0.5615763546798029 1.2089637837122527
204 0.5588235294117647 1.2075772831024847
205 0.5560975609756098 1.206205206581811
206 0.5533980582524272 1.2048472887183328
207 0.5507246376811594 1.2035032713090275
208 0.5480769230769231 1.2021729031144068
209 0.5454545454545454 1.200855939605526
210 0.5428571428571428 1.1995521427226463
211 0.5402843601895735 1.198261280644895
212 0.5424528301886793 1.1993492467170914
213 0.5446009389671361 1.2004273950244566
214 0.5467289719626168 1.201495877873118
215 0.5488372093023256 1.202554844158502
216 0.5462962962962963 1.2012785978520866
217 0.543778801843318 1.20001471152413
218 0.5458715596330275 1.2010653217005385
219 0.547945205479452 1.2021067385823718
220 0.5454545454545454 1.200855939605526
221 0.5429864253393665 1.1996170234629053
222 0.5405405405405406 1.198389791267998
223 0.5426008968609866 1.1994235492988556
224 0.5401785714285714 1.19820821420175
225 0.5422222222222223 1.1992335271396894
226 0.5442477876106194 1.2002501182360061
227 0.5418502202643172 1.1990468653072004
228 0.5394736842105263 1.1978546471783567
229 0.537117903930131 1.196673285732666
230 0.5347826086956522 1.1955026070917771
231 0.5324675324675324 1.1943424414801738
232 0.5344827586206896 1.1953523211056885
233 0.5364806866952789 1.1963538106595923
234 0.5384615384615384 1.1973470302603784
235 0.5361702127659574 1.1961981623811968
236 0.5338983050847458 1.1950594086935264
237 0.5358649789029536 1.196045147929657
238 0.5378151260504201 1.1970228796811573
239 0.5397489539748954 1.1979927160199537
240 0.5375 1.1968648678653515
241 0.5352697095435685 1.195746757324866
242 0.5330578512396694 1.1946382365761132
243 0.5308641975308642 1.1935391611023785
244 0.5327868852459017 1.1945024589238291
245 0.5346938775510204 1.1954581340542831
246 0.532520325203252 1.1943688937667303
247 0.5344129554655871 1.1953173363998042
248 0.532258064516129 1.1942374874255417
249 0.5301204819277109 1.193166609837166
250 0.532 1.1941081879447208
251 0.5338645418326693 1.195042488174939
252 0.5357142857142857 1.1959696075675526
253 0.5335968379446641 1.194908330603095
254 0.531496062992126 1.1938557099518294
255 0.5294117647058824 1.1928116215829427
256 0.53125 1.1937324355452952
257 0.5330739299610895 1.1946462935744173
258 0.5348837209302325 1.1955532863420129
259 0.5366795366795367 1.196453502807389
260 0.5384615384615384 1.1973470302603784
261 0.5402298850574713 1.1982339543629117
262 0.5419847328244275 1.1991143591892885
263 0.5437262357414449 1.1999883272651966
264 0.5454545454545454 1.200855939605526
265 0.5471698113207547 1.2017172757510268
266 0.5451127819548872 1.2006843526874962
267 0.5430711610486891 1.1996595490806665
268 0.5447761194029851 1.2005153371995498
269 0.5464684014869888 1.2013650231084785
270 0.5481481481481482 1.2022086816768494
271 0.5461254612546126 1.2011928131680738
272 0.5441176470588235 1.2001847924133742
273 0.5457875457875457 1.2010231371997286
274 0.5437956204379562 1.2000231532547496
275 0.5418181818181819 1.1990307897175183
276 0.5434782608695652 1.1998638656830214
277 0.5415162454873647 1.1988792945947382
278 0.5431654676258992 1.1997068786871339
279 0.5448028673835126 1.2005287651740155
280 0.5464285714285714 1.2013450215872168
281 0.5444839857651246 1.2003686849942254
282 0.5460992907801419 1.2011796719257024
283 0.5441696113074205 1.2002108763941766
284 0.545774647887324 1.2010166610456234
285 0.5473684210526316 1.2018170273820923
286 0.548951048951049 1.2026120380996521
287 0.5505226480836237 1.20340175484592
288 0.5520833333333334 1.204186238243286
289 0.5536332179930796 1.2049655479114931
290 0.5551724137931034 1.205739742489595
291 0.5532646048109966 1.2047801791552146
292 0.5513698630136986 1.2038275786000256
293 0.552901023890785 1.2045973554554097
294 0.5510204081632653 1.203651928005151
295 0.5525423728813559 1.204417024657739
296 0.5506756756756757 1.203478663470211
297 0.5488215488215489 1.2025469763094727
298 0.5469798657718121 1.20162187922974
299 0.5451505016722408 1.2007032898488406
300 0.5433333333333333 1.1997911273089
301 0.5415282392026578 1.1988853122382812
302 0.543046357615894 1.199647101119917
303 0.5445544554455446 1.2004040603385995
304 0.5427631578947368 1.1995049770414286
305 0.5442622950819672 1.2002574005527276
306 0.545751633986928 1.201005105593274
307 0.5439739413680782 1.2001126591409381
308 0.5454545454545454 1.200855939605526
309 0.5436893203883495 1.1999697986599063
310 0.5451612903225806 1.200708706308152
311 0.5434083601286174 1.19982878263568
312 0.5448717948717948 1.2005633683304437
313 0.5431309904153354 1.1996895755324708
314 0.5445859872611465 1.2004198892602826
315 0.5428571428571428 1.1995521427226463
316 0.5411392405063291 1.198690144863467
317 0.5425867507886435 1.1994164504578677
318 0.5440251572327044 1.2001383668047492
319 0.5454545454545454 1.200855939605526
320 0.54375 1.2000002551186295
321 0.5420560747663551 1.1991501568010035
322 0.5434782608695652 1.1998638656830214
323 0.541795665634675 1.1990194920639916
324 0.5432098765432098 1.19972916644258
325 0.5446153846153846 1.20043464676655
326 0.5460122699386503 1.2011359757390125
327 0.5474006116207951 1.2018331954339379
328 0.5457317073170732 1.2009951003022272
329 0.5440729483282675 1.2001623556258054
330 0.5454545454545454 1.200855939605526
331 0.5468277945619335 1.201545506848175
332 0.5451807228915663 1.200718462487619
333 0.5435435435435435 1.1998966313195203
334 0.5449101796407185 1.2005826385387344
335 0.5432835820895522 1.1997661578440728
336 0.5446428571428571 1.2004484380780711
337 0.543026706231454 1.1996372388270258
338 0.5443786982248521 1.2003158321320557
339 0.5457227138643068 1.2009905846519424
340 0.5441176470588235 1.2001847924133742
341 0.5454545454545454 1.200855939605526
342 0.543859649122807 1.2000552913007483
343 0.5422740524781341 1.1992595352780877
344 0.5436046511627907 1.1999273018194223
345 0.5420289855072464 1.1991365640337563
346 0.5404624277456648 1.198350606102588
347 0.5389048991354467 1.1975693770391367
348 0.5402298850574713 1.1982339543629117
349 0.5415472779369628 1.1988948646256046
350 0.5428571428571428 1.1995521427226463
351 0.5413105413105413 1.198776087883037
352 0.5397727272727273 1.1980046404318543
353 0.5410764872521246 1.1986586616517072
354 0.53954802259887 1.1978919329691262
355 0.5380281690140845 1.1971297088586192
356 0.5365168539325843 1.1963719426522161
357 0.5378151260504201 1.1970228796811573
358 0.5363128491620112 1.1962696686664944
359 0.5376044568245125 1.1969172442056764
360 0.5361111111111111 1.1961685340544714
361 0.5346260387811634 1.1954241328788662
362 0.5331491712707183 1.1946839969942666
363 0.5344352617079889 1.1953285160486775
364 0.532967032967033 1.1945927281392628
365 0.5342465753424658 1.1952339495574098
366 0.5327868852459017 1.1945024589238291
367 0.5340599455040872 1.195140416179432
368 0.5353260869565217 1.1957750165379744
369 0.5338753387533876 1.195047899064023
370 0.5351351351351351 1.1956793027318697
371 0.5336927223719676 1.1949563817252185
372 0.5349462365591398 1.1955846206463738
373 0.5361930294906166 1.196209600730945
374 0.5347593582887701 1.1954909536757279
375 0.536 1.1961128334882232
376 0.5372340425531915 1.1967315162226406
377 0.5358090185676393 1.196017095614565
378 0.5343915343915344 1.1953066004202557
379 0.5329815303430079 1.194599992641899
380 0.531578947368421 1.1938972348248058
381 0.5328083989501312 1.1945132389928699
382 0.5340314136125655 1.1951261170466703
383 0.5352480417754569 1.1957358964028113
384 0.5364583333333334 1.1963426041289293
385 0.5376623376623376 1.196946266949599
386 0.5362694300518135 1.1962479016994454
387 0.5348837209302325 1.1955532863420129
388 0.5360824742268041 1.1961541781525817
389 0.5347043701799485 1.1954633930479959
390 0.5333333333333333 1.1947762821987287
391 0.5345268542199488 1.1953744215929991
392 0.5357142857142857 1.1959696075675526
393 0.5368956743002544 1.1965618653166348
394 0.5380710659898477 1.1971512197226584
395 0.5392405063291139 1.1977376953613343
396 0.5404040404040404 1.1983213165066968
397 0.5415617128463476 1.1989021071360255
398 0.5402010050251256 1.1982194674117352
399 0.5413533834586466 1.1987975825229107
400 0.5425 1.1993729171921408
