# parameters:
#  num_nodes=4, num_iters=1200, ntest=3, seed=43240
#  dishonest_nodes=2, dishonest_action=3
# columns:
#  iteration   running_frequency   running_estimation   average_phase
1 1.0 1.5707963267948966 1.8135283325859688
2 0.5 1.9634954084936207 1.8135283325859688
3 0.3333333333333333 2.0484546358571514 1.8135283325859688
4 0.25 2.0943951023931957 1.8135283325859688
5 0.2 2.1243706856919418 1.8135283325859688
6 0.16666666666666666 2.1459273225503623 1.8135283325859688
7 0.14285714285714285 2.1623961468647543 1.8135283325859688
8 0.25 2.0943951023931957 1.8135283325859688
9 0.2222222222222222 2.1107531510476893 1.8135283325859688
10 0.3 2.066374620010493 1.8135283325859688
11 0.2727272727272727 2.081460867813531 1.8135283325859688
12 0.3333333333333333 2.0484546358571514 1.8135283325859688
13 0.38461538461538464 2.021712453058141 1.8135283325859688
14 0.35714285714285715 2.0359333338526326 1.8135283325859688
15 0.3333333333333333 2.0484546358571514 1.8135283325859688
16 0.3125 2.0595946021175306 1.8135283325859688
17 0.29411764705882354 2.0695928356419175 1.8135283325859688
18 0.2777777777777778 2.0786339064139514 1.8135283325859688
19 0.2631578947368421 2.0868627571519514 1.8135283325859688
20 0.25 2.0943951023931957 1.8135283325859688
21 0.23809523809523808 2.1013246507765913 1.8135283325859688
22 0.22727272727272727 2.107728244802735 1.8135283325859688
23 0.21739130434782608 2.1136695967276036 1.8135283325859688
24 0.25 2.0943951023931957 1.8135283325859688
25 0.28 2.0773950768425764 1.8135283325859688
26 0.2692307692307692 2.083427567912559 1.8135283325859688
27 0.2962962962962963 2.068398754386082 1.8135283325859688
28 0.2857142857142857 2.0742231695120306 1.8135283325859688
29 0.3103448275862069 2.0607581151196355 1.8135283325859688
30 0.3 2.066374620010493 1.8135283325859688
31 0.3225806451612903 2.054180794801613 1.8135283325859688
32 0.34375 2.0429513344755907 1.8135283325859688
33 0.3333333333333333 2.0484546358571514 1.8135283325859688
34 0.3235294117647059 2.053673588584502 1.8135283325859688
35 0.34285714285714286 2.0434214456593076 1.8135283325859688
36 0.3611111111111111 2.033865426801332 1.8135283325859688
37 0.3783783783783784 2.0249224399582366 1.8135283325859688
38 0.3684210526315789 2.0300689127731664 1.8135283325859688
39 0.358974358974359 2.03497829079894 1.8135283325859688
40 0.375 2.0266654722791406 1.8135283325859688
41 0.36585365853658536 2.0314004832529133 1.8135283325859688
42 0.35714285714285715 2.0359333338526326 1.8135283325859688
43 0.37209302325581395 2.028167803162175 1.8135283325859688
44 0.36363636363636365 2.0325520661845187 1.8135283325859688
45 0.35555555555555557 2.0367619180746392 1.8135283325859688
46 0.3695652173913043 2.0294761205260676 1.8135283325859688
47 0.3617021276595745 2.033557867102756 1.8135283325859688
48 0.3541666666666667 2.0374876093333536 1.8135283325859688
49 0.3469387755102041 2.0412747232181343 1.8135283325859688
50 0.36 2.0344439357957027 1.8135283325859688
51 0.37254901960784315 2.027931986859561 1.8135283325859688
52 0.36538461538461536 2.0316439632754015 1.8135283325859688
53 0.3584905660377358 2.0352304614781294 1.8135283325859688
54 0.37037037037037035 2.0290591982125847 1.8135283325859688
55 0.36363636363636365 2.0325520661845187 1.8135283325859688
56 0.35714285714285715 2.0359333338526326 1.8135283325859688
57 0.3508771929824561 2.0392089305701173 1.8135283325859688
58 0.3620689655172414 2.0333670227732212 1.8135283325859688
59 0.3559322033898305 2.0365652302384696 1.8135283325859688
60 0.35 2.03966857199747 1.8135283325859688
61 0.3442622950819672 2.0426817299136135 1.8135283325859688
62 0.3387096774193548 2.0456090629761947 1.8135283325859688
63 0.3492063492063492 2.0400846671328505 1.8135283325859688
64 0.34375 2.0429513344755907 1.8135283325859688
65 0.3384615384615385 2.0457401512673012 1.8135283325859688
66 0.3333333333333333 2.0484546358571514 1.8135283325859688
67 0.3283582089552239 2.0510980843429416 1.8135283325859688
68 0.3382352941176471 2.0458596933981013 1.8135283325859688
69 0.3333333333333333 2.0484546358571514 1.8135283325859688
70 0.34285714285714286 2.0434214456593076 1.8135283325859688
71 0.352112676056338 2.0385619954276897 1.8135283325859688
72 0.3611111111111111 2.033865426801332 1.8135283325859688
73 0.3698630136986301 2.029321894553118 1.8135283325859688
74 0.36486486486486486 2.0319138429232413 1.8135283325859688
75 0.36 2.0344439357957027 1.8135283325859688
76 0.35526315789473684 2.0369146421428423 1.8135283325859688
77 0.36363636363636365 2.0325520661845187 1.8135283325859688
78 0.358974358974359 2.03497829079894 1.8135283325859688
79 0.35443037974683544 2.0373497706467947 1.8135283325859688
80 0.35 2.03966857199747 1.8135283325859688
81 0.345679012345679 2.0419366515497033 1.8135283325859688
82 0.34146341463414637 2.0441558639241415 1.8135283325859688
83 0.3373493975903614 2.046327968528456 1.8135283325859688
84 0.3333333333333333 2.0484546358571514 1.8135283325859688
85 0.3411764705882353 2.044307157032541 1.8135283325859688
86 0.3372093023255814 2.046402048932012 1.8135283325859688
87 0.3333333333333333 2.0484546358571514 1.8135283325859688
88 0.32954545454545453 2.0504663452781093 1.8135283325859688
89 0.33707865168539325 2.046471141963264 1.8135283325859688
90 0.34444444444444444 2.0425858934935586 1.8135283325859688
91 0.34065934065934067 2.044579894653778 1.8135283325859688
92 0.33695652173913043 2.0465357348791358 1.8135283325859688
93 0.3333333333333333 2.0484546358571514 1.8135283325859688
94 0.3404255319148936 2.0447032397017035 1.8135283325859688
95 0.3473684210526316 2.041049099892999 1.8135283325859688
96 0.34375 2.0429513344755907 1.8135283325859688
97 0.35051546391752575 2.0393984413369592 1.8135283325859688
98 0.35714285714285715 2.0359333338526326 1.8135283325859688
99 0.35353535353535354 2.037817681053962 1.8135283325859688
100 0.35 2.03966857199747 1.8135283325859688
101 0.3564356435643564 2.0363024033230825 1.8135283325859688
102 0.35294117647058826 2.03812845878984 1.8135283325859688
103 0.3592233009708738 2.034848562221493 1.8135283325859688
104 0.3557692307692308 2.0366503298296843 1.8135283325859688
105 0.3619047619047619 2.033452443154005 1.8135283325859688
106 0.3584905660377358 2.0352304614781294 1.8135283325859688
107 0.3644859813084112 2.032110629152555 1.8135283325859688
108 0.37037037037037035 2.0290591982125847 1.8135283325859688
109 0.3669724770642202 2.0308199712607737 1.8135283325859688
110 0.37272727272727274 2.027839820074048 1.8135283325859688
111 0.3783783783783784 2.0249224399582366 1.8135283325859688
112 0.375 2.0266654722791406 1.8135283325859688
113 0.3805309734513274 2.0238134284205263 1.8135283325859688
114 0.38596491228070173 2.0210191981961856 1.8135283325859688
115 0.391304347826087 2.018280673243004 1.8135283325859688
116 0.39655172413793105 2.0155958601415573 1.8135283325859688
117 0.39316239316239315 2.017329289074396 1.8135283325859688
118 0.3898305084745763 2.0190359037155083 1.8135283325859688
119 0.3949579831932773 2.0164106361773717 1.8135283325859688
120 0.39166666666666666 2.018095090482521 1.8135283325859688
121 0.3884297520661157 2.0197541626173283 1.8135283325859688
122 0.38524590163934425 2.0213884988892525 1.8135283325859688
123 0.3902439024390244 2.0188240190805686 1.8135283325859688
124 0.3951612903225806 2.016306666903947 1.8135283325859688
125 0.392 2.017924381345148 1.8135283325859688
126 0.3888888888888889 2.0195186815689636 1.8135283325859688
127 0.3937007874015748 2.0170537609538735 1.8135283325859688
128 0.3984375 2.0146325097137585 1.8135283325859688
129 0.40310077519379844 2.01225354131772 1.8135283325859688
130 0.4076923076923077 2.0099155349210105 1.8135283325859688
131 0.40458015267175573 2.011499781414481 1.8135283325859688
132 0.4090909090909091 2.009204192741848 1.8135283325859688
133 0.40601503759398494 2.01076911290272 1.8135283325859688
134 0.41044776119402987 2.0085144421840355 1.8135283325859688
135 0.4148148148148148 2.006296789096807 1.8135283325859688
136 0.41911764705882354 2.004115071061923 1.8135283325859688
137 0.4233576642335766 2.001968252539875 1.8135283325859688
138 0.427536231884058 1.9998553422754282 1.8135283325859688
139 0.4316546762589928 1.9977753907463707 1.8135283325859688
140 0.42857142857142855 1.9993323007199622 1.8135283325859688
141 0.425531914893617 2.0008684976650275 1.8135283325859688
142 0.4295774647887324 1.9988241440418764 1.8135283325859688
143 0.42657342657342656 2.000341951355461 1.8135283325859688
144 0.4305555555555556 1.998330243683063 1.8135283325859688
145 0.42758620689655175 1.9998300883297024 1.8135283325859688
146 0.4246575342465753 2.001310678180092 1.8135283325859688
147 0.4217687074829932 2.0027724343078024 1.8135283325859688
148 0.42567567567567566 2.0007958081267736 1.8135283325859688
149 0.42953020134228187 1.998848013868444 1.8135283325859688
150 0.4266666666666667 2.0002948209879174 1.8135283325859688
151 0.4304635761589404 1.9983766840824397 1.8135283325859688
152 0.4342105263157895 1.9964858104085896 1.8135283325859688
153 0.43137254901960786 1.997917796569678 1.8135283325859688
154 0.42857142857142855 1.9993323007199622 1.8135283325859688
155 0.432258064516129 1.9974708635372145 1.8135283325859688
156 0.42948717948717946 1.9988697418131676 1.8135283325859688
157 0.43312101910828027 1.9970354224389018 1.8135283325859688
158 0.43037974683544306 1.9984190105649662 1.8135283325859688
159 0.4276729559748428 1.9997862521783056 1.8135283325859688
160 0.43125 1.9979796575982167 1.8135283325859688
161 0.42857142857142855 1.9993323007199622 1.8135283325859688
162 0.42592592592592593 2.000669282060511 1.8135283325859688
163 0.4233128834355828 2.001990910870795 1.8135283325859688
164 0.4268292682926829 2.000212633375785 1.8135283325859688
165 0.4303030303030303 1.9984577465925841 1.8135283325859688
166 0.43373493975903615 1.996725704581134 1.8135283325859688
167 0.437125748502994 1.9950159802941005 1.8135283325859688
168 0.44047619047619047 1.9933280646955274 1.8135283325859688
169 0.4378698224852071 1.9946410020056236 1.8135283325859688
170 0.43529411764705883 1.9959393417324165 1.8135283325859688
171 0.4327485380116959 1.997223361266332 1.8135283325859688
172 0.43023255813953487 1.9984933304322388 1.8135283325859688
173 0.43352601156069365 1.9968311013348592 1.8135283325859688
174 0.43103448275862066 1.9980884528398974 1.8135283325859688
175 0.4342857142857143 1.9964478870850029 1.8135283325859688
176 0.4318181818181818 1.9976928652246821 1.8135283325859688
177 0.4293785310734463 1.9989246152782532 1.8135283325859688
178 0.42696629213483145 2.000143377255701 1.8135283325859688
179 0.4301675977653631 1.9985261318104404 1.8135283325859688
180 0.43333333333333335 1.996928305846106 1.8135283325859688
181 0.430939226519337 1.9981365412345435 1.8135283325859688
182 0.4340659340659341 1.9965587420240056 1.8135283325859688
183 0.43169398907103823 1.9977555482015312 1.8135283325859688
184 0.42934782608695654 1.998940123307977 1.8135283325859688
185 0.43243243243243246 1.9973828703386025 1.8135283325859688
186 0.43010752688172044 1.9985564648079108 1.8135283325859688
187 0.42780748663101603 1.99971827320292 1.8135283325859688
188 0.425531914893617 2.0008684976650275 1.8135283325859688
189 0.42328042328042326 2.0020073353628307 1.8135283325859688
190 0.42105263157894735 2.003134978653046 1.8135283325859688
191 0.42408376963350786 2.0016008997315557 1.8135283325859688
192 0.421875 2.002718626248736 1.8135283325859688
193 0.41968911917098445 2.003825548867768 1.8135283325859688
194 0.422680412371134 2.0023109647318895 1.8135283325859688
195 0.4205128205128205 2.003408336856294 1.8135283325859688
196 0.41836734693877553 2.004495275572372 1.8135283325859688
197 0.41624365482233505 2.005571950038347 1.8135283325859688
198 0.41414141414141414 2.0066385254839543 1.8135283325859688
199 0.41708542713567837 2.0051450931996704 1.8135283325859688
200 0.415 2.006202825775897 1.8135283325859688
201 0.4129353233830846 2.007250794679482 1.8135283325859688
202 0.41089108910891087 2.008289153472444 1.8135283325859688
203 0.4088669950738916 2.0093180522599483 1.8135283325859688
204 0.4068627450980392 2.010337637792487 1.8135283325859688
205 0.4097560975609756 2.008866003106595 1.8135283325859688
206 0.41262135922330095 2.00741022121469 1.8135283325859688
207 0.4106280193236715 2.0084228348379236 1.8135283325859688
208 0.40865384615384615 2.0094264466936123 1.8135283325859688
209 0.41148325358851673 2.0079882868708916 1.8135283325859688
210 0.4095238095238095 2.0089840915027297 1.8135283325859688
211 0.4075829383886256 2.0099711771594473 1.8135283325859688
212 0.4056603773584906 2.0109496738297996 1.8135283325859688
213 0.4084507042253521 2.0095297603147197 1.8135283325859688
214 0.40654205607476634 2.010500848801095 1.8135283325859688
215 0.4046511627906977 2.0114636121062897 1.8135283325859688
216 0.4074074074074074 2.01006048438776 1.8135283325859688
217 0.41013824884792627 2.008671750904186 1.8135283325859688
218 0.41284403669724773 2.007297146903682 1.8135283325859688
219 0.4155251141552511 2.0059364149201855 1.8135283325859688
220 0.41363636363636364 2.0068948811838303 1.8135283325859688
221 0.416289592760181 2.0055486520487777 1.8135283325859688
222 0.4189189189189189 2.004215764613707 1.8135283325859688
223 0.42152466367713004 2.0028959826273867 1.8135283325859688
224 0.41964285714285715 2.003848984343743 1.8135283325859688
225 0.4222222222222222 2.0025428660087328 1.8135283325859688
226 0.4247787610619469 2.0012493658303985 1.8135283325859688
227 0.42731277533039647 1.9999682664752618 1.8135283325859688
228 0.4298245614035088 1.9986993561867057 1.8135283325859688
229 0.4279475982532751 1.999647477006157 1.8135283325859688
230 0.4260869565217391 2.000587870361506 1.8135283325859688
231 0.42857142857142855 1.9993323007199622 1.8135283325859688
232 0.4267241379310345 2.000265771460831 1.8135283325859688
233 0.4248927038626609 2.001191739570659 1.8135283325859688
234 0.42735042735042733 1.9999492384300095 1.8135283325859688
235 0.425531914893617 2.0008684976650275 1.8135283325859688
236 0.4279661016949153 1.999638127726782 1.8135283325859688
237 0.43037974683544306 1.9984190105649662 1.8135283325859688
238 0.4327731092436975 1.9972109630313544 1.8135283325859688
239 0.4309623430962343 1.9981248711290867 1.8135283325859688
240 0.43333333333333335 1.996928305846106 1.8135283325859688
241 0.43568464730290457 1.995742431086727 1.8135283325859688
242 0.43388429752066116 1.9966503626106311 1.8135283325859688
243 0.43621399176954734 1.9954755601118026 1.8135283325859688
244 0.4344262295081967 1.9963770160322674 1.8135283325859688
245 0.4326530612244898 1.9972715380576187 1.8135283325859688
246 0.43089430894308944 1.99815921751037 1.8135283325859688
247 0.4331983805668016 1.9969963913851458 1.8135283325859688
248 0.43548387096774194 1.995843662869988 1.8135283325859688
249 0.43775100401606426 1.994700876177591 1.8135283325859688
250 0.44 1.9935678790923177 1.8135283325859688
251 0.44223107569721115 1.9924445228594596 1.8135283325859688
252 0.4444444444444444 1.9913306620788618 1.8135283325859688
253 0.4426877470355731 1.9922146599938473 1.8135283325859688
254 0.4409448818897638 1.9930920538356873 1.8135283325859688
255 0.4392156862745098 1.9939629282415383 1.8135283325859688
256 0.4375 1.994827366285637 1.8135283325859688
257 0.4396887159533074 1.993724659940514 1.8135283325859688
258 0.4418604651162791 1.9926310856059555 1.8135283325859688
259 0.44015444015444016 1.9934900984142068 1.8135283325859688
260 0.43846153846153846 1.9943428552967886 1.8135283325859688
261 0.4367816091954023 1.9951894343804444 1.8135283325859688
262 0.4389312977099237 1.99410619009078 1.8135283325859688
263 0.4372623574144487 1.9949471305105824 1.8135283325859688
264 0.4393939393939394 1.9938731376660408 1.8135283325859688
265 0.4377358490566038 1.9947085130880795 1.8135283325859688
266 0.4398496240601504 1.993643615721125 1.8135283325859688
267 0.43820224719101125 1.994473498401268 1.8135283325859688
268 0.44029850746268656 1.9934175444416309 1.8135283325859688
269 0.43866171003717475 1.9942420052604795 1.8135283325859688
270 0.44074074074074077 1.993194846406737 1.8135283325859688
271 0.43911439114391143 1.9940139549035392 1.8135283325859688
272 0.4375 1.994827366285637 1.8135283325859688
273 0.4358974358974359 1.9956351485039772 1.8135283325859688
274 0.4343065693430657 1.996437368342077 1.8135283325859688
275 0.43272727272727274 1.997234091442519 1.8135283325859688
276 0.4311594202898551 1.9980253823326901 1.8135283325859688
277 0.4332129963898917 1.9969890173794365 1.8135283325859688
278 0.4316546762589928 1.9977753907463707 1.8135283325859688
279 0.4336917562724014 1.9967474886076304 1.8135283325859688
280 0.4357142857142857 1.9957274877980615 1.8135283325859688
281 0.43416370106761565 1.9965094285225955 1.8135283325859688
282 0.43617021276595747 1.9954976300646403 1.8135283325859688
283 0.43462897526501765 1.996274762717443 1.8135283325859688
284 0.43309859154929575 1.9970467379333443 1.8135283325859688
285 0.43157894736842106 1.9978136143664222 1.8135283325859688
286 0.43006993006993005 1.9985754497105126 1.8135283325859688
287 0.43205574912891986 1.9975729654841075 1.8135283325859688
288 0.4305555555555556 1.998330243683063 1.8135283325859688
289 0.4290657439446367 1.9990825997029473 1.8135283325859688
290 0.43103448275862066 1.9980884528398974 1.8135283325859688
291 0.42955326460481097 1.9988363660087751 1.8135283325859688
292 0.4315068493150685 1.9978500060973494 1.8135283325859688
293 0.4300341296928328 1.9985935276739388 1.8135283325859688
294 0.42857142857142855 1.9993323007199622 1.8135283325859688
295 0.43050847457627117 1.9983540147192855 1.8135283325859688
296 0.43243243243243246 1.9973828703386025 1.8135283325859688
297 0.43097643097643096 1.9981177590818628 1.8135283325859688
298 0.43288590604026844 1.997154048714004 1.8135283325859688
299 0.43478260869565216 1.9961972825130476 1.8135283325859688
300 0.43666666666666665 1.9952473714584846 1.8135283325859688
301 0.43853820598006643 1.9943042282282086 1.8135283325859688
302 0.44039735099337746 1.9933677671546248 1.8135283325859688
303 0.4389438943894389 1.9940998442508309 1.8135283325859688
304 0.4375 1.994827366285637 1.8135283325859688
305 0.4360655737704918 1.9955503818863187 1.8135283325859688
306 0.43790849673202614 1.9946215139371908 1.8135283325859688
307 0.43973941368078173 1.9936991247876268 1.8135283325859688
308 0.4383116883116883 1.9944183557962112 1.8135283325859688
309 0.4368932038834951 1.9951331864274313 1.8135283325859688
310 0.43870967741935485 1.9942178391790286 1.8135283325859688
311 0.4405144694533762 1.993308788211555 1.8135283325859688
312 0.4423076923076923 1.9924059566226942 1.8135283325859688
313 0.44089456869009586 1.9931173879133173 1.8135283325859688
314 0.4394904458598726 1.993824526577969 1.8135283325859688
315 0.4380952380952381 1.994527417079885 1.8135283325859688
316 0.439873417721519 1.9936316318923437 1.8135283325859688
317 0.4384858044164038 1.9943306294043186 1.8135283325859688
318 0.44025157232704404 1.9934411812435953 1.8135283325859688
319 0.44200626959247646 1.992557686724367 1.8135283325859688
320 0.44375 1.991680075114136 1.8135283325859688
321 0.4423676012461059 1.9923758009502148 1.8135283325859688
322 0.4440993788819876 1.9915042765950006 1.8135283325859688
323 0.4458204334365325 1.9906384872182417 1.8135283325859688
324 0.4444444444444444 1.9913306620788618 1.8135283325859688
325 0.4430769230769231 1.992018789746081 1.8135283325859688
326 0.4447852760736196 1.991159191034339 1.8135283325859688
327 0.44648318042813456 1.9903051750971716 1.8135283325859688
328 0.4481707317073171 1.9894566776766498 1.8135283325859688
329 0.44680851063829785 1.9901415758979386 1.8135283325859688
330 0.4484848484848485 1.9892987738095884 1.8135283325859688
331 0.4471299093655589 1.989979964975245 1.8135283325859688
332 0.44879518072289154 1.9891427825430583 1.8135283325859688
333 0.44744744744744747 1.989820306234265 1.8135283325859688
334 0.4491017964071856 1.9889886692762653 1.8135283325859688
335 0.4507462686567164 1.9881622777978007 1.8135283325859688
336 0.4523809523809524 1.987341073245673 1.8135283325859688
337 0.45103857566765576 1.988015414234797 1.8135283325859688
338 0.44970414201183434 1.988685942469144 1.8135283325859688
339 0.44837758112094395 1.989352695048174 1.8135283325859688
340 0.4470588235294118 1.9900157085495307 1.8135283325859688
341 0.44868035190615835 1.9892005011004823 1.8135283325859688
342 0.4473684210526316 1.98986003984345 1.8135283325859688
343 0.446064139941691 1.9905159154915648 1.8135283325859688
344 0.4476744186046512 1.9897061913201766 1.8135283325859688
345 0.4463768115942029 1.990358667419083 1.8135283325859688
346 0.4479768786127168 1.989554131182857 1.8135283325859688
347 0.4495677233429395 1.988754500490754 1.8135283325859688
348 0.4511494252873563 1.9879597223773589 1.8135283325859688
349 0.4498567335243553 1.9886092589397297 1.8135283325859688
350 0.44857142857142857 1.9892552525456848 1.8135283325859688
351 0.4472934472934473 1.9898977364495594 1.8135283325859688
352 0.44886363636363635 1.9891083740559592 1.8135283325859688
353 0.45042492917847027 1.9883237379760565 1.8135283325859688
354 0.4491525423728814 1.9889631639320058 1.8135283325859688
355 0.447887323943662 1.9895991532987365 1.8135283325859688
356 0.449438202247191 1.988819593859439 1.8135283325859688
357 0.4481792717086835 1.9894523845524859 1.8135283325859688
358 0.44972067039106145 1.9886776361620733 1.8135283325859688
359 0.44846796657381616 1.9893072599412915 1.8135283325859688
360 0.45 1.9885372637840106 1.8135283325859688
361 0.4515235457063712 1.9877717698502622 1.8135283325859688
362 0.45027624309392267 1.9883984502723326 1.8135283325859688
363 0.45179063360881544 1.9876375972924105 1.8135283325859688
364 0.4532967032967033 1.9868811472377383 1.8135283325859688
365 0.4520547945205479 1.9875049019798203 1.8135283325859688
366 0.45081967213114754 1.9881253969515078 1.8135283325859688
367 0.44959128065395093 1.988742661486572 1.8135283325859688
368 0.45108695652173914 1.987991107103578 1.8135283325859688
369 0.44986449864498645 1.9886053567097575 1.8135283325859688
370 0.45135135135135135 1.9878582760136922 1.8135283325859688
371 0.4501347708894879 1.988469539784946 1.8135283325859688
372 0.4489247311827957 1.9890776658173746 1.8135283325859688
373 0.450402144772118 1.9883351866185919 1.8135283325859688
374 0.44919786096256686 1.988940386656904 1.8135283325859688
375 0.448 1.9895425074289448 1.8135283325859688
376 0.44680851063829785 1.9901415758979386 1.8135283325859688
377 0.4482758620689655 1.9894038283723032 1.8135283325859688
378 0.4470899470899471 1.9900000588488906 1.8135283325859688
379 0.44854881266490765 1.9892666208212935 1.8135283325859688
380 0.45 1.9885372637840106 1.8135283325859688
381 0.45144356955380577 1.9878119475179319 1.8135283325859688
382 0.45287958115183247 1.9870906323919093 1.8135283325859688
383 0.4516971279373368 1.98768456940353 1.8135283325859688
384 0.4505208333333333 1.988275548906431 1.8135283325859688
385 0.45194805194805193 1.9875585208993363 1.8135283325859688
386 0.45077720207253885 1.9881467355448041 1.8135283325859688
387 0.4496124031007752 1.9887320462003812 1.8135283325859688
388 0.4484536082474227 1.9893144775510219 1.8135283325859688
389 0.4473007712082262 1.9898940539782055 1.8135283325859688
390 0.44871794871794873 1.9891816029600193 1.8135283325859688
391 0.45012787723785164 1.9884730038834548 1.8135283325859688
392 0.4489795918367347 1.9890500914025993 1.8135283325859688
393 0.44783715012722647 1.9896243777192142 1.8135283325859688
394 0.4467005076142132 1.9901958862366962 1.8135283325859688
395 0.4481012658227848 1.989491598994959 1.8135283325859688
396 0.44696969696969696 1.9900605241786549 1.8135283325859688
397 0.44836272040302266 1.989360165340105 1.8135283325859688
398 0.4472361809045226 1.989926530242982 1.8135283325859688
399 0.44611528822055135 1.9904901913901256 1.8135283325859688
400 0.4475 1.989793883753718 1.8135283325859688
401 0.4463840399002494 1.990355032303273 1.8135283325859688
402 0.44527363184079605 1.9909135239323514 1.8135283325859688
403 0.4441687344913151 1.991469380283173 1.8135283325859688
404 0.4430693069306931 1.9920226227431892 1.8135283325859688
405 0.4419753086419753 1.9925732724490557 1.8135283325859688
406 0.4408866995073892 1.9931213502905292 1.8135283325859688
407 0.44226044226044225 1.9924297406329163 1.8135283325859688
408 0.4411764705882353 1.992975446499933 1.8135283325859688
409 0.44254278728606355 1.992287621990577 1.8135283325859688
410 0.44146341463414634 1.9928309761011835 1.8135283325859688
411 0.44282238442822386 1.9921468957075406 1.8135283325859688
412 0.441747572815534 1.9926879180260442 1.8135283325859688
413 0.4406779661016949 1.9932264567579405 1.8135283325859688
414 0.4396135265700483 1.9937625314996934 1.8135283325859688
415 0.44096385542168676 1.993082500220655 1.8135283325859688
416 0.4423076923076923 1.9924059566226942 1.8135283325859688
417 0.44364508393285373 1.9917328689248603 1.8135283325859688
418 0.44258373205741625 1.9922670131772373 1.8135283325859688
419 0.4439140811455847 1.9915975119398448 1.8135283325859688
420 0.44285714285714284 1.9921294018016957 1.8135283325859688
421 0.4418052256532066 1.9926588941544092 1.8135283325859688
422 0.4431279620853081 1.9919931033894294 1.8135283325859688
423 0.44208037825059104 1.992520380929185 1.8135283325859688
424 0.4410377358490566 1.993045300118995 1.8135283325859688
425 0.4423529411764706 1.9923831801816339 1.8135283325859688
426 0.44366197183098594 1.9917243708418222 1.8135283325859688
427 0.4449648711943794 1.9910688427013221 1.8135283325859688
428 0.4439252336448598 1.991591900281105 1.8135283325859688
429 0.4428904428904429 1.9921126420379724 1.8135283325859688
430 0.4441860465116279 1.9914606698163062 1.8135283325859688
431 0.44547563805104406 1.990811912603879 1.8135283325859688
432 0.44675925925925924 1.9901663422614342 1.8135283325859688
433 0.44803695150115475 1.9895239310157589 1.8135283325859688
434 0.44930875576036866 1.9888846514532332 1.8135283325859688
435 0.4482758620689655 1.9894038283723032 1.8135283325859688
436 0.44954128440366975 1.9887677877588619 1.8135283325859688
437 0.45080091533180777 1.9881348210677603 1.8135283325859688
438 0.4520547945205479 1.9875049019798203 1.8135283325859688
439 0.4510250569476082 1.9880222062462014 1.8135283325859688
440 0.45227272727272727 1.9873954334562207 1.8135283325859688
441 0.4512471655328798 1.9879106177992476 1.8135283325859688
442 0.45248868778280543 1.9872869601321124 1.8135283325859688
443 0.45372460496614 1.9866662655500116 1.8135283325859688
444 0.45495495495495497 1.9860485091363738 1.8135283325859688
445 0.45617977528089887 1.9854336662852954 1.8135283325859688
446 0.45739910313901344 1.984821712696304 1.8135283325859688
447 0.4563758389261745 1.9853352574975993 1.8135283325859688
448 0.4575892857142857 1.984726275923203 1.8135283325859688
449 0.45657015590200445 1.9852377287503074 1.8135283325859688
450 0.4577777777777778 1.9846316905371377 1.8135283325859688
451 0.4567627494456763 1.9851410682762476 1.8135283325859688
452 0.4579646017699115 1.984537945182419 1.8135283325859688
453 0.45916114790286977 1.9839376068127583 1.8135283325859688
454 0.4581497797356828 1.9844450287046487 1.8135283325859688
455 0.4593406593406593 1.983847551523499 1.8135283325859688
456 0.4583333333333333 1.9843529301462746 1.8135283325859688
457 0.4573304157549234 1.9848561819308488 1.8135283325859688
458 0.4585152838427948 1.9842616387422616 1.8135283325859688
459 0.45751633986928103 1.984762880991632 1.8135283325859688
460 0.45869565217391306 1.9841711439158785 1.8135283325859688
461 0.45770065075921906 1.9846703925357656 1.8135283325859688
462 0.45670995670995673 1.9851675640169117 1.8135283325859688
463 0.4557235421166307 1.9856626732710794 1.8135283325859688
464 0.4547413793103448 1.9861557350548746 1.8135283325859688
465 0.4559139784946237 1.9855670811620336 1.8135283325859688
466 0.45493562231759654 1.9860582149395114 1.8135283325859688
467 0.4539614561027837 1.9865473321290903 1.8135283325859688
468 0.452991452991453 1.987034447009563 1.8135283325859688
469 0.4520255863539446 1.9875195737132685 1.8135283325859688
470 0.4531914893617021 1.9869339857346118 1.8135283325859688
471 0.45222929936305734 1.9874172471076434 1.8135283325859688
472 0.451271186440678 1.987898549869692 1.8135283325859688
473 0.4503171247357294 1.9883779077018966 1.8135283325859688
474 0.45147679324894513 1.987795256833863 1.8135283325859688
475 0.45263157894736844 1.9872151907795406 1.8135283325859688
476 0.453781512605042 1.9866376892310882 1.8135283325859688
477 0.4528301886792453 1.987115439148475 1.8135283325859688
478 0.45188284518828453 1.9875912760992593 1.8135283325859688
479 0.4509394572025052 1.98806521328718 1.8135283325859688
480 0.45 1.9885372637840106 1.8135283325859688
481 0.45114345114345117 1.987962723810533 1.8135283325859688
482 0.45020746887966806 1.9884330089309772 1.8135283325859688
483 0.4492753623188406 1.9889014347064757 1.8135283325859688
484 0.45041322314049587 1.9883296199855982 1.8135283325859688
485 0.44948453608247424 1.9887963076834807 1.8135283325859688
486 0.4506172839506173 1.9882270861868336 1.8135283325859688
487 0.44969199178644764 1.9886920485607198 1.8135283325859688
488 0.4487704918032787 1.9891551922809507 1.8135283325859688
489 0.44785276073619634 1.989616529601861 1.8135283325859688
490 0.44693877551020406 1.9900760726582918 1.8135283325859688
491 0.4480651731160896 1.9895097434246307 1.8135283325859688
492 0.44715447154471544 1.9899676146795957 1.8135283325859688
493 0.4462474645030426 1.9904237170483619 1.8135283325859688
494 0.44534412955465585 1.9908780622971223 1.8135283325859688
495 0.44646464646464645 1.990314495640308 1.8135283325859688
496 0.4475806451612903 1.989753337386816 1.8135283325859688
497 0.44668008048289737 1.990206158354402 1.8135283325859688
498 0.4457831325301205 1.9906572482159932 1.8135283325859688
499 0.44488977955911824 1.9911066183653805 1.8135283325859688
500 0.446 1.9905481739207005 1.8135283325859688
501 0.44510978043912175 1.9909959463153717 1.8135283325859688
502 0.44621513944223107 1.9904399738513165 1.8135283325859688
503 0.44731610337972166 1.9898863449663313 1.8135283325859688
504 0.44841269841269843 1.9893350421289422 1.8135283325859688
505 0.4495049504950495 1.9887860480026007 1.8135283325859688
506 0.4505928853754941 1.9882393454427483 1.8135283325859688
507 0.44970414201183434 1.988685942469144 1.8135283325859688
508 0.4507874015748031 1.9881416109055707 1.8135283325859688
509 0.449901768172888 1.9885866276245991 1.8135283325859688
510 0.45098039215686275 1.9880446466483306 1.8135283325859688
511 0.4500978473581213 1.9884880941221432 1.8135283325859688
512 0.44921875 1.988929887828036 1.8135283325859688
513 0.4502923976608187 1.9883903327619408 1.8135283325859688
514 0.4494163424124514 1.9888305801182071 1.8135283325859688
515 0.44854368932038835 1.989269196166239 1.8135283325859688
516 0.4496124031007752 1.9887320462003812 1.8135283325859688
517 0.44874274661508706 1.9891691383096979 1.8135283325859688
518 0.4498069498069498 1.9886342770503722 1.8135283325859688
519 0.4508670520231214 1.9881015916812461 1.8135283325859688
520 0.45 1.9885372637840106 1.8135283325859688
521 0.4510556621880998 1.988006829731963 1.8135283325859688
522 0.4501915708812261 1.988440997654435 1.8135283325859688
523 0.45124282982791586 1.9879127960320004 1.8135283325859688
524 0.45229007633587787 1.9873867191477765 1.8135283325859688
525 0.4533333333333333 1.986862751858894 1.8135283325859688
526 0.4543726235741445 1.9863408791826733 1.8135283325859688
527 0.45351043643263755 1.9867738135609005 1.8135283325859688
528 0.45454545454545453 1.9862541030029746 1.8135283325859688
529 0.45368620037807184 1.986685550685386 1.8135283325859688
530 0.4528301886792453 1.987115439148475 1.8135283325859688
531 0.4538606403013183 1.9865979555564135 1.8135283325859688
532 0.4548872180451128 1.9860825160849445 1.8135283325859688
533 0.45590994371482174 1.9855691064405896 1.8135283325859688
534 0.4550561797752809 1.9859976905434786 1.8135283325859688
535 0.4542056074766355 1.9864247384123537 1.8135283325859688
536 0.4552238805970149 1.9859135005969981 1.8135283325859688
537 0.45623836126629425 1.9854042602949318 1.8135283325859688
538 0.45539033457249073 1.9858299391188716 1.8135283325859688
539 0.45454545454545453 1.9862541030029746 1.8135283325859688
540 0.45555555555555555 1.9857469990887575 1.8135283325859688
541 0.45471349353049906 1.9861697354534864 1.8135283325859688
542 0.45571955719557194 1.985664673590625 1.8135283325859688
543 0.4548802946593002 1.9860859919568747 1.8135283325859688
544 0.45588235294117646 1.9855829558108224 1.8135283325859688
545 0.45504587155963305 1.9860028656052202 1.8135283325859688
546 0.4542124542124542 1.9864213005971771 1.8135283325859688
547 0.45521023765996343 1.9859203495923223 1.8135283325859688
548 0.4562043795620438 1.9854213166521981 1.8135283325859688
549 0.45719489981785066 1.9849241887813713 1.8135283325859688
550 0.4581818181818182 1.9844289531149666 1.8135283325859688
551 0.4591651542649728 1.9839355969168917 1.8135283325859688
552 0.4601449275362319 1.9834441075780944 1.8135283325859688
553 0.4593128390596745 1.9838615079171336 1.8135283325859688
554 0.4602888086642599 1.983371938206538 1.8135283325859688
555 0.46126126126126127 1.9828842086739225 1.8135283325859688
556 0.46223021582733814 1.9823983071004763 1.8135283325859688
557 0.4614003590664273 1.9828144508395744 1.8135283325859688
558 0.46236559139784944 1.9823304260611723 1.8135283325859688
559 0.46153846153846156 1.9827451936578266 1.8135283325859688
560 0.4625 1.9822630312627998 1.8135283325859688
561 0.46345811051693403 1.9817826573665531 1.8135283325859688
562 0.4626334519572954 1.9821961174946041 1.8135283325859688
563 0.46181172291296624 1.9826081598256353 1.8135283325859688
564 0.46099290780141844 1.9830187927629774 1.8135283325859688
565 0.46017699115044247 1.98342802463765 1.8135283325859688
566 0.45936395759717313 1.983835863709189 1.8135283325859688
567 0.4585537918871252 1.9842423181664637 1.8135283325859688
568 0.45774647887323944 1.9846473961284805 1.8135283325859688
569 0.45694200351493847 1.9850511056451756 1.8135283325859688
570 0.45789473684210524 1.9845730019616488 1.8135283325859688
571 0.45709281961471104 1.9849754174079115 1.8135283325859688
572 0.4562937062937063 1.9853764813137027 1.8135283325859688
573 0.4572425828970332 1.984900259488355 1.8135283325859688
574 0.45818815331010454 1.9844257744154359 1.8135283325859688
575 0.4573913043478261 1.9848256263255757 1.8135283325859688
576 0.4565972222222222 1.9852241442804957 1.8135283325859688
577 0.4558058925476603 1.9856213359633181 1.8135283325859688
578 0.45674740484429066 1.9851487694352452 1.8135283325859688
579 0.45768566493955093 1.9846779124131442 1.8135283325859688
580 0.4586206896551724 1.9842087539579394 1.8135283325859688
581 0.459552495697074 1.9837412832343222 1.8135283325859688
582 0.4587628865979381 1.9841374115967354 1.8135283325859688
583 0.45969125214408235 1.9836716776704724 1.8135283325859688
584 0.4589041095890411 1.9840665595493714 1.8135283325859688
585 0.4598290598290598 1.9836025495934873 1.8135283325859688
586 0.4590443686006826 1.983996192772806 1.8135283325859688
587 0.4599659284497445 1.9835338941016143 1.8135283325859688
588 0.4608843537414966 1.9830732361858388 1.8135283325859688
589 0.4617996604414261 1.982614208735589 1.8135283325859688
590 0.46271186440677964 1.9821568015565534 1.8135283325859688
591 0.46362098138747887 1.981701004548799 1.8135283325859688
592 0.46452702702702703 1.981246807705591 1.8135283325859688
593 0.463743676222597 1.9816394946566966 1.8135283325859688
594 0.46464646464646464 1.9811869385432714 1.8135283325859688
595 0.46554621848739497 1.980735961399311 1.8135283325859688
596 0.46476510067114096 1.9811274721934828 1.8135283325859688
597 0.4639865996649916 1.9815177144943412 1.8135283325859688
598 0.46488294314381273 1.9810684046011862 1.8135283325859688
599 0.4657762938230384 1.9806206514738018 1.8135283325859688
600 0.4666666666666667 1.980174445596177 1.8135283325859688
601 0.46755407653910147 1.9797297775383356 1.8135283325859688
602 0.46677740863787376 1.9801189515633297 1.8135283325859688
603 0.46766169154228854 1.9796758567650072 1.8135283325859688
604 0.4685430463576159 1.9792342798104547 1.8135283325859688
605 0.46942148760330576 1.9787942115348225 1.8135283325859688
606 0.47029702970297027 1.9783556428550475 1.8135283325859688
607 0.4695222405271829 1.9787437409110398 1.8135283325859688
608 0.46875 1.9791305989427435 1.8135283325859688
609 0.4696223316912972 1.9786936024017279 1.8135283325859688
610 0.4704918032786885 1.978258084899148 1.8135283325859688
611 0.469721767594108 1.9786437927374843 1.8135283325859688
612 0.47058823529411764 1.978209784980391 1.8135283325859688
613 0.47145187601957583 1.9777772374130007 1.8135283325859688
614 0.47068403908794787 1.978161800263587 1.8135283325859688
615 0.46991869918699186 1.978545147079884 1.8135283325859688
616 0.46915584415584416 1.9789272845225199 1.8135283325859688
617 0.4700162074554295 1.9784963047589348 1.8135283325859688
618 0.470873786407767 1.9780667641669696 1.8135283325859688
619 0.4717285945072698 1.9776386542815434 1.8135283325859688
620 0.47096774193548385 1.9780197067519465 1.8135283325859688
621 0.4718196457326892 1.9775930559543906 1.8135283325859688
622 0.47106109324758844 1.9779729524671763 1.8135283325859688
623 0.47191011235955055 1.9775477508583588 1.8135283325859688
624 0.47115384615384615 1.9779264983914189 1.8135283325859688
625 0.4704 1.978304066934373 1.8135283325859688
626 0.4696485623003195 1.9786804628453325 1.8135283325859688
627 0.4704944178628389 1.978256775324705 1.8135283325859688
628 0.4713375796178344 1.977834479368564 1.8135283325859688
629 0.47217806041335453 1.9774135669272905 1.8135283325859688
630 0.4714285714285714 1.9777889087637865 1.8135283325859688
631 0.4722662440570523 1.9773694069041912 1.8135283325859688
632 0.47310126582278483 1.9769512714996604 1.8135283325859688
633 0.47393364928909953 1.9765344947153336 1.8135283325859688
634 0.4747634069400631 1.9761190687826664 1.8135283325859688
635 0.4755905511811024 1.975704985998673 1.8135283325859688
636 0.4748427672955975 1.976079338124035 1.8135283325859688
637 0.47566718995290425 1.9756666210117158 1.8135283325859688
638 0.47492163009404387 1.97603985687555 1.8135283325859688
639 0.47417840375586856 1.9764119524055812 1.8135283325859688
640 0.475 1.9760006226950633 1.8135283325859688
641 0.47425897035881437 1.9763716154463502 1.8135283325859688
642 0.4750778816199377 1.9759616332696737 1.8135283325859688
643 0.47433903576982894 1.976331529749261 1.8135283325859688
644 0.4751552795031056 1.9759228863152716 1.8135283325859688
645 0.4744186046511628 1.97629169297288 1.8135283325859688
646 0.47523219814241485 1.9758843795760912 1.8135283325859688
647 0.47449768160741884 1.976252102804788 1.8135283325859688
648 0.4737654320987654 1.9766187185821804 1.8135283325859688
649 0.47303543913713403 1.976984232691645 1.8135283325859688
650 0.4723076923076923 1.9773486508725737 1.8135283325859688
651 0.4731182795698925 1.976942752296981 1.8135283325859688
652 0.47392638036809814 1.9765381341262096 1.8135283325859688
653 0.47320061255742724 1.976901526360719 1.8135283325859688
654 0.4740061162079511 1.9764982120546488 1.8135283325859688
655 0.47480916030534354 1.9760961629575706 1.8135283325859688
656 0.4740853658536585 1.9764585337391989 1.8135283325859688
657 0.4748858447488584 1.9760577721292334 1.8135283325859688
658 0.4756838905775076 1.9756582608004245 1.8135283325859688
659 0.47496206373292865 1.976019614619448 1.8135283325859688
660 0.47575757575757577 1.9756213746972449 1.8135283325859688
661 0.4750378214826021 1.9759816883067989 1.8135283325859688
662 0.4743202416918429 1.9763409391974776 1.8135283325859688
663 0.4751131221719457 1.975943991095522 1.8135283325859688
664 0.4759036144578313 1.9755482698870725 1.8135283325859688
665 0.47518796992481205 1.9759065209151183 1.8135283325859688
666 0.47597597597597596 1.9755120471654695 1.8135283325859688
667 0.4752623688155922 1.9758692757199725 1.8135283325859688
668 0.47604790419161674 1.975476041596592 1.8135283325859688
669 0.476831091180867 1.9750840125912539 1.8135283325859688
670 0.4761194029850746 1.9754402512328093 1.8135283325859688
671 0.47540983606557374 1.9757954522251886 1.8135283325859688
672 0.47619047619047616 1.9754046741497215 1.8135283325859688
673 0.4769687964338782 1.9750150863654297 1.8135283325859688
674 0.47774480712166173 1.9746266824973289 1.8135283325859688
675 0.47703703703703704 1.9749809299163381 1.8135283325859688
676 0.47781065088757396 1.974593728050515 1.8135283325859688
677 0.4771048744460857 1.9749469754905251 1.8135283325859688
678 0.47640117994100295 1.9752992036818675 1.8135283325859688
679 0.47569955817378495 1.9756504177279806 1.8135283325859688
680 0.475 1.9760006226950633 1.8135283325859688
681 0.47430249632892807 1.9763498236124368 1.8135283325859688
682 0.4736070381231672 1.9766980254729034 1.8135283325859688
683 0.47291361639824303 1.9770452332331008 1.8135283325859688
684 0.4722222222222222 1.97739145181385 1.8135283325859688
685 0.472992700729927 1.9770056330872532 1.8135283325859688
686 0.4737609329446064 1.9766209712627558 1.8135283325859688
687 0.4745269286754003 1.976237460234131 1.8135283325859688
688 0.4752906976744186 1.97585509394273 1.8135283325859688
689 0.4760522496371553 1.9754738663769829 1.8135283325859688
690 0.4753623188405797 1.9758192396782057 1.8135283325859688
691 0.4761215629522431 1.975439170015433 1.8135283325859688
692 0.4754335260115607 1.9757835929152576 1.8135283325859688
693 0.47474747474747475 1.9761270450518054 1.8135283325859688
694 0.4755043227665706 1.9757481518570317 1.8135283325859688
695 0.4762589928057554 1.9753703770463285 1.8135283325859688
696 0.47701149425287354 1.9749937148134489 1.8135283325859688
697 0.47776183644189385 1.9746181593966174 1.8135283325859688
698 0.47707736389684813 1.9749607452259164 1.8135283325859688
699 0.47782546494992845 1.9745863137194706 1.8135283325859688
700 0.47714285714285715 1.9749279642338637 1.8135283325859688
701 0.47788873038516405 1.9745546499365725 1.8135283325859688
702 0.47863247863247865 1.974182423782798 1.8135283325859688
703 0.4779516358463727 1.9745231664934568 1.8135283325859688
704 0.4786931818181818 1.9741520445154919 1.8135283325859688
705 0.4794326241134752 1.9737819987635583 1.8135283325859688
706 0.4801699716713881 1.9734130237536083 1.8135283325859688
707 0.4809052333804809 1.9730451140427852 1.8135283325859688
708 0.481638418079096 1.9726782642290068 1.8135283325859688
709 0.4823695345557123 1.9723124689505545 1.8135283325859688
710 0.48169014084507045 1.9726523854393256 1.8135283325859688
711 0.4810126582278481 1.9729913626284428 1.8135283325859688
712 0.4803370786516854 1.9733294050278478 1.8135283325859688
713 0.48106591865357645 1.9729647132473098 1.8135283325859688
714 0.48179271708683474 1.9726010630877169 1.8135283325859688
715 0.4811188811188811 1.9729382130603739 1.8135283325859688
716 0.4818435754189944 1.9725756170921962 1.8135283325859688
717 0.4825662482566248 1.9722140515788062 1.8135283325859688
718 0.4818941504178273 1.9725503129504236 1.8135283325859688
719 0.48261474269819193 1.9721897896464133 1.8135283325859688
720 0.48333333333333334 1.9718302858089463 1.8135283325859688
721 0.4840499306518724 1.9714717963783839 1.8135283325859688
722 0.48476454293628807 1.9711143163320655 1.8135283325859688
723 0.4854771784232365 1.970757840683943 1.8135283325859688
724 0.4861878453038674 1.9704023644842226 1.8135283325859688
725 0.48551724137931035 1.9707378007741014 1.8135283325859688
726 0.48484848484848486 1.9710723259851675 1.8135283325859688
727 0.48418156808803303 1.9714059444215866 1.8135283325859688
728 0.4848901098901099 1.9710515039282384 1.8135283325859688
729 0.48559670781893005 1.9706980509670913 1.8135283325859688
730 0.4863013698630137 1.9703455807122516 1.8135283325859688
731 0.4856361149110807 1.9706783392631075 1.8135283325859688
732 0.4849726775956284 1.9710102013145891 1.8135283325859688
733 0.4843110504774898 1.9713411710679507 1.8135283325859688
734 0.48365122615803813 1.9716712526956905 1.8135283325859688
735 0.48299319727891155 1.9720004503418131 1.8135283325859688
736 0.48233695652173914 1.97232876812209 1.8135283325859688
737 0.4816824966078697 1.9726562101243164 1.8135283325859688
738 0.481029810298103 1.972982780408566 1.8135283325859688
739 0.4817320703653586 1.9726314066403472 1.8135283325859688
740 0.48243243243243245 1.9722810005129845 1.8135283325859688
741 0.4817813765182186 1.9726067371375717 1.8135283325859688
742 0.4811320754716981 1.9729316111784794 1.8135283325859688
743 0.48183041722745623 1.972582200533084 1.8135283325859688
744 0.48118279569892475 1.972906233037829 1.8135283325859688
745 0.48053691275167787 1.9732294114105264 1.8135283325859688
746 0.47989276139410186 1.9735517395630222 1.8135283325859688
747 0.47925033467202144 1.9738732213810208 1.8135283325859688
748 0.4786096256684492 1.97419386072432 1.8135283325859688
749 0.47930574098798395 1.973845494400877 1.8135283325859688
750 0.48 1.973498077082118 1.8135283325859688
751 0.4793608521970706 1.973817915227422 1.8135283325859688
752 0.4800531914893617 1.9734714600919476 1.8135283325859688
753 0.4807436918990704 1.9731259442484494 1.8135283325859688
754 0.48143236074270557 1.9727813632234428 1.8135283325859688
755 0.48079470198675495 1.9731004203188967 1.8135283325859688
756 0.4801587301587302 1.9734186489381715 1.8135283325859688
757 0.4795244385733157 1.9737360528187686 1.8135283325859688
758 0.48021108179419525 1.973392452540944 1.8135283325859688
759 0.4795783926218709 1.9737090532055435 1.8135283325859688
760 0.48026315789473684 1.9733663941273611 1.8135283325859688
761 0.480946123521682 1.9730246540788714 1.8135283325859688
762 0.48031496062992124 1.973340472609808 1.8135283325859688
763 0.48099606815203144 1.9729996636591065 1.8135283325859688
764 0.4816753926701571 1.9726597644800918 1.8135283325859688
765 0.48104575163398694 1.9729748040024748 1.8135283325859688
766 0.48172323759791125 1.9726358259761003 1.8135283325859688
767 0.4810951760104302 1.9729500740850767 1.8135283325859688
768 0.48046875 1.9732635187273395 1.8135283325859688
769 0.4798439531859558 1.9735761634723272 1.8135283325859688
770 0.4805194805194805 1.9732381341436036 1.8135283325859688
771 0.4798962386511025 1.9735499995271995 1.8135283325859688
772 0.4792746113989637 1.9738610725639745 1.8135283325859688
773 0.47865459249676584 1.9741713567507297 1.8135283325859688
774 0.479328165374677 1.9738342726023075 1.8135283325859688
775 0.48 1.973498077082118 1.8135283325859688
776 0.4806701030927835 1.9731627660737572 1.8135283325859688
777 0.4800514800514801 1.9734723164926995 1.8135283325859688
778 0.4794344473007712 1.9737810863977596 1.8135283325859688
779 0.48010269576379977 1.9734466882836248 1.8135283325859688
780 0.4807692307692308 1.9731131653454528 1.8135283325859688
781 0.4814340588988476 1.9727805135593675 1.8135283325859688
782 0.48081841432225064 1.973088555406137 1.8135283325859688
783 0.48020434227330777 1.9733958249445984 1.8135283325859688
784 0.48086734693877553 1.9730640711200325 1.8135283325859688
785 0.4802547770700637 1.9733705878095986 1.8135283325859688
786 0.48091603053435117 1.9730397115270175 1.8135283325859688
787 0.4815756035578145 1.972709692761541 1.8135283325859688
788 0.48096446700507617 1.97301547567673 1.8135283325859688
789 0.4816223067173637 1.9726863253520588 1.8135283325859688
790 0.4810126582278481 1.9729913626284428 1.8135283325859688
791 0.48166877370417194 1.9726630761887212 1.8135283325859688
792 0.4823232323232323 1.972335634510407 1.8135283325859688
793 0.4817150063051702 1.9726399443760518 1.8135283325859688
794 0.4811083123425693 1.9729435012224112 1.8135283325859688
795 0.48050314465408805 1.9732463082878864 1.8135283325859688
796 0.48115577889447236 1.9729197510303038 1.8135283325859688
797 0.48180677540777916 1.9725940292658035 1.8135283325859688
798 0.4824561403508772 1.9722691392401446 1.8135283325859688
799 0.4831038798498123 1.9719450772239422 1.8135283325859688
800 0.48375 1.9716218395124478 1.8135283325859688
801 0.484394506866417 1.9712994224253284 1.8135283325859688
802 0.4837905236907731 1.971601566984495 1.8135283325859688
803 0.48443337484433374 1.9712799789874655 1.8135283325859688
804 0.48383084577114427 1.9715813953678147 1.8135283325859688
805 0.484472049689441 1.9712606322097104 1.8135283325859688
806 0.4851116625310174 1.970940677729755 1.8135283325859688
807 0.4857496902106567 1.9706215283508381 1.8135283325859688
808 0.48514851485148514 1.9709222434155338 1.8135283325859688
809 0.484548825710754 1.9712222257651413 1.8135283325859688
810 0.48518518518518516 1.9709039001750577 1.8135283325859688
811 0.4845869297163995 1.9712031646813415 1.8135283325859688
812 0.4839901477832512 1.9715017030905198 1.8135283325859688
813 0.48462484624846247 1.9711841974235025 1.8135283325859688
814 0.48402948402948404 1.9714820249019498 1.8135283325859688
815 0.4834355828220859 1.9717791328124255 1.8135283325859688
816 0.48284313725490197 1.972075524178333 1.8135283325859688
817 0.48225214198286415 1.972371202004524 1.8135283325859688
818 0.4828850855745721 1.972054537689981 1.8135283325859688
819 0.4835164835164835 1.9717386603578266 1.8135283325859688
820 0.48292682926829267 1.9720336536346414 1.8135283325859688
821 0.4835566382460414 1.9717185721004524 1.8135283325859688
822 0.4829683698296837 1.9720128712640466 1.8135283325859688
823 0.4823815309842041 1.9723064670064794 1.8135283325859688
824 0.4830097087378641 1.9719921898372008 1.8135283325859688
825 0.4824242424242424 1.9722850980481985 1.8135283325859688
826 0.48184019370460046 1.9725773090655068 1.8135283325859688
827 0.48246674727932287 1.9722638325102064 1.8135283325859688
828 0.4830917874396135 1.9719511268866041 1.8135283325859688
829 0.4825090470446321 1.972242669643371 1.8135283325859688
830 0.4819277108433735 1.9725335217454 1.8135283325859688
831 0.4813477737665463 1.9728236860370187 1.8135283325859688
832 0.4807692307692308 1.9731131653454528 1.8135283325859688
833 0.48139255702280914 1.9728012788497198 1.8135283325859688
834 0.48081534772182255 1.973090089836083 1.8135283325859688
835 0.481437125748503 1.9727789790764951 1.8135283325859688
836 0.48086124401913877 1.9730671248170464 1.8135283325859688
837 0.48028673835125446 1.9733545947137494 1.8135283325859688
838 0.4797136038186158 1.973641391521224 1.8135283325859688
839 0.4803337306317044 1.9733310803340092 1.8135283325859688
840 0.48095238095238096 1.9730215230900308 1.8135283325859688
841 0.4815695600475624 1.9727127165709533 1.8135283325859688
842 0.4821852731591449 1.9724046575786915 1.8135283325859688
843 0.4816132858837485 1.9726908388201485 1.8135283325859688
844 0.4822274881516588 1.9723835367039086 1.8135283325859688
845 0.4816568047337278 1.9726690647026137 1.8135283325859688
846 0.48226950354609927 1.9723625157544342 1.8135283325859688
847 0.4817001180637544 1.9726473934835698 1.8135283325859688
848 0.482311320754717 1.972341594022656 1.8135283325859688
849 0.4817432273262662 1.9726258244351693 1.8135283325859688
850 0.4811764705882353 1.9729093978359507 1.8135283325859688
851 0.481786133960047 1.9726043568364147 1.8135283325859688
852 0.4823943661971831 1.9723000454149988 1.8135283325859688
853 0.48182883939038684 1.9725829899730778 1.8135283325859688
854 0.4812646370023419 1.9728652835024667 1.8135283325859688
855 0.4818713450292398 1.9725617231376202 1.8135283325859688
856 0.4824766355140187 1.9722588853519782 1.8135283325859688
857 0.48191365227537925 1.9725405556291167 1.8135283325859688
858 0.4813519813519814 1.9728215807792602 1.8135283325859688
859 0.4819557625145518 1.9725194867531757 1.8135283325859688
860 0.48255813953488375 1.9722181084076047 1.8135283325859688
861 0.4831591173054588 1.9719174427650592 1.8135283325859688
862 0.48259860788863107 1.9721978619368563 1.8135283325859688
863 0.4820393974507532 1.9724776421536383 1.8135283325859688
864 0.4826388888888889 1.972177709256473 1.8135283325859688
865 0.48323699421965316 1.9718784823042175 1.8135283325859688
866 0.48267898383371827 1.9721576497161142 1.8135283325859688
867 0.48212226066897346 1.9724361839117177 1.8135283325859688
868 0.4827188940092166 1.9721376826714399 1.8135283325859688
869 0.48216340621403914 1.9724155980061888 1.8135283325859688
870 0.4827586206896552 1.9721178074840404 1.8135283325859688
871 0.48220436280137774 1.9723951066999281 1.8135283325859688
872 0.4827981651376147 1.9720980235213692 1.8135283325859688
873 0.4833906071019473 1.9718016330566888 1.8135283325859688
874 0.482837528604119 1.9720783301566753 1.8135283325859688
875 0.48342857142857143 1.9717826404353689 1.8135283325859688
876 0.4828767123287671 1.972058726768937 1.8135283325859688
877 0.48346636259977194 1.9717637344869807 1.8135283325859688
878 0.48291571753986334 1.9720392127427964 1.8135283325859688
879 0.48350398179749715 1.9717449146194683 1.8135283325859688
880 0.48409090909090907 1.9714512967525961 1.8135283325859688
881 0.48354143019296253 1.9717261802461574 1.8135283325859688
882 0.48412698412698413 1.971433250117778 1.8135283325859688
883 0.48471121177802945 1.9711409943424492 1.8135283325859688
884 0.4852941176470588 1.970849410195604 1.8135283325859688
885 0.4858757062146893 1.970558494968886 1.8135283325859688
886 0.4853273137697517 1.9708328049667185 1.8135283325859688
887 0.4859075535512965 1.9705425649577033 1.8135283325859688
888 0.4864864864864865 1.9702529881111903 1.8135283325859688
889 0.4859392575928009 1.9705267066510395 1.8135283325859688
890 0.4853932584269663 1.9707998184956539 1.8135283325859688
891 0.48597081930415265 1.9705109195657813 1.8135283325859688
892 0.4854260089686099 1.970783436248478 1.8135283325859688
893 0.48488241881298993 1.9710553512248374 1.8135283325859688
894 0.4854586129753915 1.9707671273310412 1.8135283325859688
895 0.4849162011173184 1.971038452363989 1.8135283325859688
896 0.48549107142857145 1.9707508912520197 1.8135283325859688
897 0.48606465997770343 1.9704639808719795 1.8135283325859688
898 0.4866369710467706 1.9701777186404563 1.8135283325859688
899 0.4860956618464961 1.970448473927105 1.8135283325859688
900 0.4855555555555556 1.9707186356657769 1.8135283325859688
901 0.48501664816870144 1.9709882061209325 1.8135283325859688
902 0.4844789356984479 1.9712571875444067 1.8135283325859688
903 0.4839424141749723 1.9715255821755036 1.8135283325859688
904 0.48451327433628316 1.9712400099655243 1.8135283325859688
905 0.4850828729281768 1.9709550789293644 1.8135283325859688
906 0.4845474613686534 1.9712229082621753 1.8135283325859688
907 0.48511576626240355 1.970938624954064 1.8135283325859688
908 0.4845814977973568 1.97120588193266 1.8135283325859688
909 0.48404840484048406 1.9714725596725855 1.8135283325859688
910 0.4846153846153846 1.9711889304796935 1.8135283325859688
911 0.4840834248079034 1.9714550407906968 1.8135283325859688
912 0.48464912280701755 1.9711720534103554 1.8135283325859688
913 0.484118291347207 1.9714375987006936 1.8135283325859688
914 0.48358862144420134 1.9717025718634384 1.8135283325859688
915 0.4830601092896175 1.9719669750427762 1.8135283325859688
916 0.4836244541484716 1.971684645873647 1.8135283325859688
917 0.4841875681570338 1.9714029428851743 1.8135283325859688
918 0.48366013071895425 1.971666798034588 1.8135283325859688
919 0.48313384113166485 1.971930088037555 1.8135283325859688
920 0.483695652173913 1.9716490278362204 1.8135283325859688
921 0.48425624321389793 1.9713685882474001 1.8135283325859688
922 0.4837310195227766 1.9716313347729315 1.8135283325859688
923 0.48429035752979416 1.9713515226457208 1.8135283325859688
924 0.48484848484848486 1.9710723259851675 1.8135283325859688
925 0.4843243243243243 1.9713345308776202 1.8135283325859688
926 0.4838012958963283 1.971596178051002 1.8135283325859688
927 0.48327939590075514 1.9718572695689736 1.8135283325859688
928 0.4838362068965517 1.971578713402855 1.8135283325859688
929 0.48439181916038754 1.9713007669334754 1.8135283325859688
930 0.48494623655913977 1.9710234278183338 1.8135283325859688
931 0.48549946294307195 1.9707466937281866 1.8135283325859688
932 0.48605150214592274 1.9704705623469436 1.8135283325859688
933 0.4855305466237942 1.9707311453618896 1.8135283325859688
934 0.48501070663811563 1.9709911782215326 1.8135283325859688
935 0.4844919786096257 1.9712506629471065 1.8135283325859688
936 0.483974358974359 1.9715096015489932 1.8135283325859688
937 0.48452508004268946 1.9712341042809784 1.8135283325859688
938 0.4840085287846482 1.9714925078802776 1.8135283325859688
939 0.4845580404685836 1.9712176161860433 1.8135283325859688
940 0.48404255319148937 1.9714754869877393 1.8135283325859688
941 0.48459086078639746 1.971201198212039 1.8135283325859688
942 0.4851380042462845 1.9709275010396012 1.8135283325859688
943 0.48568398727465534 1.970654393231042 1.8135283325859688
944 0.486228813559322 1.9703818725594608 1.8135283325859688
945 0.4857142857142857 1.9706392378109439 1.8135283325859688
946 0.48520084566596194 1.9708960664988988 1.8135283325859688
947 0.48468848996832103 1.971152360570095 1.8135283325859688
948 0.48417721518987344 1.9714081219609791 1.8135283325859688
949 0.48366701791359323 1.9716633525977494 1.8135283325859688
950 0.4842105263157895 1.9713914580695326 1.8135283325859688
951 0.48370136698212407 1.971646168912258 1.8135283325859688
952 0.4842436974789916 1.9713748642293096 1.8135283325859688
953 0.48478488982161594 1.9711041381695218 1.8135283325859688
954 0.48532494758909855 1.9708339885668662 1.8135283325859688
955 0.4848167539267016 1.971088198750784 1.8135283325859688
956 0.48535564853556484 1.97081863149153 1.8135283325859688
957 0.48484848484848486 1.9710723259851675 1.8135283325859688
958 0.48434237995824636 1.9713254986257485 1.8135283325859688
959 0.48383733055265904 1.971578151281016 1.8135283325859688
960 0.48333333333333334 1.9718302858089463 1.8135283325859688
961 0.4838709677419355 1.9715613239106824 1.8135283325859688
962 0.48440748440748443 1.971292930494676 1.8135283325859688
963 0.48494288681204567 1.9710251034516721 1.8135283325859688
964 0.4854771784232365 1.970757840683943 1.8135283325859688
965 0.48601036269430054 1.9704911401052039 1.8135283325859688
966 0.4865424430641822 1.9702249996405283 1.8135283325859688
967 0.4870734229576008 1.9699594172262656 1.8135283325859688
968 0.4865702479338843 1.9702110921777236 1.8135283325859688
969 0.48606811145510836 1.9704622544627974 1.8135283325859688
970 0.48556701030927835 1.9707129058993733 1.8135283325859688
971 0.486096807415036 1.9704479009212514 1.8135283325859688
972 0.48662551440329216 1.9701834490108676 1.8135283325859688
973 0.48715313463514903 1.969919548143325 1.8135283325859688
974 0.48767967145790553 1.9696561963046393 1.8135283325859688
975 0.48717948717948717 1.9699063675286501 1.8135283325859688
976 0.48668032786885246 1.9701560325081338 1.8135283325859688
977 0.4872057318321392 1.9698932408953123 1.8135283325859688
978 0.4867075664621677 1.9701424083862902 1.8135283325859688
979 0.48621041879468846 1.9703910734369166 1.8135283325859688
980 0.4857142857142857 1.9706392378109439 1.8135283325859688
981 0.48623853211009177 1.9703770114412484 1.8135283325859688
982 0.48676171079429736 1.9701153266874112 1.8135283325859688
983 0.4872838250254323 1.9698541815869963 1.8135283325859688
984 0.4867886178861789 1.970101868433048 1.8135283325859688
985 0.4862944162436548 1.9703490588281931 1.8135283325859688
986 0.48580121703853957 1.9705957545047315 1.8135283325859688
987 0.48632218844984804 1.9703351675159155 1.8135283325859688
988 0.4868421052631579 1.9700751154417324 1.8135283325859688
989 0.487360970677452 1.9698155963559942 1.8135283325859688
990 0.48787878787878786 1.9695566083427227 1.8135283325859688
991 0.4873864783047427 1.9698028384739033 1.8135283325859688
992 0.4879032258064516 1.9695443857940351 1.8135283325859688
993 0.4874118831822759 1.96979013199941 1.8135283325859688
994 0.4869215291750503 1.9700353898108838 1.8135283325859688
995 0.48743718592964824 1.9697774766223877 1.8135283325859688
996 0.48694779116465864 1.9700222543307777 1.8135283325859688
997 0.4864593781344032 1.9702665472502867 1.8135283325859688
998 0.48697394789579157 1.970009171515801 1.8135283325859688
999 0.4864864864864865 1.9702529881111903 1.8135283325859688
1000 0.486 1.9704963234831325 1.8135283325859688
1001 0.4865134865134865 1.9702394831742318 1.8135283325859688
1002 0.48602794411177647 1.9704823459579135 1.8135283325859688
1003 0.4865403788634098 1.970226032115014 1.8135283325859688
1004 0.4860557768924303 1.970468424141762 1.8135283325859688
1005 0.48656716417910445 1.9702126346117232 1.8135283325859688
1006 0.4860834990059642 1.9704545577022452 1.8135283325859688
1007 0.48659384309831183 1.970199290345104 1.8135283325859688
1008 0.4871031746031746 1.9699445364410373 1.8135283325859688
1009 0.48761149653121905 1.9696902941784238 1.8135283325859688
1010 0.4871287128712871 1.9699317630655426 1.8135283325859688
1011 0.486646884272997 1.9701727602574983 1.8135283325859688
1012 0.48616600790513836 1.970413287358614 1.8135283325859688
1013 0.4856860809476802 1.9706533459652338 1.8135283325859688
1014 0.48520710059171596 1.9708929376657784 1.8135283325859688
1015 0.48472906403940885 1.9711320640407952 1.8135283325859688
1016 0.48523622047244097 1.9708783713614817 1.8135283325859688
1017 0.48475909537856443 1.9711170413767438 1.8135283325859688
1018 0.48526522593320237 1.9708638623170964 1.8135283325859688
1019 0.4847890088321884 1.9711020777102821 1.8135283325859688
1020 0.4852941176470588 1.970849410195604 1.8135283325859688
1021 0.48579823702252695 1.9705972451140152 1.8135283325859688
1022 0.4863013698630137 1.9703455807122516 1.8135283325859688
1023 0.4868035190615836 1.9700944152460582 1.8135283325859688
1024 0.486328125 1.9703321981300734 1.8135283325859688
1025 0.48585365853658535 1.970569523215866 1.8135283325859688
1026 0.48635477582846004 1.9703188677411863 1.8135283325859688
1027 0.48588120740019475 1.970555743278441 1.8135283325859688
1028 0.48540856031128404 1.9707921642900645 1.8135283325859688
1029 0.4849368318756074 1.9710281322941334 1.8135283325859688
1030 0.4854368932038835 1.9707779918192705 1.8135283325859688
1031 0.48496605237633367 1.9710135154220212 1.8135283325859688
1032 0.4844961240310077 1.9712485892389937 1.8135283325859688
1033 0.484027105517909 1.9714832147649495 1.8135283325859688
1034 0.48452611218568664 1.971233587962148 1.8135283325859688
1035 0.48405797101449277 1.9714677741510376 1.8135283325859688
1036 0.48455598455598453 1.9712186446329998 1.8135283325859688
1037 0.485053037608486 1.9709700032459259 1.8135283325859688
1038 0.48554913294797686 1.9707218483110278 1.8135283325859688
1039 0.4850818094321463 1.9709556109142046 1.8135283325859688
1040 0.4846153846153846 1.9711889304796935 1.8135283325859688
1041 0.4851104707012488 1.9709412739090202 1.8135283325859688
1042 0.4856046065259117 1.9706940999748546 1.8135283325859688
1043 0.4851390220517737 1.9709269919119112 1.8135283325859688
1044 0.48563218390804597 1.9706803055763988 1.8135283325859688
1045 0.4861244019138756 1.9704340983453459 1.8135283325859688
1046 0.48565965583174 1.9706665639507444 1.8135283325859688
1047 0.48519579751671443 1.9708985916802475 1.8135283325859688
1048 0.4856870229007634 1.9706528747955911 1.8135283325859688
1049 0.4861773117254528 1.9704076332856655 1.8135283325859688
1050 0.4857142857142857 1.9706392378109439 1.8135283325859688
1051 0.4862036156041865 1.970394476327189 1.8135283325859688
1052 0.48574144486692017 1.9706256526990904 1.8135283325859688
1053 0.4852801519468186 1.9708563960708216 1.8135283325859688
1054 0.4857685009487666 1.9706121191645791 1.8135283325859688
1055 0.48625592417061614 1.9703683121196058 1.8135283325859688
1056 0.48674242424242425 1.9701249733500705 1.8135283325859688
1057 0.48722800378429515 1.9698821012780228 1.8135283325859688
1058 0.4877126654064272 1.969639694333341 1.8135283325859688
1059 0.48819641170915956 1.9693977509536797 1.8135283325859688
1060 0.48867924528301887 1.9691562695844174 1.8135283325859688
1061 0.4891611687087653 1.9689152486786055 1.8135283325859688
1062 0.4896421845574388 1.9686746866969174 1.8135283325859688
1063 0.4901222953904045 1.9684345821075975 1.8135283325859688
1064 0.48966165413533835 1.9686649498224407 1.8135283325859688
1065 0.4892018779342723 1.968894889299588 1.8135283325859688
1066 0.48874296435272047 1.969124401926135 1.8135283325859688
1067 0.48922211808809746 1.9688847668662828 1.8135283325859688
1068 0.4897003745318352 1.9686455854998652 1.8135283325859688
1069 0.4892422825070159 1.9688746823180354 1.8135283325859688
1070 0.48878504672897194 1.969103355423192 1.8135283325859688
1071 0.488328664799253 1.969331606180661 1.8135283325859688
1072 0.4878731343283582 1.9695594359493327 1.8135283325859688
1073 0.48835041938490215 1.9693207259287384 1.8135283325859688
1074 0.4888268156424581 1.96908246573053 1.8135283325859688
1075 0.4883720930232558 1.9693098861724483 1.8135283325859688
1076 0.4888475836431227 1.9690720791413676 1.8135283325859688
1077 0.4883936861652739 1.9692990866861069 1.8135283325859688
1078 0.48886827458256027 1.969061731101999 1.8135283325859688
1079 0.48841519925857274 1.9692883272457045 1.8135283325859688
1080 0.4888888888888889 1.9690514213981876 1.8135283325859688
1081 0.4884366327474561 1.9692776076288898 1.8135283325859688
1082 0.488909426987061 1.9690411498172817 1.8135283325859688
1083 0.4884579870729455 1.9692669276149553 1.8135283325859688
1084 0.488929889298893 1.9690309161482 1.8135283325859688
1085 0.4894009216589862 1.9687953446461925 1.8135283325859688
1086 0.48987108655616945 1.9685602116710985 1.8135283325859688
1087 0.49034038638454464 1.9683255157919977 1.8135283325859688
1088 0.4898897058823529 1.9685509001006825 1.8135283325859688
1089 0.48943985307621674 1.968775874578585 1.8135283325859688
1090 0.4889908256880734 1.9690004405243307 1.8135283325859688
1091 0.48854262144821264 1.9692245992305248 1.8135283325859688
1092 0.489010989010989 1.968990356422627 1.8135283325859688
1093 0.4885635864592864 1.9692141139768315 1.8135283325859688
1094 0.4890310786106033 1.968980309200389 1.8135283325859688
1095 0.4894977168949772 1.9687469362495795 1.8135283325859688
1096 0.48996350364963503 1.968513993726225 1.8135283325859688
1097 0.48951686417502277 1.9687373605008025 1.8135283325859688
1098 0.4890710382513661 1.9689603245879441 1.8135283325859688
1099 0.4886260236578708 1.9691828872526127 1.8135283325859688
1100 0.48818181818181816 1.9694050497539564 1.8135283325859688
1101 0.48864668483197093 1.9691725539965002 1.8135283325859688
1102 0.4882032667876588 1.969394322459504 1.8135283325859688
1103 0.4886672710788758 1.9691622582233121 1.8135283325859688
1104 0.4891304347826087 1.9689306192638416 1.8135283325859688
1105 0.48868778280542985 1.9691519997294522 1.8135283325859688
1106 0.488245931283906 1.96937298429305 1.8135283325859688
1107 0.4878048780487805 1.9695935741880346 1.8135283325859688
1108 0.48826714801444043 1.9693623730005958 1.8135283325859688
1109 0.48872858431018934 1.9691315937726752 1.8135283325859688
1110 0.4891891891891892 1.9689012351538882 1.8135283325859688
1111 0.48874887488748875 1.9691214459098711 1.8135283325859688
1112 0.4892086330935252 1.9688915109325311 1.8135283325859688
1113 0.4887690925426775 1.9691113345265954 1.8135283325859688
1114 0.4883303411131059 1.9693307677953265 1.8135283325859688
1115 0.48878923766816146 1.9691012594264792 1.8135283325859688
1116 0.489247311827957 1.9688721670755993 1.8135283325859688
1117 0.4888093106535363 1.9690912204145614 1.8135283325859688
1118 0.4883720930232558 1.9693098861724483 1.8135283325859688
1119 0.4879356568364611 1.9695281655439731 1.8135283325859688
1120 0.4875 1.969746059718461 1.8135283325859688
1121 0.4870651204281891 1.969963569879882 1.8135283325859688
1122 0.48663101604278075 1.970180697206884 1.8135283325859688
1123 0.48619768477292963 1.9703974428728241 1.8135283325859688
1124 0.48576512455516013 1.9706138080458004 1.8135283325859688
1125 0.48533333333333334 1.9708297938886843 1.8135283325859688
1126 0.4857904085257549 1.9706011609431588 1.8135283325859688
1127 0.48535936113575867 1.9708167743949292 1.8135283325859688
1128 0.4858156028368794 1.9705885587064922 1.8135283325859688
1129 0.4853852967227635 1.9708038010484552 1.8135283325859688
1130 0.48584070796460177 1.9705760010974462 1.8135283325859688
1131 0.48629531388152075 1.9703486098405611 1.8135283325859688
1132 0.48586572438162545 1.9705634878793523 1.8135283325859688
1133 0.4854368932038835 1.9707779918192705 1.8135283325859688
1134 0.4858906525573192 1.9705510188172124 1.8135283325859688
1135 0.4863436123348018 1.9703244515694347 1.8135283325859688
1136 0.4859154929577465 1.970538593677685 1.8135283325859688
1137 0.48548812664907653 1.9707523642621876 1.8135283325859688
1138 0.4859402460456942 1.9705262122290692 1.8135283325859688
1139 0.4863915715539947 1.9703004630419931 1.8135283325859688
1140 0.4868421052631579 1.9700751154417324 1.8135283325859688
1141 0.48729184925503943 1.9698501681748555 1.8135283325859688
1142 0.4868651488616462 1.9700635896578624 1.8135283325859688
1143 0.4873140857392826 1.9698390463461517 1.8135283325859688
1144 0.4868881118881119 1.9700521041878267 1.8135283325859688
1145 0.4873362445414847 1.9698279633834896 1.8135283325859688
1146 0.4869109947643979 1.9700406588204613 1.8135283325859688
1147 0.4873583260680035 1.9698169190834727 1.8135283325859688
1148 0.4878048780487805 1.9695935741880346 1.8135283325859688
1149 0.48738033072236725 1.9698059132441215 1.8135283325859688
1150 0.48782608695652174 1.9695829665840332 1.8135283325859688
1151 0.48740225890529976 1.9697949456648605 1.8135283325859688
1152 0.4878472222222222 1.9695723958228952 1.8135283325859688
1153 0.48829141370338247 1.9693502368212439 1.8135283325859688
1154 0.48873483535528595 1.9691284674561018 1.8135283325859688
1155 0.4883116883116883 1.9693400967412953 1.8135283325859688
1156 0.48788927335640137 1.969551364064004 1.8135283325859688
1157 0.48833189282627487 1.9693299917273699 1.8135283325859688
1158 0.48877374784110533 1.9691090062902146 1.8135283325859688
1159 0.48921484037963764 1.9688884065667773 1.8135283325859688
1160 0.4896551724137931 1.9686681913766455 1.8135283325859688
1161 0.4892334194659776 1.9688791148654632 1.8135283325859688
1162 0.48881239242685026 1.9690896791419303 1.8135283325859688
1163 0.4892519346517627 1.9688698551292487 1.8135283325859688
1164 0.4896907216494845 1.968650412966327 1.8135283325859688
1165 0.4901287553648069 1.9684313514903307 1.8135283325859688
1166 0.49056603773584906 1.9682126695436355 1.8135283325859688
1167 0.4910025706940874 1.967994365973796 1.8135283325859688
1168 0.4914383561643836 1.9677764396335138 1.8135283325859688
1169 0.49101796407185627 1.967986668040589 1.8135283325859688
1170 0.4905982905982906 1.9681965402509625 1.8135283325859688
1171 0.4901793339026473 1.9684060573167463 1.8135283325859688
1172 0.4906143344709898 1.9681885168985045 1.8135283325859688
1173 0.49104859335038364 1.967971350938071 1.8135283325859688
1174 0.4906303236797274 1.968180520887662 1.8135283325859688
1175 0.49106382978723406 1.9679637315005696 1.8135283325859688
1176 0.4906462585034014 1.968172552078904 1.8135283325859688
1177 0.49107901444350044 1.9679561379616333 1.8135283325859688
1178 0.4906621392190153 1.9681646103336479 1.8135283325859688
1179 0.4902459711620017 1.9683727323018816 1.8135283325859688
1180 0.4906779661016949 1.9681566955142507 1.8135283325859688
1181 0.4911092294665538 1.9679410280530396 1.8135283325859688
1182 0.4906937394247039 1.9681488074840012 1.8135283325859688
1183 0.4902789518174134 1.9683562388460685 1.8135283325859688
1184 0.4907094594594595 1.9681409461071122 1.8135283325859688
1185 0.490295358649789 1.9683480338816322 1.8135283325859688
1186 0.49072512647554806 1.9681331112487128 1.8135283325859688
1187 0.4911541701769166 1.9679185541625757 1.8135283325859688
1188 0.49074074074074076 1.9681253027748407 1.8135283325859688
1189 0.4911690496215307 1.9679111132776563 1.8135283325859688
1190 0.49159663865546216 1.9676972869963083 1.8135283325859688
1191 0.491183879093199 1.967903697387007 1.8135283325859688
1192 0.49077181208053694 1.9681097644493244 1.8135283325859688
1193 0.490360435875943 1.9683154891788766 1.8135283325859688
1194 0.490787269681742 1.9681020343342295 1.8135283325859688
1195 0.4903765690376569 1.9683074211009979 1.8135283325859688
1196 0.4908026755852843 1.9680943300767448 1.8135283325859688
1197 0.49122807017543857 1.9678815984275746 1.8135283325859688
1198 0.49165275459098495 1.9676692250914116 1.8135283325859688
1199 0.49124270225187655 1.967874281265083 1.8135283325859688
1200 0.49083333333333334 1.9680789986173388 1.8135283325859688
