# parameters:
#  num_nodes=4, total_iters=1154, ntest=20, copies=21
#  phase_average=2.1115347763547287, failure_threshold=0.2
# columns:
#  iteration   running_frequency   running_estimation
1 0.0 2.356194490192345
2 0.0 2.356194490192345
3 0.3333333333333333 2.0484546358571514
4 0.5 1.9634954084936207
5 0.4 2.0138348886912034
6 0.3333333333333333 2.0484546358571514
7 0.42857142857142855 1.9993323007199622
8 0.5 1.9634954084936207
9 0.5555555555555556 1.9356601549083798
10 0.6 1.913155928296038
11 0.5454545454545454 1.940736713984267
12 0.5833333333333334 1.9216333886886985
13 0.6153846153846154 1.9052783639291002
14 0.5714285714285714 1.9276585162672795
15 0.6 1.913155928296038
16 0.625 1.900325344708101
17 0.5882352941176471 1.9191455073835282
18 0.6111111111111112 1.907472135418278
19 0.5789473684210527 1.9238558383341957
20 0.6 1.913155928296038
21 0.6190476190476191 1.9033943543013059
22 0.6363636363636364 1.8944387508027227
23 0.6086956521739131 1.9087101437442375
24 0.625 1.900325344708101
25 0.64 1.8925468811915387
26 0.6538461538461539 1.8853037280082345
27 0.6296296296296297 1.8979316187746567
28 0.6071428571428571 1.9095052838223816
29 0.5862068965517241 1.9201754993892355
30 0.5666666666666667 1.9300625111411354
31 0.5806451612903226 1.9229959198508393
32 0.5625 1.9321634507016043
33 0.5454545454545454 1.940736713984267
34 0.5588235294117647 1.9340153704873084
35 0.5428571428571428 1.9420405108671468
36 0.5555555555555556 1.9356601549083798
37 0.5405405405405406 1.9432028623217952
38 0.5526315789473685 1.9371307771437913
39 0.5641025641025641 1.9313556684832642
40 0.575 1.925853340299449
41 0.5609756097560976 1.9329315237336753
42 0.5714285714285714 1.9276585162672795
43 0.5581395348837209 1.934359731381286
44 0.5454545454545454 1.940736713984267
45 0.5555555555555556 1.9356601549083798
46 0.5434782608695652 1.9417287879067717
47 0.5531914893617021 1.9368492410893028
48 0.5625 1.9321634507016043
49 0.5510204081632653 1.9379407255846421
50 0.54 1.943474013485206
51 0.5490196078431373 1.9389461703389108
52 0.5576923076923077 1.9345848603645472
53 0.5471698113207547 1.9398753778387663
54 0.5555555555555556 1.9356601549083798
55 0.5636363636363636 1.9315906940957768
56 0.5535714285714286 1.9366581794681537
57 0.543859649122807 1.9415373622890448
58 0.5517241379310345 1.9375869886149382
59 0.559322033898305 1.933764360229301
60 0.55 1.9384535532032308
61 0.5409836065573771 1.9429805894410481
62 0.5483870967741935 1.9392639369836184
63 0.5396825396825397 1.9436332499723363
64 0.53125 1.947860218044498
65 0.5230769230769231 1.9519528465281342
66 0.5303030303030303 1.9483346024857418
67 0.5223880597014925 1.9522976347774588
68 0.5294117647058824 1.9487810320068504
69 0.5217391304347826 1.9526224157960916
70 0.5285714285714286 1.949201908223455
71 0.5211267605633803 1.9529288824444069
72 0.5138888888888888 1.956550070677672
73 0.5205479452054794 1.9532185417863763
74 0.527027027027027 1.9499753055900768
75 0.5333333333333333 1.9468163713910644
76 0.5263157894736842 1.9503314314282283
77 0.5194805194805194 1.9537526828436378
78 0.5128205128205128 1.9570844494585913
79 0.5189873417721519 1.9539994543587986
80 0.5125 1.9572447572687803
81 0.5061728395061729 1.9604089103319722
82 0.5121951219512195 1.9573972427992068
83 0.5180722891566265 1.9544572952418413
84 0.5238095238095238 1.9515861428375199
85 0.5294117647058824 1.9487810320068504
86 0.5232558139534884 1.9518633049272487
87 0.5287356321839081 1.949119671268631
88 0.5227272727272727 1.9521278553893715
89 0.5168539325842697 1.9550668455701434
90 0.5222222222222223 1.952380636148178
91 0.5164835164835165 1.9552521566294148
92 0.5108695652173914 1.9580601977233998
93 0.5053763440860215 1.9608071846467037
94 0.5 1.9634954084936207
95 0.49473684210526314 1.9661270360413616
96 0.5 1.9634954084936207
97 0.5051546391752577 1.9609180432503632
98 0.5 1.9634954084936207
99 0.5050505050505051 1.9609701130243067
100 0.5 1.9634954084936207
101 0.504950495049505 1.961020120525828
102 0.5098039215686274 1.958593133547506
103 0.5048543689320388 1.9610681858950814
104 0.5096153846153846 1.9586874198044824
105 0.5047619047619047 1.961114420117966
106 0.5094339622641509 1.958778147443606
107 0.5046728971962616 1.9611589258817415
108 0.5 1.9634954084936207
109 0.4954128440366973 1.9657890186508025
110 0.4909090909090909 1.9680411135146048
111 0.4954954954954955 1.9657476912132932
112 0.5 1.9634954084936207
113 0.49557522123893805 1.9657078267522596
114 0.49122807017543857 1.9678815984275746
115 0.4956521739130435 1.965669348934541
116 0.5 1.9634954084936207
117 0.5042735042735043 1.9613586303405735
118 0.5084745762711864 1.9592579174548388
119 0.5126050420168067 1.9571922197014249
120 0.5166666666666667 1.9551605311782951
121 0.512396694214876 1.957296426177284
122 0.5163934426229508 1.9552972179195922
123 0.5121951219512195 1.9573972427992068
124 0.5161290322580645 1.955429493076559
125 0.512 1.9574948323442702
126 0.5079365079365079 1.9595269878711319
127 0.5118110236220472 1.9575893473309467
128 0.515625 1.9556816363687468
129 0.5116279069767442 1.957680930814793
130 0.5153846153846153 1.955801886507548
131 0.5190839694656488 1.9539511054602239
132 0.5151515151515151 1.955918491002074
133 0.5112781954887218 1.9578558324529254
134 0.5074626865671642 1.959763926659605
135 0.5037037037037037 1.9616435397062628
136 0.5073529411764706 1.9598188053784094
137 0.5109489051094891 1.9580205183315842
138 0.5144927536231884 1.9562480166126668
139 0.5107913669064749 1.9580993060547103
140 0.5071428571428571 1.9599238584338725
141 0.5106382978723404 1.9581758581516255
142 0.5140845070422535 1.9564522233095567
143 0.5174825174825175 1.954752367662113
144 0.5208333333333334 1.9530757253879762
145 0.5241379310344828 1.9514217501473503
146 0.5205479452054794 1.9532185417863763
147 0.5170068027210885 1.9549903666454282
148 0.5135135135135135 1.956737828876051
149 0.5100671140939598 1.9584615112946988
150 0.5066666666666667 1.960161976386953
151 0.5099337748344371 1.9585281942637716
152 0.5131578947368421 1.956915701545509
153 0.5098039215686274 1.958593133547506
154 0.5064935064935064 1.9602485639723497
155 0.5032258064516129 1.961882494078543
156 0.5 1.9634954084936207
157 0.5031847133757962 1.9619030410386478
158 0.5 1.9634954084936207
159 0.4968553459119497 1.9650677459035006
160 0.49375 1.9666204898795516
161 0.4906832298136646 1.9681540632009866
162 0.49382716049382713 1.9665819066552694
163 0.49079754601226994 1.9680968952975189
164 0.49390243902439024 1.9665442645560969
165 0.49696969696969695 1.9650105692844169
166 0.5 1.9634954084936207
167 0.5029940119760479 1.961998393559237
168 0.5059523809523809 1.9605191477136628
169 0.5029585798816568 1.9620161099203142
170 0.5 1.9634954084936207
171 0.5029239766081871 1.9620334118564173
172 0.5058139534883721 1.9605883662375898
173 0.5028901734104047 1.9620503137409926
174 0.5 1.9634954084936207
175 0.49714285714285716 1.9649239876968447
176 0.4943181818181818 1.966336378730238
177 0.4971751412429379 1.9649078453862212
178 0.4943820224719101 1.9663044563652774
179 0.49162011173184356 1.967685548804808
180 0.4888888888888889 1.9690514213981876
181 0.4861878453038674 1.9704023644842226
182 0.4835164835164835 1.9717386603578266
183 0.4808743169398907 1.9730605835661734
184 0.4782608695652174 1.9743684011911498
185 0.4756756756756757 1.9756623731188716
186 0.4731182795698925 1.976942752296981
187 0.47058823529411764 1.978209784980391
188 0.4734042553191489 1.9767995595196164
189 0.4708994708994709 1.9780539000957267
190 0.46842105263157896 1.9792953982222543
191 0.4712041884816754 1.9779012853061924
192 0.4739583333333333 1.9765221359032061
193 0.47668393782383417 1.975157668893278
194 0.4742268041237113 1.97638771994648
195 0.4717948717948718 1.9776054626614639
196 0.4744897959183674 1.9762560507895357
197 0.47715736040609136 1.9749207050179567
198 0.47474747474747475 1.9761270450518054
199 0.47738693467336685 1.9748057991114134
200 0.475 1.9760006226950633
201 0.472636815920398 1.9771838390925636
202 0.47029702970297027 1.9783556428550475
203 0.46798029556650245 1.9795162238109587
204 0.46568627450980393 1.9806657672180983
205 0.4634146341463415 1.9818044539095268
206 0.46601941747572817 1.980498805913773
207 0.46859903381642515 1.9792062306133462
208 0.47115384615384615 1.9779264983914189
209 0.4688995215311005 1.9790556924325176
210 0.4714285714285714 1.9777889087637865
211 0.47393364928909953 1.9765344947153336
212 0.4716981132075472 1.9776539193792422
213 0.47417840375586856 1.9764119524055812
214 0.4766355140186916 1.9751819072188086
215 0.4744186046511628 1.97629169297288
216 0.47685185185185186 1.975073621103504
217 0.47465437788018433 1.9761736531861864
218 0.4724770642201835 1.9772638355279755
219 0.4703196347031963 1.9783443203736135
220 0.4727272727272727 1.9771385430322903
221 0.4751131221719457 1.975943991095522
222 0.47297297297297297 1.9770155113971648
223 0.47085201793721976 1.9780776669302353
224 0.46875 1.9791305989427435
225 0.4711111111111111 1.9779479016146275
226 0.47345132743362833 1.9767759901550126
227 0.47577092511013214 1.9756146921660926
228 0.4780701754385965 1.9744638392976341
229 0.4759825327510917 1.9755087649881158
230 0.4782608695652174 1.9743684011911498
231 0.47619047619047616 1.9754046741497215
232 0.47844827586206895 1.9742746101141164
233 0.47639484978540775 1.9753023722918055
234 0.47863247863247865 1.974182423782798
235 0.4765957446808511 1.9752018136704939
236 0.4745762711864407 1.976212756961132
237 0.47257383966244726 1.9772153745899026
238 0.47478991596638653 1.9761057973717562
239 0.47280334728033474 1.9771004492031994
240 0.4708333333333333 1.978087025157515
241 0.46887966804979253 1.979065638444483
242 0.4669421487603306 1.9800363999735615
243 0.46502057613168724 1.980999418415942
244 0.4672131147540984 1.9799006223212774
245 0.46530612244897956 1.9808562974517314
246 0.4634146341463415 1.9818044539095268
247 0.46153846153846156 1.9827451936578266
248 0.4637096774193548 1.9816565389697365
249 0.46586345381526106 1.9805769692919846
250 0.464 1.9815109968856714
251 0.46613545816733065 1.9804406515723876
252 0.46825396825396826 1.9793791084212222
253 0.466403162055336 1.9803064940005433
254 0.4645669291338583 1.98122680630863
255 0.4627450980392157 1.98214013838
256 0.46484375 1.9810880497402972
257 0.46303501945525294 1.9819947767481287
258 0.46124031007751937 1.9828947158664472
259 0.46332046332046334 1.9818516662048373
260 0.4653846153846154 1.9808169563773068
261 0.4674329501915709 1.979790469110199
262 0.46946564885496184 1.9787720895599659
263 0.4714828897338403 1.9777617052454504
264 0.4696969696969697 1.9786562145014996
265 0.4716981132075472 1.9776539193792422
266 0.47368421052631576 1.976659385559013
267 0.47191011235955055 1.9775477508583588
268 0.4701492537313433 1.9784296622179314
269 0.4684014869888476 1.9793052006257952
270 0.4666666666666667 1.980174445596177
271 0.46863468634686345 1.9791883691297996
272 0.46691176470588236 1.9800516253451212
273 0.46886446886446886 1.9790732528073156
274 0.4708029197080292 1.978102257936213
275 0.4727272727272727 1.9771385430322903
276 0.47101449275362317 1.9779962919017418
277 0.4693140794223827 1.9788480166945948
278 0.4712230215827338 1.9778918531105862
279 0.4731182795698925 1.976942752296981
280 0.4714285714285714 1.9777889087637865
281 0.47330960854092524 1.976846950237521
282 0.4716312056737589 1.9776874269953937
283 0.4734982332155477 1.976752504191909
284 0.47183098591549294 1.9775873768395116
285 0.47368421052631576 1.976659385559013
286 0.47202797202797203 1.9774887281987252
287 0.47038327526132406 1.9783124440042124
288 0.46875 1.9791305989427435
289 0.47058823529411764 1.978209784980391
290 0.4724137931034483 1.977295519234937
291 0.47079037800687284 1.978108539510246
292 0.4726027397260274 1.9772009027934745
293 0.47440273037542663 1.97629964052591
294 0.47619047619047616 1.9754046741497215
295 0.4745762711864407 1.976212756961132
296 0.47635135135135137 1.9753241458317288
297 0.47474747474747475 1.9761270450518054
298 0.47651006711409394 1.9752446996343864
299 0.4782608695652174 1.9743684011911498
300 0.4766666666666667 1.9751663138834525
301 0.47840531561461797 1.9742961102596417
302 0.48013245033112584 1.973431799223687
303 0.47854785478547857 1.9742247745497326
304 0.48026315789473684 1.9733663941273611
305 0.4819672131147541 1.9725137577235465
306 0.48366013071895425 1.971666798034588
307 0.4820846905537459 1.9724549810140768
308 0.4805194805194805 1.9732381341436036
309 0.47896440129449835 1.974016313045936
310 0.4774193548387097 1.9747895724490214
311 0.4758842443729904 1.9755579662051617
312 0.47435897435897434 1.9763215473096707
313 0.476038338658147 1.9754808298627637
314 0.47770700636942676 1.974645601655696
315 0.4793650793650794 1.9738157998408177
316 0.4810126582278481 1.9729913626284428
317 0.48264984227129337 1.9721722292629296
318 0.48427672955974843 1.9713583399994443
319 0.4827586206896552 1.9721178074840404
320 0.484375 1.9713091806184946
321 0.48286604361370716 1.9720640642593157
322 0.484472049689441 1.9712606322097104
323 0.48297213622291024 1.972010986974182
324 0.4845679012345679 1.9712126834515307
325 0.48615384615384616 1.9704193705651543
326 0.48773006134969327 1.9696309937378227
327 0.48623853211009177 1.9703770114412484
328 0.4878048780487805 1.9695935741880346
329 0.48936170212765956 1.9688149588356159
330 0.48787878787878786 1.9695566083427227
331 0.48942598187311176 1.96878281172956
332 0.4879518072289157 1.9695200879992036
333 0.4894894894894895 1.9687510508608013
334 0.49101796407185627 1.967986668040589
335 0.48955223880597015 1.9687196693096234
336 0.49107142857142855 1.967959931502041
337 0.49258160237388726 1.9672047434047868
338 0.4911242603550296 1.9679335114223997
339 0.4896755162241888 1.9686580172979276
340 0.49117647058823527 1.9679074022159257
341 0.49266862170087977 1.9671612290075713
342 0.49415204678362573 1.9664194517697653
343 0.49271137026239065 1.9671398524421242
344 0.49127906976744184 1.9678560947291956
345 0.4927536231884058 1.9671187237471006
346 0.49421965317919075 1.9663856462863356
347 0.49279538904899134 1.9670978386359579
348 0.49137931034482757 1.9678059669023367
349 0.4899713467048711 1.9685100714089452
350 0.49142857142857144 1.9677813327196363
351 0.49002849002849 1.9684814940309794
352 0.48863636363636365 1.9691777159264081
353 0.48725212464589235 1.9698700369180424
354 0.4858757062146893 1.970558494968886
355 0.48732394366197185 1.969834115798815
356 0.4859550561797753 1.9705188042357595
357 0.484593837535014 1.9711997091305598
358 0.48324022346368717 1.9718768667741975
359 0.4818941504178273 1.9725503129504236
360 0.48333333333333334 1.9718302858089463
361 0.481994459833795 1.9725001255086534
362 0.48342541436464087 1.971784219835183
363 0.4820936639118457 1.972450491453622
364 0.4807692307692308 1.9731131653454528
365 0.4794520547945205 1.973772275200865
366 0.4808743169398907 1.9730605835661734
367 0.47956403269754766 1.9737162391681229
368 0.48097826086956524 1.9730085737444467
369 0.4796747967479675 1.9736608110775182
370 0.4783783783783784 1.9743095914727342
371 0.4797843665768194 1.973605981086278
372 0.478494623655914 1.9742514147060661
373 0.47989276139410186 1.9735517395630222
374 0.48128342245989303 1.9728558841794073
375 0.48 1.973498077082118
376 0.4787234042553192 1.9741369195773166
377 0.48010610079575594 1.9734449844182134
378 0.47883597883597884 1.9740805815257818
379 0.47757255936675463 1.9747128924789512
380 0.4763157894736842 1.975341946722301
381 0.47506561679790027 1.975967773316508
382 0.4738219895287958 1.9765904009450168
383 0.4725848563968668 1.9772098579205648
384 0.4713541666666667 1.977826172191564
385 0.4701298701298701 1.9784393713483444
386 0.4689119170984456 1.9790494826292626
387 0.4702842377260982 1.9783620501642623
388 0.47164948453608246 1.9776782728275237
389 0.4730077120822622 1.976998116443986
390 0.47435897435897434 1.9763215473096707
391 0.4731457800511509 1.9769289821609903
392 0.4744897959183674 1.9762560507895357
393 0.4732824427480916 1.9768605525474687
394 0.4720812182741117 1.977462063395543
395 0.47341772151898737 1.9767928168791835
396 0.47474747474747475 1.9761270450518054
397 0.4760705289672544 1.9754647162187904
398 0.47738693467336685 1.9748057991114134
399 0.47869674185463656 1.9741502628791436
400 0.48 1.973498077082118
401 0.48129675810473815 1.9728492116837908
402 0.48009950248756217 1.9734482861876772
403 0.47890818858560796 1.9740444443740781
404 0.4777227722772277 1.9746377108603483
405 0.4765432098765432 1.9752281099612978
406 0.47783251231527096 1.9745827865675236
407 0.47911547911547914 1.9739407076754225
408 0.47794117647058826 1.9745284012758162
409 0.4767726161369193 1.975113281632719
410 0.47560975609756095 1.9756953720862862
411 0.4768856447688564 1.975056706534861
412 0.47815533980582525 1.9744212162571335
413 0.47699757869249393 1.9750006799637605
414 0.4782608695652174 1.9743684011911498
415 0.4795180722891566 1.9737392386340977
416 0.4807692307692308 1.9731131653454528
417 0.48201438848920863 1.9724901547209586
418 0.48325358851674644 1.9718701804933882
419 0.4821002386634845 1.9724472019684403
420 0.48095238095238096 1.9730215230900308
421 0.47980997624703087 1.9735931657856578
422 0.4786729857819905 1.9741621517234171
423 0.47754137115839246 1.9747285023160952
424 0.47641509433962265 1.975292238725182
425 0.4776470588235294 1.974675605346149
426 0.4765258215962441 1.9752368136917833
427 0.477751756440281 1.974623204392021
428 0.4766355140186916 1.9751819072188086
429 0.47785547785547783 1.974571292507269
430 0.4790697674418605 1.9739635835198945
431 0.4779582366589327 1.9745198628745975
432 0.4791666666666667 1.9739150915992651
433 0.4780600461893764 1.9744689088028708
434 0.4769585253456221 1.975020227368839
435 0.4781609195402299 1.9744184237242064
436 0.4793577981651376 1.9738194435461858
437 0.4805491990846682 1.973223263587472
438 0.4794520547945205 1.973772275200865
439 0.4806378132118451 1.9731789231129278
440 0.4818181818181818 1.9725883222837737
441 0.48072562358276644 1.9731349851201956
442 0.4796380090497738 1.9736792201705768
443 0.4785553047404063 1.9742210461402936
444 0.4797297297297297 1.9736333219263265
445 0.4786516853932584 1.9741728116290307
446 0.47757847533632286 1.9747099315147825
447 0.47874720357941836 1.9741250091388929
448 0.4799107142857143 1.973542755856522
449 0.48106904231625836 1.9729631502951168
450 0.48 1.973498077082118
451 0.4789356984478936 1.9740306772044147
452 0.4778761061946903 1.9745609682164826
453 0.4768211920529801 1.9750889674798833
454 0.47577092511013214 1.9756146921660926
455 0.47692307692307695 1.9750379704591072
456 0.4758771929824561 1.975561496009676
457 0.474835886214442 1.976082783029037
458 0.4759825327510917 1.9755087649881158
459 0.4749455337690632 1.9760278899903845
460 0.47391304347826085 1.9765448116611861
461 0.47288503253796094 1.9770595462029321
462 0.47186147186147187 1.9775721096446848
463 0.4708423326133909 1.9780825178446295
464 0.47198275862068967 1.9775113704196285
465 0.47096774193548385 1.9780197067519465
466 0.4699570815450644 1.9785259211192097
467 0.4689507494646681 1.9790300288538425
468 0.4700854700854701 1.9784616111509423
469 0.4690831556503198 1.9789636982903909
470 0.4702127659574468 1.9783978494804626
471 0.4692144373673036 1.978897932120268
472 0.4682203389830508 1.9793959570875632
473 0.4693446088794926 1.978832723166008
474 0.4704641350210971 1.978271943205458
475 0.47157894736842104 1.977713598384656
476 0.47058823529411764 1.978209784980391
477 0.469601677148847 1.9787039487989846
478 0.4686192468619247 1.9791961041138684
479 0.46764091858037576 1.9796862650520626
480 0.4666666666666667 1.980174445596177
481 0.4656964656964657 1.980660659586377
482 0.46680497925311204 1.9801051357491835
483 0.46790890269151136 1.979551993835062
484 0.4690082644628099 1.9790012158494563
485 0.46804123711340206 1.9794856904832272
486 0.4691358024691358 1.9789373244998267
487 0.4702258726899384 1.9783912844589806
488 0.4692622950819672 1.9788739578472505
489 0.46830265848670755 1.9793547141611414
490 0.46938775510204084 1.9788111094506344
491 0.47046843177189407 1.9782697910724243
492 0.4695121951219512 1.9787487729739472
493 0.47058823529411764 1.978209784980391
494 0.46963562753036436 1.9786869421840854
495 0.4686868686868687 1.97916222655756
496 0.46774193548387094 1.97963565082299
497 0.46680080482897385 1.980107227576934
498 0.4678714859437751 1.9795707409068224
499 0.46693386773547096 1.9800405495677331
500 0.468 1.9795063513421691
501 0.46706586826347307 1.9799744050824661
502 0.4681274900398406 1.9794424758926525
503 0.4691848906560636 1.978912733585719
504 0.47023809523809523 1.978385162325199
505 0.47128712871287126 1.9778597464439867
506 0.47035573122529645 1.9783262402688462
507 0.4714003944773176 1.9778030203202936
508 0.47244094488188976 1.9772819226563765
509 0.4715127701375246 1.9777467407102325
510 0.47058823529411764 1.978209784980391
511 0.47162426614481406 1.977690902359612
512 0.47265625 1.9771741074792268
513 0.47368421052631576 1.976659385559013
514 0.4727626459143969 1.9771208301035008
515 0.47184466019417476 1.977580528829115
516 0.4728682170542636 1.9770679663429236
517 0.4738878143133462 1.9765574434646396
518 0.47297297297297297 1.9770155113971648
519 0.47398843930635837 1.9765070624818322
520 0.47307692307692306 1.9769634605399253
521 0.472168905950096 1.977418151263867
522 0.4731800766283525 1.9769118091175164
523 0.4722753346080306 1.9773648546227294
524 0.4713740458015267 1.9778162162827448
525 0.4704761904761905 1.978265904937837
526 0.4695817490494297 1.9787139313267623
527 0.47058823529411764 1.978209784980391
528 0.4715909090909091 1.9777076078418647
529 0.4725897920604915 1.977207386371442
530 0.4716981132075472 1.9776539193792422
531 0.4726930320150659 1.9771556889457955
532 0.4718045112781955 1.977600635235594
533 0.4727954971857411 1.9771043800714805
534 0.4737827715355805 1.9766100369130823
535 0.4747663551401869 1.976117592801563
536 0.47388059701492535 1.976561057046393
537 0.4729981378026071 1.9770029105772466
538 0.4721189591078067 1.9774431635322538
539 0.47309833024118736 1.97695274141933
540 0.4722222222222222 1.97739145181385
541 0.4713493530499076 1.977828582960337
542 0.47232472324723246 1.9773401223203348
543 0.4714548802946593 1.9777757328212449
544 0.47058823529411764 1.978209784980391
545 0.47155963302752296 1.9777232712049488
546 0.4706959706959707 1.9781558241829267
547 0.4716636197440585 1.9776711938405607
548 0.4708029197080292 1.978102257936213
549 0.47176684881602915 1.9776194965195935
550 0.4727272727272727 1.9771385430322903
551 0.47186932849364793 1.9775681750948275
552 0.47282608695652173 1.9770890625222317
553 0.47377938517179025 1.9766117324276837
554 0.4747292418772563 1.976136173144554
555 0.47387387387387386 1.976564423214196
556 0.47302158273381295 1.9769911709953538
557 0.473967684021544 1.9765174542071149
558 0.47491039426523296 1.9760454818729842
559 0.47584973166368516 1.9755752426952857
560 0.475 1.9760006226950633
561 0.4741532976827095 1.976424522231661
562 0.4750889679715303 1.9759560831982284
563 0.47602131438721135 1.975489351796747
564 0.475177304964539 1.9759118599759815
565 0.4761061946902655 1.9754468629297715
566 0.47703180212014135 1.9749835501401511
567 0.47619047619047616 1.9754046741497215
568 0.477112676056338 1.9749430705908537
569 0.4780316344463972 1.9744831283882327
570 0.47719298245614034 1.974902875405754
571 0.4763572679509632 1.9753211842182823
572 0.4755244755244755 1.975738063373825
573 0.47643979057591623 1.9752798768612698
574 0.47560975609756095 1.9756953720862862
575 0.4747826086956522 1.976109455661472
576 0.4756944444444444 1.9756529776183644
577 0.4748700173310225 1.9760656958460783
578 0.4757785467128028 1.9756108768840273
579 0.47668393782383417 1.975157668893278
580 0.47586206896551725 1.975569066839891
581 0.4750430292598967 1.9759790811677325
582 0.47594501718213056 1.9755275444844886
583 0.4751286449399657 1.975936220085499
584 0.4743150684931507 1.9763435292157434
585 0.4752136752136752 1.9758936524327262
586 0.47440273037542663 1.97629964052591
587 0.4735945485519591 1.9767042789809568
588 0.47278911564625853 1.9771075755757281
589 0.47368421052631576 1.976659385559013
590 0.4745762711864407 1.976212756961132
591 0.4754653130287648 1.9757676802129192
592 0.47635135135135137 1.9753241458317288
593 0.47554806070826305 1.9757262566414133
594 0.47474747474747475 1.9761270450518054
595 0.47394957983193275 1.9765265186043632
596 0.4748322147651007 1.9760846210833556
597 0.47571189279731996 1.975644243123257
598 0.4765886287625418 1.9752053755350638
599 0.4774624373956594 1.9747680092117283
600 0.4766666666666667 1.9751663138834525
601 0.47587354409317806 1.9755633225816758
602 0.47674418604651164 1.9751275120599927
603 0.47761194029850745 1.9746931822097826
604 0.478476821192053 1.974260324189579
605 0.47768595041322315 1.9746561401236795
606 0.4768976897689769 1.9750506775925079
607 0.47775947281713343 1.9746193423797567
608 0.4769736842105263 1.9750126398808703
609 0.47783251231527096 1.9745827865675236
610 0.47704918032786886 1.9749748518610426
611 0.4762684124386252 1.9753656619137738
612 0.47549019607843135 1.9757552236978504
613 0.47471451876019577 1.9761435441289836
614 0.4755700325732899 1.9757152575602133
615 0.4764227642276423 1.9752883995090733
616 0.47564935064935066 1.97567555125246
617 0.47487844408427876 1.976061477139508
618 0.4741100323624595 1.976446183901931
619 0.47495961227786754 1.9760208418868388
620 0.47419354838709676 1.9764043699779128
621 0.4750402576489533 1.9759804687029279
622 0.4758842443729904 1.9755579662051617
623 0.4751203852327448 1.9759403550596393
624 0.47596153846153844 1.975519274274835
625 0.4768 1.9750995749207856
626 0.4776357827476038 1.9746812490295587
627 0.4768740031897927 1.9750625335573093
628 0.47611464968152867 1.9754426306004982
629 0.4753577106518283 1.975821546575452
630 0.47619047619047616 1.9754046741497215
631 0.4754358161648177 1.9757824464541167
632 0.47468354430379744 1.9761590512233025
633 0.4755134281200632 1.9757435937089087
634 0.4747634069400631 1.9761190687826664
635 0.47401574803149604 1.9764933896240255
636 0.47327044025157233 1.9768665623857022
637 0.4725274725274725 1.9772385931726486
638 0.47335423197492166 1.9768246067170616
639 0.4726134585289515 1.977195535331372
640 0.471875 1.9775653348438182
641 0.47269890795631825 1.9771527465847745
642 0.4719626168224299 1.9775214571781345
643 0.4712286158631415 1.9778890513270417
644 0.4720496894409938 1.9774778524730254
645 0.47131782945736433 1.9778443707255715
646 0.47213622291021673 1.9774345181879591
647 0.4714064914992272 1.9777999668111539
648 0.470679012345679 1.9781643179667472
649 0.4714946070878274 1.9777558370202284
650 0.4723076923076923 1.9773486508725737
651 0.4731182795698925 1.976942752296981
652 0.47392638036809814 1.9765381341262096
653 0.47320061255742724 1.976901526360719
654 0.4724770642201835 1.9772638355279755
655 0.4717557251908397 1.9776250672237208
656 0.47103658536585363 1.9779852270016063
657 0.4703196347031963 1.9783443203736135
658 0.4696048632218845 1.978702352810473
659 0.46889226100151743 1.9790593297420749
660 0.4696969696969697 1.9786562145014996
661 0.4689863842662632 1.9790121770390656
662 0.46827794561933533 1.9793670955189482
663 0.46907993966817496 1.9789653093646287
664 0.46987951807228917 1.9785647732346143
665 0.4691729323308271 1.9789187241404989
666 0.46846846846846846 1.9792716429487744
667 0.46776611694152925 1.9796235348715046
668 0.468562874251497 1.9792243461970211
669 0.4693572496263079 1.97882639088475
670 0.46865671641791046 1.9791773323726032
671 0.46944858420268254 1.9787806378498596
672 0.46875 1.9791305989427435
673 0.46805349182763745 1.9794795505759493
674 0.4688427299703264 1.9790841434048252
675 0.4696296296296296 1.9786899466809296
676 0.46893491124260356 1.9790379632859452
677 0.46824224519940916 1.9793849818033507
678 0.46755162241887904 1.979731007190377
679 0.46686303387334316 1.9800760443684413
680 0.4661764705882353 1.9804200982234919
681 0.4669603524229075 1.9800272781944852
682 0.46774193548387094 1.97963565082299
683 0.4670571010248902 1.9799787982448087
684 0.46637426900584794 1.9803209732773441
685 0.4656934306569343 1.9806621806905478
686 0.46647230320699706 1.98027184527813
687 0.4657933042212518 1.9806121262907503
688 0.46656976744186046 1.9802230035499955
689 0.46734397677793904 1.9798350507443727
690 0.4666666666666667 1.980174445596177
691 0.467438494934877 1.97978769083995
692 0.4682080924855491 1.9794020927470222
693 0.4675324675324675 1.979740604877622
694 0.46829971181556196 1.9793561904665284
695 0.46906474820143884 1.9789729196707682
696 0.46839080459770116 1.9793105525230565
697 0.46915351506456243 1.9789284512904821
698 0.4699140401146132 1.9785474808441323
699 0.47067238912732473 1.978167635286061
700 0.47 1.9785044231049405
701 0.47075606276747506 1.9781257265175156
702 0.4700854700854701 1.9784616111509423
703 0.4694167852062589 1.9787965671433534
704 0.46875 1.9791305989427435
705 0.46808510638297873 1.9794637109661062
706 0.4688385269121813 1.9790862490265988
707 0.4681753889674682 1.979418477695125
708 0.4675141242937853 1.9797497959056785
709 0.46685472496473907 1.98008020797888
710 0.4676056338028169 1.9797039445449172
711 0.46835443037974683 1.979328776126404
712 0.4691011235955056 1.978954697103745
713 0.4684431977559607 1.9792843035255705
714 0.469187675070028 1.9789113387274226
715 0.46853146853146854 1.9792400802186152
716 0.46787709497206703 1.9795679305858307
717 0.46722454672245467 1.9798948940125016
718 0.467966573816156 1.9795230988040007
719 0.4673157162726008 1.9798492112575101
720 0.4666666666666667 1.980174445596177
721 0.46601941747572817 1.980498805913773
722 0.4667590027700831 1.9801281748913773
723 0.46749654218533887 1.979758605583926
724 0.46685082872928174 1.980082160391715
725 0.46620689655172415 1.9804048503450935
726 0.465564738292011 1.9807266794461258
727 0.46629986244841815 1.9803582611608241
728 0.46565934065934067 1.980679265993637
729 0.46502057613168724 1.980999418415942
730 0.4657534246575342 1.980632112954858
731 0.46511627906976744 1.9809514497394614
732 0.4644808743169399 1.9812699424323834
733 0.46521145975443384 1.9809037434677328
734 0.4645776566757493 1.9812214290223946
735 0.46530612244897956 1.9808562974517314
736 0.46603260869565216 1.9804921950251597
737 0.4654002713704206 1.9808091095658533
738 0.46476964769647694 1.9811251930153126
739 0.4654939106901218 1.9807621777075972
740 0.46621621621621623 1.9804001798363886
741 0.46558704453441296 1.9807154997972525
742 0.46495956873315364 1.981029997167781
743 0.46433378196500674 1.981343675662045
744 0.4650537634408602 1.9809827840438223
745 0.4657718120805369 1.9806228976135571
746 0.46648793565683644 1.980264011429437
747 0.46586345381526106 1.9805769692919846
748 0.46524064171123 1.9808891170731762
749 0.46461949265687585 1.9812004584024674
750 0.464 1.9815109968856714
751 0.4647137150466045 1.981153229133281
752 0.4654255319148936 1.9807964489663683
753 0.4648074369189907 1.981106251376212
754 0.46551724137931033 1.9807504845031367
755 0.4649006622516556 1.9810595231258552
756 0.4642857142857143 1.9813677709650008
757 0.46499339498018494 1.9810130423980854
758 0.46437994722955145 1.981320534155401
759 0.463768115942029 1.981627242565028
760 0.4631578947368421 1.9819331710800276
761 0.46254927726675427 1.9822383231313383
762 0.46194225721784776 1.9825427021279622
763 0.4613368283093054 1.982846311457154
764 0.4620418848167539 1.9824927437793791
765 0.46143790849673205 1.9827956199818935
766 0.4621409921671018 1.9824430470640415
767 0.46284224250325945 1.982091431108684
768 0.4622395833333333 1.98239360993008
769 0.46293888166449937 1.9820429778928497
770 0.4623376623376623 1.9823444303470472
771 0.46303501945525294 1.9819947767481287
772 0.4637305699481865 1.9816460650968937
773 0.463130659767141 1.9819468257107853
774 0.4625322997416021 1.9822468358174061
775 0.4619354838709677 1.9825460986564587
776 0.46262886597938147 1.9821984169145133
777 0.46332046332046334 1.9818516662048373
778 0.46272493573264784 1.982150247649443
779 0.4621309370988447 1.9824480890762732
780 0.46153846153846156 1.9827451936578266
781 0.4622279129321383 1.9823994618476153
782 0.4616368286445013 1.9826958643175248
783 0.4610472541507024 1.9829915366343045
784 0.4604591836734694 1.9832864819083738
785 0.46114649681528663 1.9829417644173941
786 0.46055979643765904 1.983236017882628
787 0.4599745870393901 1.983529550865384
788 0.4593908629441624 1.9838223664156116
789 0.458808618504436 1.9841144675645084
790 0.4582278481012658 1.9844058573246746
791 0.4589127686472819 1.9840622153248069
792 0.4583333333333333 1.9843529301462746
793 0.45775535939470363 1.9846429399307595
794 0.45843828715365237 1.9843002705334738
795 0.4591194968553459 1.9839585022237307
796 0.4585427135678392 1.984247876460087
797 0.4592220828105395 1.9839070373727203
798 0.4598997493734336 1.983567090396619
799 0.46057571964956195 1.9832280314015514
800 0.46 1.9835168035020354
801 0.45942571785268416 1.9838048812459235
802 0.4600997506234414 1.9834667682206424
803 0.46077210460772106 1.9831295337879582
804 0.4601990049751244 1.9834169826667034
805 0.4608695652173913 1.9830806531878602
806 0.46029776674937967 1.9833674449732996
807 0.46096654275092935 1.983032015615469
808 0.46163366336633666 1.9826974516361082
809 0.4622991347342398 1.9823637490883643
810 0.4617283950617284 1.98264994607392
811 0.4623921085080148 1.9823171298149573
812 0.4630541871921182 1.9819851665945496
813 0.46371463714637146 1.9816540525493083
814 0.4631449631449631 1.981939654506555
815 0.4638036809815951 1.9816094132187594
816 0.4644607843137255 1.9812800128904873
817 0.4638922888616891 1.9815649930149137
818 0.4633251833740831 1.9818492998027994
819 0.463980463980464 1.9815207903268368
820 0.46463414634146344 1.9811931131554599
821 0.464068209500609 1.9814768035593593
822 0.4635036496350365 1.9817598268303513
823 0.4641555285540705 1.9814330311328854
824 0.46359223300970875 1.981715416966276
825 0.463030303030303 1.9819971414325408
826 0.46246973365617433 1.9822782072118166
827 0.46311970979443773 1.9819523156473982
828 0.46256038647342995 1.9822327528855006
829 0.4620024125452352 1.98251253709421
830 0.4614457831325301 1.9827916709040494
831 0.4608904933814681 1.9830701569301445
832 0.46033653846153844 1.9833479977723427
833 0.4597839135654262 1.9836251960153326
834 0.4592326139088729 1.9839017542287616
835 0.45868263473053894 1.984177674967352
836 0.458133971291866 1.9844529607710175
837 0.45758661887694146 1.9847276141649763
838 0.45704057279236276 1.9850016376598647
839 0.4576877234803337 1.9846768794371934
840 0.4583333333333333 1.9843529301462746
841 0.4577883472057075 1.9846263868842775
842 0.4584323040380047 1.9843032724817593
843 0.4578884934756821 1.9845761347743103
844 0.4585308056872038 1.9842538509786323
845 0.4591715976331361 1.983932364436257
846 0.458628841607565 1.9842046639542512
847 0.4592680047225502 1.983883999759765
848 0.45872641509433965 1.9841557097419404
849 0.45936395759717313 1.983835863709189
850 0.4588235294117647 1.9841069866907994
851 0.4594594594594595 1.9837879546654462
852 0.460093896713615 1.9834697045412844
853 0.45955451348182885 1.9837402710247234
854 0.45901639344262296 1.9840102275461933
855 0.45964912280701753 1.983692811198296
856 0.4602803738317757 1.9833761689904454
857 0.4597432905484247 1.9836455736123515
858 0.4603729603729604 1.9833297292992875
859 0.4610011641443539 1.9830146519740919
860 0.4604651162790698 1.983283506287757
861 0.4610917537746806 1.9829692190712076
862 0.4605568445475638 1.9832374984413146
863 0.46118192352259557 1.982923997389538
864 0.46064814814814814 1.983191704259518
865 0.4601156069364162 1.983458814709348
866 0.45958429561200925 1.9837253310367327
867 0.4590542099192618 1.9839912555265178
868 0.45852534562211983 1.9842565904507863
869 0.4579976985040276 1.9845213380689533
870 0.4574712643678161 1.9847855006278599
871 0.4580941446613088 1.9844729443293492
872 0.45871559633027525 1.984161137653438
873 0.45933562428407787 1.983850077418207
874 0.459954233409611 1.9835397604617742
875 0.4594285714285714 1.9838034497372208
876 0.4589041095890411 1.9840665595493714
877 0.45952109464082097 1.9837570354284009
878 0.4601366742596811 1.9834482473916406
879 0.46075085324232085 1.9831401923424816
880 0.46136363636363636 1.9828328672036326
881 0.4608399545970488 1.9830955040815192
882 0.4614512471655329 1.9827889307304216
883 0.46206115515288787 1.9824830807398786
884 0.4626696832579186 1.982177951092571
885 0.4632768361581921 1.9818735387898325
886 0.46275395033860045 1.982135699895504
887 0.46223224351747466 1.9823972903505114
888 0.4617117117117117 1.982658312303946
889 0.46231721034870643 1.98235468549161
890 0.46292134831460674 1.9820517687614965
891 0.46352413019079686 1.9817495591786407
892 0.4641255605381166 1.9814480538260526
893 0.46472564389697646 1.9811472498045681
894 0.46420581655480986 1.9814078223623701
895 0.46368715083798884 1.981667832063943
896 0.46316964285714285 1.9819272810135729
897 0.46265328874024525 1.982186171304109
898 0.46325167037861914 1.9818861557793361
899 0.46273637374860954 1.9821445126874997
900 0.4622222222222222 1.9824023153578345
901 0.46170921198668147 1.9826595658474777
902 0.4623059866962306 1.9823603133283563
903 0.4629014396456257 1.982061750595183
904 0.46349557522123896 1.9817638748378035
905 0.46298342541436466 1.9820206446567459
906 0.4624724061810154 1.9822768671693778
907 0.4619625137816979 1.9825325443942428
908 0.46145374449339205 1.9827876783390632
909 0.46094609460946095 1.9830422710008178
910 0.46153846153846156 1.9827451936578266
911 0.4621295279912184 1.9824487956596508
912 0.4616228070175439 1.9827028958662656
913 0.4611171960569551 1.9829564592638314
914 0.46061269146608314 1.983209487813999
915 0.46120218579234973 1.9829138355999618
916 0.4606986899563319 1.9831663548239127
917 0.460196292257361 1.9834183433436798
918 0.4596949891067538 1.9836698030881486
919 0.4591947769314472 1.9839207359760194
920 0.45869565217391306 1.9841711439158785
921 0.4592833876221498 1.9838762826702654
922 0.4598698481561822 1.9835820893567153
923 0.4593716143011918 1.983832022653182
924 0.4588744588744589 1.9840814352745926
925 0.4594594594594595 1.9837879546654462
926 0.458963282937365 1.984036872575076
927 0.45846817691477887 1.9842852737904577
928 0.4579741379310345 1.9845331601657146
929 0.45855758880516684 1.9842404131519402
930 0.45806451612903226 1.9844878109390889
931 0.45864661654135336 1.984195745920359
932 0.4592274678111588 1.9839043358743003
933 0.4587352625937835 1.9841512708462243
934 0.4593147751605996 1.9838605366457103
935 0.45989304812834225 1.9835704518490505
936 0.46047008547008544 1.9832810138897443
937 0.4610458911419424 1.982992220216335
938 0.4616204690831556 1.9827040682922912
939 0.46219382321618746 1.9824165555958877
940 0.4627659574468085 1.982129679620089
941 0.463336875664187 1.9818434378724332
942 0.46284501061571126 1.9820900432149113
943 0.4623541887592789 1.9823361436044538
944 0.461864406779661 1.982581740830158
945 0.4613756613756614 1.9828268366719062
946 0.4608879492600423 1.9830714329004304
947 0.4604012671594509 1.983315531277374
948 0.4609704641350211 1.9830300489219173
949 0.46153846153846156 1.9827451936578266
950 0.46210526315789474 1.9824609630492156
951 0.4616193480546793 1.982704630465173
952 0.46113445378151263 1.9829478042028184
953 0.4616998950682057 1.982664238030771
954 0.4612159329140461 1.9829069412594589
955 0.4607329842931937 1.9831491544846047
956 0.46129707112970714 1.9828662498071483
957 0.4608150470219436 1.9831079962662161
958 0.4603340292275574 1.9833492563558164
959 0.45985401459854014 1.9835900317683755
960 0.46041666666666664 1.9833078072717085
961 0.4599375650364204 1.9835481215193567
962 0.4594594594594595 1.9837879546654462
963 0.46002076843198336 1.9835063859136126
964 0.45954356846473027 1.9837457615307816
965 0.46010362694300516 1.9834648238606176
966 0.4606625258799172 1.9831844930329714
967 0.46018614270941055 1.983423434278916
968 0.4597107438016529 1.9836619000319862
969 0.4602683178534572 1.983382216096029
970 0.4608247422680412 1.9831031336912903
971 0.4603501544799176 1.9833411682483602
972 0.45987654320987653 1.9835787309974036
973 0.45940390544707094 1.9838158235557186
974 0.4589322381930185 1.9840524475325498
975 0.4584615384615385 1.9842886045291406
976 0.45799180327868855 1.9845242961387857
977 0.458546571136131 1.984245941012154
978 0.4591002044989775 1.9839681808215268
979 0.45965270684371806 1.9836910133163053
980 0.45918367346938777 1.9839263062929975
981 0.45871559633027525 1.984161137653438
982 0.45824847250509165 1.9843955089634422
983 0.4577822990844354 1.9846294217811105
984 0.4573170731707317 1.98486287765688
985 0.4578680203045685 1.9845864078787074
986 0.45740365111561865 1.9848194304098468
987 0.4569402228976697 1.9850519992736722
988 0.4574898785425101 1.9847761597042837
989 0.4580384226491405 1.9845009038390145
990 0.4575757575757576 1.9847330644650443
991 0.4571140262361251 1.984964774857805
992 0.4566532258064516 1.9851960365263979
993 0.45720040281973817 1.9849214271429512
994 0.45774647887323944 1.9846473961284805
995 0.457286432160804 1.9848782543321133
996 0.4578313253012048 1.9846048209241267
997 0.4573721163490471 1.9848352553675466
998 0.45691382765531063 1.9850652461397083
999 0.45645645645645644 1.9852947947169686
1000 0.456 1.9855239025685505
