# parameters:
#  num_nodes=4, total_iters=1524, ntest=20, copies=21
#  phase_average=2.1115347763547287, failure_threshold=0.15
# columns:
#  iteration   running_frequency   running_estimation
1 0.0 2.356194490192345
2 0.0 2.356194490192345
3 0.0 2.356194490192345
4 0.0 2.356194490192345
5 0.0 2.356194490192345
6 0.0 2.356194490192345
7 0.14285714285714285 2.1623961468647543
8 0.125 2.175510928238991
9 0.1111111111111111 2.186276035465284
10 0.2 2.1243706856919418
11 0.18181818181818182 2.135939158689996
12 0.16666666666666666 2.1459273225503623
13 0.23076923076923078 2.1056479835596664
14 0.2857142857142857 2.0742231695120306
15 0.26666666666666666 2.0848749390675185
16 0.25 2.0943951023931957
17 0.23529411764705882 2.1029721684855947
18 0.2777777777777778 2.0786339064139514
19 0.2631578947368421 2.0868627571519514
20 0.3 2.066374620010493
21 0.3333333333333333 2.0484546358571514
22 0.3181818181818182 2.056537541983702
23 0.34782608695652173 2.040808833775501
24 0.3333333333333333 2.0484546358571514
25 0.32 2.0555623818527806
26 0.34615384615384615 2.041687088979007
27 0.37037037037037035 2.0290591982125847
28 0.39285714285714285 2.0174855331648596
29 0.3793103448275862 2.0244421431107047
30 0.4 2.0138348886912034
31 0.41935483870967744 2.003994897136402
32 0.4375 1.994827366285637
33 0.45454545454545453 1.9862541030029746
34 0.4411764705882353 1.992975446499933
35 0.42857142857142855 1.9993323007199622
36 0.4166666666666667 2.005357428298543
37 0.40540540540540543 2.0110794979737205
38 0.42105263157894735 2.003134978653046
39 0.41025641025641024 2.0086116935926244
40 0.425 2.0011374766877923
41 0.4146341463414634 2.0063884665142355
42 0.40476190476190477 2.011407207237475
43 0.4186046511627907 2.0043750145399772
44 0.4318181818181818 1.9976928652246821
45 0.4444444444444444 1.9913306620788618
46 0.45652173913043476 1.9852620290804697
47 0.44680851063829785 1.9901415758979386
48 0.4583333333333333 1.9843529301462746
49 0.4489795918367347 1.9890500914025993
50 0.46 1.9835168035020354
51 0.47058823529411764 1.978209784980391
52 0.46153846153846156 1.9827451936578266
53 0.4528301886792453 1.987115439148475
54 0.46296296296296297 1.9820309040520614
55 0.45454545454545453 1.9862541030029746
56 0.44642857142857145 1.9903326375190877
57 0.43859649122807015 1.9942748631151794
58 0.4482758620689655 1.9894038283723032
59 0.4576271186440678 1.9847072911013441
60 0.45 1.9885372637840106
61 0.4426229508196721 1.9922472733036392
62 0.45161290322580644 1.987726880003623
63 0.4444444444444444 1.9913306620788618
64 0.453125 1.9869673772704999
65 0.4461538461538462 1.9904707995648856
66 0.4393939393939394 1.9938731376660408
67 0.44776119402985076 1.9896625644502077
68 0.45588235294117646 1.9855829558108224
69 0.463768115942029 1.981627242565028
70 0.4714285714285714 1.9777889087637865
71 0.4647887323943662 1.9811156269032242
72 0.4583333333333333 1.9843529301462746
73 0.4520547945205479 1.9875049019798203
74 0.4594594594594595 1.9837879546654462
75 0.4666666666666667 1.980174445596177
76 0.47368421052631576 1.976659385559013
77 0.4675324675324675 1.979740604877622
78 0.46153846153846156 1.9827451936578266
79 0.46835443037974683 1.979328776126404
80 0.475 1.9760006226950633
81 0.4691358024691358 1.9789373244998267
82 0.47560975609756095 1.9756953720862862
83 0.4819277108433735 1.9725335217454
84 0.47619047619047616 1.9754046741497215
85 0.47058823529411764 1.978209784980391
86 0.47674418604651164 1.9751275120599927
87 0.47126436781609193 1.9778711457186107
88 0.4659090909090909 1.9805540974489155
89 0.4606741573033708 1.9831786592437326
90 0.45555555555555555 1.9857469990887575
91 0.46153846153846156 1.9827451936578266
92 0.45652173913043476 1.9852620290804697
93 0.46236559139784944 1.9823304260611723
94 0.4574468085106383 1.9847977730567836
95 0.4631578947368421 1.9819331710800276
96 0.46875 1.9791305989427435
97 0.4742268041237113 1.97638771994648
98 0.46938775510204084 1.9788111094506344
99 0.46464646464646464 1.9811869385432714
100 0.47 1.9785044231049405
101 0.46534653465346537 1.9808360425874199
102 0.46078431372549017 1.9831234103600646
103 0.4563106796116505 1.9853679620573546
104 0.4519230769230769 1.9875710665118551
105 0.44761904761904764 1.9897340298367734
106 0.44339622641509435 1.9918580991982635
107 0.4392523364485981 1.9939444663057004
108 0.4444444444444444 1.9913306620788618
109 0.44954128440366975 1.9887677877588619
110 0.44545454545454544 1.9908225221979965
111 0.45045045045045046 1.9883109141832334
112 0.45535714285714285 1.9858466014755196
113 0.45132743362831856 1.9878702919144062
114 0.4473684210526316 1.98986003984345
115 0.4434782608695652 1.991816816968188
116 0.4482758620689655 1.9894038283723032
117 0.4444444444444444 1.9913306620788618
118 0.4406779661016949 1.9932264567579405
119 0.4369747899159664 1.9950920649934227
120 0.43333333333333335 1.996928305846106
121 0.4380165289256198 1.99456707719922
122 0.4426229508196721 1.9922472733036392
123 0.43902439024390244 1.9940592932535661
124 0.4435483870967742 1.991781527934803
125 0.448 1.9895425074289448
126 0.4444444444444444 1.9913306620788618
127 0.44881889763779526 1.9891308614372463
128 0.4453125 1.9908939724712542
129 0.4496124031007752 1.9887320462003812
130 0.4461538461538462 1.9904707995648856
131 0.44274809160305345 1.9921842877346063
132 0.4393939393939394 1.9938731376660408
133 0.43609022556390975 1.9955379540097231
134 0.44029850746268656 1.9934175444416309
135 0.43703703703703706 1.99506069144035
136 0.4411764705882353 1.992975446499933
137 0.44525547445255476 1.9909226575193149
138 0.4492753623188406 1.9889014347064757
139 0.45323741007194246 1.9869109241993015
140 0.45714285714285713 1.9849503061200946
141 0.46099290780141844 1.9830187927629774
142 0.45774647887323944 1.9846473961284805
143 0.46153846153846156 1.9827451936578266
144 0.4652777777777778 1.9808705040566035
145 0.4689655172413793 1.979022630694025
146 0.4726027397260274 1.9772009027934745
147 0.46938775510204084 1.9788111094506344
148 0.47297297297297297 1.9770155113971648
149 0.47651006711409394 1.9752446996343864
150 0.47333333333333333 1.976835070919198
151 0.4768211920529801 1.9750889674798833
152 0.47368421052631576 1.976659385559013
153 0.477124183006536 1.9749373110816242
154 0.474025974025974 1.976488269711097
155 0.4774193548387097 1.9747895724490214
156 0.47435897435897434 1.9763215473096707
157 0.47770700636942676 1.974645601655696
158 0.47468354430379744 1.9761590512233025
159 0.4779874213836478 1.9745052563312735
160 0.48125 1.972872607150868
161 0.4782608695652174 1.9743684011911498
162 0.48148148148148145 1.9727567859466437
163 0.4785276073619632 1.9742349076009493
164 0.47560975609756095 1.9756953720862862
165 0.4727272727272727 1.9771385430322903
166 0.46987951807228917 1.9785647732346143
167 0.46706586826347307 1.9799744050824661
168 0.4642857142857143 1.9813677709650008
169 0.46745562130177515 1.979779109449891
170 0.4647058823529412 1.981157155271534
171 0.4678362573099415 1.9795883917413302
172 0.46511627906976744 1.9809514497394614
173 0.4682080924855491 1.9794020927470222
174 0.47126436781609193 1.9778711457186107
175 0.4685714285714286 1.9792200605600474
176 0.4659090909090909 1.9805540974489155
177 0.4632768361581921 1.9818735387898325
178 0.46629213483146065 1.9803621337775934
179 0.4692737430167598 1.9788682230370676
180 0.4666666666666667 1.980174445596177
181 0.46408839779005523 1.981466683263028
182 0.46703296703296704 1.979990891536711
183 0.4644808743169399 1.9812699424323834
184 0.46195652173913043 1.9825355491243064
185 0.4648648648648649 1.981077466129318
186 0.46774193548387094 1.97963565082299
187 0.47058823529411764 1.978209784980391
188 0.4734042553191489 1.9767995595196164
189 0.4708994708994709 1.9780539000957267
190 0.47368421052631576 1.976659385559013
191 0.4712041884816754 1.9779012853061924
192 0.46875 1.9791305989427435
193 0.47150259067357514 1.9777518387262016
194 0.4690721649484536 1.9789692041807783
195 0.4666666666666667 1.980174445596177
196 0.4642857142857143 1.9813677709650008
197 0.467005076142132 1.9800048674196666
198 0.4696969696969697 1.9786562145014996
199 0.4723618090452261 1.9773215509893358
200 0.475 1.9760006226950633
201 0.472636815920398 1.9771838390925636
202 0.47029702970297027 1.9783556428550475
203 0.4729064039408867 1.977048844766449
204 0.47549019607843135 1.9757552236978504
205 0.47804878048780486 1.9744745470871692
206 0.48058252427184467 1.9732065883931538
207 0.4782608695652174 1.9743684011911498
208 0.47596153846153844 1.975519274274835
209 0.4784688995215311 1.9742642887009945
210 0.47619047619047616 1.9754046741497215
211 0.4786729857819905 1.9741621517234171
212 0.47641509433962265 1.975292238725182
213 0.47417840375586856 1.9764119524055812
214 0.4719626168224299 1.9775214571781345
215 0.4744186046511628 1.97629169297288
216 0.4722222222222222 1.97739145181385
217 0.4700460829493088 1.9784813401073347
218 0.4724770642201835 1.9772638355279755
219 0.4748858447488584 1.9760577721292334
220 0.4772727272727273 1.9748629615978701
221 0.4751131221719457 1.975943991095522
222 0.4774774774774775 1.9747604815247857
223 0.47533632286995514 1.9758322534889818
224 0.47767857142857145 1.974659833296842
225 0.47555555555555556 1.9757225047299425
226 0.4778761061946903 1.9745609682164826
227 0.47577092511013214 1.9756146921660926
228 0.4780701754385965 1.9744638392976341
229 0.48034934497816595 1.9733232671195289
230 0.4826086956521739 1.972192814999421
231 0.48484848484848486 1.9710723259851675
232 0.4827586206896552 1.9721178074840404
233 0.48497854077253216 1.9710072684017317
234 0.4829059829059829 1.972044082905123
235 0.4808510638297872 1.9730722186467349
236 0.4788135593220339 1.974091801348993
237 0.4810126582278481 1.9729913626284428
238 0.4831932773109244 1.971900353085446
239 0.4811715481171548 1.97291186081796
240 0.4791666666666667 1.9739150915992651
241 0.48132780082987553 1.9728336794687693
242 0.4793388429752066 1.9738289292357445
243 0.4773662551440329 1.9748161494765253
244 0.47950819672131145 1.9737441805681377
245 0.4775510204081633 1.9747236728189448
246 0.4796747967479675 1.9736608110775182
247 0.4777327935222672 1.9746326952593631
248 0.47580645161290325 1.9755969080528133
249 0.4738955823293173 1.9765535541507844
250 0.476 1.9755000212777576
251 0.47410358565737054 1.9764494115854294
252 0.4722222222222222 1.97739145181385
253 0.4743083003952569 1.9763469177397486
254 0.47244094488188976 1.9772819226563765
255 0.4745098039215686 1.9762460337520906
256 0.47265625 1.9771741074792268
257 0.47470817120622566 1.9761467219731363
258 0.47674418604651164 1.9751275120599927
259 0.4749034749034749 1.9760489459189694
260 0.47307692307692306 1.9769634605399253
261 0.47509578544061304 1.9759526702263113
262 0.4770992366412214 1.9749497973536057
263 0.4790874524714829 1.9739547332540852
264 0.4772727272727273 1.9748629615978701
265 0.47547169811320755 1.9757644838212398
266 0.47368421052631576 1.976659385559013
267 0.4756554307116105 1.9756725076106094
268 0.47388059701492535 1.976561057046393
269 0.4758364312267658 1.9755819006889193
270 0.4740740740740741 1.976464187230822
271 0.47232472324723246 1.9773401223203348
272 0.47058823529411764 1.978209784980391
273 0.46886446886446886 1.9790732528073156
274 0.46715328467153283 1.9799306020050538
275 0.4690909090909091 1.9789598141395097
276 0.47101449275362317 1.9779962919017418
277 0.4693140794223827 1.9788480166945948
278 0.4712230215827338 1.9778918531105862
279 0.46953405017921146 1.978737825088722
280 0.46785714285714286 1.9795779273083254
281 0.4697508896797153 1.9786292049485452
282 0.4716312056737589 1.9776874269953937
283 0.4734982332155477 1.976752504191909
284 0.47183098591549294 1.9775873768395116
285 0.47017543859649125 1.9784165464108996
286 0.46853146853146854 1.9792400802186152
287 0.47038327526132406 1.9783124440042124
288 0.4722222222222222 1.97739145181385
289 0.47058823529411764 1.978209784980391
290 0.4689655172413793 1.979022630694025
291 0.46735395189003437 1.9798300525198234
292 0.4657534246575342 1.980632112954858
293 0.46757679180887374 1.9797183959312776
294 0.46938775510204084 1.9788111094506344
295 0.46779661016949153 1.9796082565054
296 0.46621621621621623 1.9804001798363886
297 0.46464646464646464 1.9811869385432714
298 0.46308724832214765 1.9819685907563809
299 0.46153846153846156 1.9827451936578266
300 0.4633333333333333 1.9818452138191585
301 0.46511627906976744 1.9809514497394614
302 0.46357615894039733 1.9817234754021076
303 0.46204620462046203 1.9824905776271535
304 0.4605263157894737 1.983252810575805
305 0.45901639344262296 1.9840102275461933
306 0.45751633986928103 1.984762880991632
307 0.4560260586319218 1.9855108225383864
308 0.45454545454545453 1.9862541030029746
309 0.45307443365695793 1.986992772409013
310 0.45161290322580644 1.987726880003623
311 0.4533762057877814 1.986841221737415
312 0.4551282051282051 1.985961531727892
313 0.4536741214057508 1.986691616255325
314 0.4554140127388535 1.985818052657731
315 0.45396825396825397 1.986543918697841
316 0.45569620253164556 1.9856763970110056
317 0.45741324921135645 1.984814613855316
318 0.4559748427672956 1.9855365302021974
319 0.45768025078369906 1.9846806292387704
320 0.459375 1.983830324187763
321 0.46105919003115264 1.9829855505063145
322 0.46273291925465837 1.9821462447518328
323 0.4613003095975232 1.9828646257007865
324 0.45987654320987653 1.9835787309974036
325 0.4584615384615385 1.9842886045291406
326 0.4601226993865031 1.9834552571497799
327 0.4617737003058104 1.9826272268787697
328 0.4603658536585366 1.9833332938710586
329 0.45896656534954405 1.9840352258137277
330 0.46060606060606063 1.9832128135807348
331 0.459214501510574 1.9839108406947865
332 0.4578313253012048 1.9846048209241267
333 0.45645645645645644 1.9852947947169686
334 0.45808383233532934 1.9844781187022944
335 0.4597014925373134 1.9836665407580392
336 0.46130952380952384 1.9828600047359752
337 0.4599406528189911 1.983546572648579
338 0.45857988165680474 1.9842292282611376
339 0.45722713864306785 1.9849080100165928
340 0.4588235294117647 1.9841069866907994
341 0.4604105571847507 1.9833108716319727
342 0.4590643274853801 1.9839861796992122
343 0.4606413994169096 1.983195089126621
344 0.4622093023255814 1.9824087938306048
345 0.463768115942029 1.981627242565028
346 0.4653179190751445 1.980850384892844
347 0.4668587896253602 1.9800781711688753
348 0.46839080459770116 1.9793105525230565
349 0.4670487106017192 1.979983002594059
350 0.4685714285714286 1.9792200605600474
351 0.4700854700854701 1.9784616111509423
352 0.46875 1.9791305989427435
353 0.4702549575070821 1.9783767162232955
354 0.4689265536723164 1.9790421501620843
355 0.4704225352112676 1.978292779547346
356 0.4691011235955056 1.978954697103745
357 0.47058823529411764 1.978209784980391
358 0.4720670391061452 1.9774691640631492
359 0.47075208913649025 1.9781277167404965
360 0.4722222222222222 1.97739145181385
361 0.4709141274238227 1.9780465593964685
362 0.4696132596685083 1.9786981468105718
363 0.46831955922865015 1.9793462467673848
364 0.46703296703296704 1.979990891536711
365 0.4657534246575342 1.980632112954858
366 0.4644808743169399 1.9812699424323834
367 0.4659400544959128 1.9805385795768804
368 0.4673913043478261 1.979811336400094
369 0.46883468834688347 1.9790881720479936
370 0.46756756756756757 1.9797230177825145
371 0.46900269541778977 1.9790040057373948
372 0.46774193548387094 1.97963565082299
373 0.4691689008042895 1.9789207437464211
374 0.47058823529411764 1.978209784980391
375 0.472 1.9775027361724917
376 0.47074468085106386 1.9781314272384791
377 0.46949602122015915 1.9787568750086597
378 0.4708994708994709 1.9780539000957267
379 0.47229551451187335 1.9773547491348613
380 0.4710526315789474 1.9779771904077446
381 0.47244094488188976 1.9772819226563765
382 0.4738219895287958 1.9765904009450168
383 0.4751958224543081 1.9759025898086526
384 0.4765625 1.9752184542769413
385 0.4753246753246753 1.975838084363103
386 0.47668393782383417 1.975157668893278
387 0.4780361757105943 1.974480855561755
388 0.4793814432989691 1.9738076109027354
389 0.480719794344473 1.9731379019079864
390 0.48205128205128206 1.9724716960184279
391 0.4833759590792839 1.9718089611159169
392 0.4846938775510204 1.9711496655152236
393 0.48346055979643765 1.9717666374767686
394 0.48223350253807107 1.9723805276098274
395 0.4835443037974684 1.9717247426649924
396 0.4823232323232323 1.972335634510407
397 0.4836272040302267 1.9716832701948954
398 0.4824120603015075 1.9722911928788167
399 0.48120300751879697 1.972896119971236
400 0.4825 1.972247195937458
401 0.48129675810473815 1.9728492116837908
402 0.48258706467661694 1.9722036370437475
403 0.4838709677419355 1.9715613239106824
404 0.48267326732673266 1.972160509686772
405 0.48148148148148145 1.9727567859466437
406 0.4827586206896552 1.9721178074840404
407 0.48157248157248156 1.972711254815252
408 0.4803921568627451 1.9733018446624038
409 0.4792176039119804 1.9738896008937514
410 0.47804878048780486 1.9744745470871692
411 0.4768856447688564 1.975056706534861
412 0.47815533980582525 1.9744212162571335
413 0.47699757869249393 1.9750006799637605
414 0.4758454106280193 1.9755774057381705
415 0.4746987951807229 1.9761514159972784
416 0.4735576923076923 1.9767227328909427
417 0.4748201438848921 1.9760906641876073
418 0.47607655502392343 1.9754616997347505
419 0.47494033412887826 1.9760304930812673
420 0.4738095238095238 1.9765966423689516
421 0.47268408551068886 1.9771601688862848
422 0.471563981042654 1.9777210936724552
423 0.47044917257683216 1.978279437521246
424 0.4716981132075472 1.9776539193792422
425 0.47294117647058825 1.9770314329529135
426 0.47417840375586856 1.9764119524055812
427 0.47540983606557374 1.9757954522251886
428 0.4766355140186916 1.9751819072188086
429 0.47785547785547783 1.974571292507269
430 0.47674418604651164 1.9751275120599927
431 0.4779582366589327 1.9745198628745975
432 0.47685185185185186 1.975073621103504
433 0.4780600461893764 1.9744689088028708
434 0.4769585253456221 1.975020227368839
435 0.47586206896551725 1.975569066839891
436 0.47477064220183485 1.9761154465362492
437 0.47368421052631576 1.976659385559013
438 0.4748858447488584 1.9760577721292334
439 0.4760820045558087 1.9754589718452182
440 0.475 1.9760006226950633
441 0.47619047619047616 1.9754046741497215
442 0.4751131221719457 1.975943991095522
443 0.4762979683972912 1.975350867281488
444 0.4752252252252252 1.9758878703212774
445 0.47415730337078654 1.9764225167066556
446 0.47533632286995514 1.9758322534889818
447 0.47651006711409394 1.9752446996343864
448 0.47767857142857145 1.974659833296842
449 0.4766146993318486 1.9751923259537527
450 0.47555555555555556 1.9757225047299425
451 0.47671840354767187 1.9751404172916158
452 0.4756637168141593 1.9756683596414384
453 0.4768211920529801 1.9750889674798833
454 0.47577092511013214 1.9756146921660926
455 0.4747252747252747 1.9761381592592757
456 0.4758771929824561 1.975561496009676
457 0.47702407002188185 1.9749874202761017
458 0.4781659388646288 1.974415911665184
459 0.477124183006536 1.9749373110816242
460 0.47608695652173916 1.9754564930250966
461 0.4772234273318872 1.9748876371281137
462 0.47619047619047616 1.9754046741497215
463 0.47516198704103674 1.9759195283994493
464 0.47629310344827586 1.9753533024942351
465 0.4752688172043011 1.9758660475732972
466 0.4742489270386266 1.976376643777019
467 0.4732334047109208 1.976885106710477
468 0.47435897435897434 1.9763215473096707
469 0.47334754797441364 1.9768279534742634
470 0.474468085106383 1.9762669203640029
471 0.47558386411889597 1.9757083335223011
472 0.4745762711864407 1.976212756961132
473 0.47357293868921774 1.976715099023735
474 0.47468354430379744 1.9761590512233025
475 0.47368421052631576 1.976659385559013
476 0.47478991596638653 1.9761057973717562
477 0.47379454926624737 1.9766041399393275
478 0.47280334728033474 1.9771004492031994
479 0.47390396659707723 1.9765493562936596
480 0.475 1.9760006226950633
481 0.4760914760914761 1.9754542306518341
482 0.47717842323651455 1.9749101626053802
483 0.4782608695652174 1.9743684011911498
484 0.4793388429752066 1.9738289292357445
485 0.47835051546391755 1.9743235359908617
486 0.4773662551440329 1.9748161494765253
487 0.47638603696098564 1.9753067836246132
488 0.47540983606557374 1.9757954522251886
489 0.47443762781186094 1.9762821689284245
490 0.47551020408163264 1.975745207664972
491 0.47657841140529533 1.9752104898254195
492 0.47764227642276424 1.9746779989401777
493 0.4787018255578093 1.9741477187178325
494 0.4777327935222672 1.9746326952593631
495 0.4767676767676768 1.9751157539870756
496 0.47580645161290325 1.9755969080528133
497 0.47484909456740443 1.9760761704770793
498 0.4759036144578313 1.9755482698870725
499 0.4749498997995992 1.9760257042297518
500 0.474 1.9765012743006083
501 0.47305389221556887 1.9769749927153069
502 0.4721115537848606 1.9774468719652685
503 0.4711729622266402 1.9779169244193
504 0.4722222222222222 1.97739145181385
505 0.47326732673267324 1.9768681213747055
506 0.4743083003952569 1.9763469177397486
507 0.47337278106508873 1.9768153189832676
508 0.47244094488188976 1.9772819226563765
509 0.4715127701375246 1.9777467407102325
510 0.47058823529411764 1.978209784980391
511 0.47162426614481406 1.977690902359612
512 0.470703125 1.9781522408729593
513 0.4697855750487329 1.9786118304758147
514 0.4688715953307393 1.9790696826470655
515 0.4679611650485437 1.979525808756049
516 0.4689922480620155 1.9790092394858763
517 0.46808510638297873 1.9794637109661062
518 0.4691119691119691 1.978949263964761
519 0.4682080924855491 1.9794020927470222
520 0.4673076923076923 1.9798532318413513
521 0.46833013435700577 1.9793409485609752
522 0.46934865900383144 1.9788306942874634
523 0.47036328871892924 1.9783224548647769
524 0.4713740458015267 1.9778162162827448
525 0.4723809523809524 1.9773119646750374
526 0.47338403041825095 1.9768096863171747
527 0.47438330170777987 1.9763093676245695
528 0.4753787878787879 1.9758109951506064
529 0.4763705103969754 1.9753145555847529
530 0.47547169811320755 1.9757644838212398
531 0.4745762711864407 1.976212756961132
532 0.4755639097744361 1.9757183226213442
533 0.474671669793621 1.9761649961072854
534 0.4756554307116105 1.9756725076106094
535 0.4766355140186916 1.9751819072188086
536 0.47761194029850745 1.9746931822097826
537 0.478584729981378 1.9742063199877893
538 0.47769516728624534 1.9746515270929668
539 0.47866419294990725 1.9741665521459233
540 0.47962962962962963 1.9736834133606067
541 0.4805914972273567 1.9732020985299845
542 0.48154981549815495 1.9727225955665522
543 0.48066298342541436 1.973166328571637
544 0.48161764705882354 1.9726886567570765
545 0.48073394495412847 1.9731308213409995
546 0.4816849816849817 1.9726549667512132
547 0.48080438756855576 1.97309557395338
548 0.47992700729927007 1.973534602771592
549 0.4808743169398907 1.9730605835661734
550 0.48 1.973498077082118
551 0.4791288566243194 1.9739340130823257
552 0.48007246376811596 1.9734618162828683
553 0.47920433996383366 1.9738962386077301
554 0.48014440433212996 1.9734258175019577
555 0.47927927927927927 1.9738587366166325
556 0.4784172661870504 1.9742901293957937
557 0.47755834829443444 1.9747200051784883
558 0.478494623655914 1.9742514147060661
559 0.47942754919499103 1.9737845383728363
560 0.48035714285714287 1.9733193651666079
561 0.48128342245989303 1.9728558841794073
562 0.4822064056939502 1.9723940846061483
563 0.48312611012433393 1.9719339557433277
564 0.48226950354609927 1.9723625157544342
565 0.4814159292035398 1.9727895846688082
566 0.48056537102473496 1.9732151714971935
567 0.47971781305114636 1.9736392851709188
568 0.4788732394366197 1.9740619345428347
569 0.4797891036906854 1.973603610591498
570 0.4789473684210526 1.9740248370357851
571 0.4798598949211909 1.9735681861253505
572 0.479020979020979 1.9739879991814255
573 0.4799301919720768 1.973533009150655
574 0.47909407665505227 1.9739514182624291
575 0.48 1.973498077082118
576 0.4791666666666667 1.9739150915992651
577 0.4783362218370884 1.9743306895175732
578 0.47750865051903113 1.9747448791888846
579 0.4784110535405872 1.9742932386178516
580 0.4793103448275862 1.9738431905073737
581 0.4784853700516351 1.9742560457956175
582 0.4793814432989691 1.9738076109027354
583 0.48027444253859347 1.9733607474069546
584 0.4811643835616438 1.9729154456392997
585 0.48034188034188036 1.973327002324569
586 0.4812286689419795 1.9728832801955496
587 0.4804088586030664 1.9732934873690313
588 0.4812925170068027 1.972851333718238
589 0.48217317487266553 1.9724107105677704
590 0.48135593220338985 1.9728196039785095
591 0.48223350253807107 1.9723805276098274
592 0.4814189189189189 1.972788088777663
593 0.4806070826306914 1.9731942999555327
594 0.4797979797979798 1.9735991689092824
595 0.4789915966386555 1.9740027033396093
596 0.47818791946308725 1.9744049108827926
597 0.47906197654941374 1.973967482384876
598 0.4782608695652174 1.9743684011911498
599 0.4791318864774624 1.973932496834401
600 0.48 1.973498077082118
601 0.47920133111480867 1.9738977443353272
602 0.48006644518272423 1.9734648279691596
603 0.4792703150912106 1.9738632225660595
604 0.48013245033112584 1.973431799223687
605 0.4793388429752066 1.9738289292357445
606 0.4801980198019802 1.9733989886615466
607 0.4794069192751236 1.973794862083765
608 0.4786184210526316 1.974189459004044
609 0.47783251231527096 1.9745827865675236
610 0.47704918032786886 1.9749748518610426
611 0.4779050736497545 1.9745464703081037
612 0.477124183006536 1.9749373110816242
613 0.47797716150081565 1.9745103912537156
614 0.4788273615635179 1.974084894028595
615 0.4796747967479675 1.9736608110775182
616 0.4788961038961039 1.9740504921051543
617 0.47974068071312803 1.9736278419319273
618 0.48058252427184467 1.9732065883931538
619 0.481421647819063 1.972786723384582
620 0.4806451612903226 1.973175246316882
621 0.48148148148148145 1.9727567859466437
622 0.4807073954983923 1.9731441059481218
623 0.48154093097913325 1.9727270408549877
624 0.4823717948717949 1.9723113380893658
625 0.4816 1.9726974862614117
626 0.48242811501597443 1.9722831605552151
627 0.48165869218500795 1.9726681203413212
628 0.48089171974522293 1.9730518757965139
629 0.48171701112877585 1.9726389412933547
630 0.48253968253968255 1.972227342531249
631 0.48177496038034867 1.9726099473390144
632 0.4825949367088608 1.9721996986396517
633 0.48183254344391785 1.9725811367223036
634 0.48264984227129337 1.9721722292629296
635 0.48346456692913387 1.9717646328136227
636 0.48427672955974843 1.9713583399994443
637 0.4835164835164835 1.9717386603578266
638 0.4843260188087774 1.9713336832187514
639 0.4835680751173709 1.9717128505720822
640 0.4828125 1.972090851848217
641 0.48205928237129486 1.9724676932797238
642 0.48130841121495327 1.9728433810505557
643 0.4821150855365474 1.9724397737743238
644 0.4813664596273292 1.9728143366054438
645 0.4821705426356589 1.9724120275237094
646 0.48297213622291024 1.972010986974182
647 0.48377125193199383 1.9716112079375108
648 0.4845679012345679 1.9712126834515307
649 0.48382126348228044 1.971586189020909
650 0.48307692307692307 1.9719585633248786
651 0.4838709677419355 1.9715613239106824
652 0.4831288343558282 1.9719325928513776
653 0.48392036753445633 1.9715366111926227
654 0.4847094801223242 1.9711418605754012
655 0.48396946564885496 1.9715120494698082
656 0.48323170731707316 1.9718811272428414
657 0.4824961948249619 1.9722490996916373
658 0.4817629179331307 1.972615972569186
659 0.48254931714719274 1.972222522289196
660 0.48333333333333334 1.9718302858089463
661 0.4826021180030257 1.972196105816015
662 0.48338368580060426 1.9718050956191318
663 0.48265460030165913 1.9721698488145452
664 0.4819277108433735 1.9725335217454
665 0.48270676691729325 1.9721437498447898
666 0.481981981981982 1.9725063684866213
667 0.48125937031484256 1.9728679186973663
668 0.4820359281437126 1.9724793779275998
669 0.4813153961136024 1.9728398861592318
670 0.48059701492537316 1.973199337600755
671 0.481371087928465 1.9728120208466131
672 0.48214285714285715 1.9724258790931404
673 0.4814264487369985 1.9727843212672638
674 0.4807121661721068 1.9731417188340528
675 0.48 1.973498077082118
676 0.47928994082840237 1.9738534012610098
677 0.48005908419497784 1.9734685113924701
678 0.4808259587020649 1.9730847804384282
679 0.48159057437407954 1.9727022022703948
680 0.4823529411764706 1.9723207708076298
681 0.48164464023494863 1.972675151051883
682 0.48240469208211145 1.9722948792708417
683 0.4816983894582723 1.9726482583658331
684 0.48099415204678364 1.9730006224045513
685 0.48175182481751827 1.972621522822399
686 0.48104956268221577 1.972972897107988
687 0.48034934497816595 1.9733232671195289
688 0.4811046511627907 1.972945333120615
689 0.48040638606676345 1.973294724587388
690 0.4811594202898551 1.9729179290384071
691 0.48191027496382055 1.9725422453909607
692 0.48121387283236994 1.972890683473591
693 0.481962481962482 1.9725161248400722
694 0.4827089337175792 1.9721426657961518
695 0.48201438848920863 1.9724901547209586
696 0.4813218390804598 1.972836662424889
697 0.4806312769010043 1.9731821937223621
698 0.4813753581661891 1.9728098842446191
699 0.4821173104434907 1.972438660608576
700 0.48142857142857143 1.972783259188523
701 0.48074179743223966 1.9731268921851952
702 0.48005698005698005 1.9734695642992468
703 0.4793741109530583 1.9738112801979462
704 0.4786931818181818 1.9741520445154919
705 0.47801418439716314 1.9744918618533254
706 0.4773371104815864 1.974830736780441
707 0.4780763790664781 1.9744607344967973
708 0.4774011299435028 1.9747986942109992
709 0.4781382228490832 1.974429782921663
710 0.47746478873239434 1.9747668323473206
711 0.4781997187060478 1.9743990056426433
712 0.4789325842696629 1.9740322356773528
713 0.4782608695652174 1.9743684011911498
714 0.4789915966386555 1.9740027033396093
715 0.4783216783216783 1.974337968115052
716 0.4776536312849162 1.9746723158275368
717 0.4783821478382148 1.974307704978447
718 0.479108635097493 1.973944132674417
719 0.47983310152990266 1.9735815937167756
720 0.4791666666666667 1.9739150915992651
721 0.4798890429958391 1.9735536002676104
722 0.4792243767313019 1.9738862115560158
723 0.47994467496542187 1.9735257618174336
724 0.48066298342541436 1.973166328571637
725 0.48137931034482756 1.972807906783242
726 0.4807162534435262 1.973139673676418
727 0.48005502063273725 1.9734705447916863
728 0.4807692307692308 1.9731131653454528
729 0.48010973936899864 1.973443163690116
730 0.4794520547945205 1.973772275200865
731 0.478796169630643 1.9741005040172697
732 0.4781420765027322 1.9744278542507143
733 0.47748976807639837 1.9747543299846548
734 0.4768392370572207 1.9750799352748718
735 0.47619047619047616 1.9754046741497215
736 0.47554347826086957 1.9757285506103828
737 0.47489823609226595 1.9760515686311027
738 0.47560975609756095 1.9756953720862862
739 0.476319350473613 1.9753401642217563
740 0.4756756756756757 1.9756623731188716
741 0.4750337381916329 1.9759837325018084
742 0.4757412398921833 1.9756295522539031
743 0.47644683714670255 1.9752763496590897
744 0.4771505376344086 1.9749241199704755
745 0.47651006711409394 1.9752446996343864
746 0.4772117962466488 1.9748934587171156
747 0.4779116465863454 1.9745431806272442
748 0.4772727272727273 1.9748629615978701
749 0.4779706275033378 1.9745136614270402
750 0.4786666666666667 1.9741653141600572
751 0.4780292942743009 1.9744842996054277
752 0.4787234042553192 1.9741369195773166
753 0.47941567065073043 1.9737904826815749
754 0.47877984084880637 1.974108675765235
755 0.4781456953642384 1.974426043088787
756 0.47883597883597884 1.9740805815257818
757 0.47820343461030385 1.9743971459223033
758 0.47757255936675463 1.9747128924789512
759 0.4782608695652174 1.9743684011911498
760 0.4776315789473684 1.9746833530357981
761 0.47700394218134035 1.9749974948479232
762 0.4776902887139108 1.9746539688104119
763 0.4783748361730013 1.9743113642339827
764 0.47774869109947643 1.9746247385821856
765 0.47843137254901963 1.9742830696389717
766 0.47780678851174935 1.9745956611432804
767 0.4784876140808344 1.9742549227409671
768 0.4778645833333333 1.9745667352984597
769 0.47854356306892065 1.9742269223861633
770 0.4792207792207792 1.9738880118663413
771 0.4798962386511025 1.9735499995271995
772 0.4792746113989637 1.9738610725639745
773 0.4799482535575679 1.9735239710805117
774 0.479328165374677 1.9738342726023075
775 0.47870967741935483 1.9741437892218214
776 0.4793814432989691 1.9738076109027354
777 0.47876447876447875 1.9741163637392525
778 0.4794344473007712 1.9737810863977596
779 0.47881899871630296 1.974089079207639
780 0.4794871794871795 1.9737546980308456
781 0.4801536491677337 1.973421191436813
782 0.48081841432225064 1.973088555406137
783 0.48020434227330777 1.9733958249445984
784 0.48086734693877553 1.9730640711200325
785 0.48152866242038217 1.9727331793217808
786 0.4821882951653944 1.972403145615738
787 0.4815756035578145 1.972709692761541
788 0.48096446700507617 1.97301547567673
789 0.4803548795944233 1.9733204976723422
790 0.479746835443038 1.9736247620384795
791 0.47914032869785084 1.973928272044485
792 0.47853535353535354 1.9742310309391193
793 0.4791929382093317 1.9739019444248953
794 0.47858942065491183 1.9742039724973228
795 0.47924528301886793 1.973875749385924
796 0.478643216080402 1.974177050152174
797 0.4780426599749059 1.9744776102979196
798 0.47869674185463656 1.9741502628791436
799 0.4793491864831039 1.973823753062877
800 0.48 1.973498077082118
801 0.4794007490636704 1.9737979498102436
802 0.47880299251870323 1.9740970895024983
803 0.4794520547945205 1.973772275200865
804 0.47885572139303484 1.974070701400619
805 0.4795031055900621 1.973746728274829
806 0.4801488833746898 1.9734235762131471
807 0.48079306071871125 1.9731012415590121
808 0.4801980198019802 1.9733989886615466
809 0.4796044499381953 1.9736960136806645
810 0.4802469135802469 1.9733745226250905
811 0.4808877928483354 1.973053840680639
812 0.4815270935960591 1.9727339642698039
813 0.4821648216482165 1.9724148898383937
814 0.48157248157248156 1.972711254815252
815 0.4822085889570552 1.972392992282776
816 0.48284313725490197 1.972075524178333
817 0.48225214198286415 1.972371202004524
818 0.48166259168704156 1.972666169277452
819 0.4810744810744811 1.9729604289653202
820 0.48048780487804876 1.9732539840182324
821 0.48112058465286234 1.9729373606854836
822 0.48175182481751827 1.972621522822399
823 0.4823815309842041 1.9723064670064794
824 0.4817961165048544 1.9725993622508713
825 0.4812121212121212 1.9728915599026078
826 0.48184019370460046 1.9725773090655068
827 0.48246674727932287 1.9722638325102064
828 0.48188405797101447 1.9725553624874597
829 0.4813027744270205 1.9728462014165395
830 0.4819277108433735 1.9725335217454
831 0.4813477737665463 1.9728236860370187
832 0.48197115384615385 1.972511786075423
833 0.48259303721488594 1.972200648962651
834 0.4832134292565947 1.9718902714223787
835 0.48383233532934133 1.971580650199014
836 0.48325358851674644 1.9718701804933882
837 0.4838709677419355 1.9715613239106824
838 0.48448687350835323 1.9712532167268044
839 0.48390941597139453 1.9715420898098606
840 0.48333333333333334 1.9718302858089463
841 0.4839476813317479 1.9715229472383948
842 0.4833729216152019 1.971810480688238
843 0.48398576512455516 1.971503895544383
844 0.48459715639810425 1.9711980489108916
845 0.48520710059171596 1.9708929376657784
846 0.4846335697399527 1.9711798336152722
847 0.4852420306965762 1.9708754649826346
848 0.4858490566037736 1.9705718251040594
849 0.48527679623085984 1.9708580746565363
850 0.4858823529411765 1.9705551702794797
851 0.4864864864864865 1.9702529881111903
852 0.4859154929577465 1.970538593677685
853 0.48651817116060964 1.9702371399984293
854 0.4859484777517564 1.9705220947488096
855 0.4853801169590643 1.9708063920377503
856 0.4848130841121495 1.9710900345048563
857 0.485414235705951 1.9707893253840805
858 0.486013986013986 1.9704893277360087
859 0.48661233993015135 1.9701900386076365
860 0.4872093023255814 1.9698914550640014
861 0.4878048780487805 1.9695935741880346
862 0.48839907192575405 1.9692963930804135
863 0.48783314020857477 1.9695794389128265
864 0.48726851851851855 1.969861837319717
865 0.4867052023121387 1.9701435908793195
866 0.48729792147806006 1.9698471310826924
867 0.4867358708189158 1.970128251214854
868 0.4861751152073733 1.9704087319646941
869 0.4856156501726122 1.9706885758632924
870 0.4862068965517241 1.9703928352287159
871 0.48679678530424797 1.9700977832986024
872 0.48623853211009177 1.9703770114412484
873 0.4856815578465063 1.9706556084434144
874 0.4851258581235698 1.970933576787756
875 0.4857142857142857 1.9706392378109439
876 0.4851598173515982 1.9709165896727718
877 0.48574686431014824 1.9706229418754155
878 0.4863325740318907 1.9703299727823187
879 0.4869169510807736 1.9700376796417651
880 0.4875 1.969746059718461
881 0.4880817253121453 1.9694551102934024
882 0.4886621315192744 1.9691648286637444
883 0.4881087202718007 1.9694416089861195
884 0.48755656108597284 1.9697177703736266
885 0.488135593220339 1.9694281687189228
886 0.4887133182844244 1.9691392287283964
887 0.4881623449830891 1.9694147890787592
888 0.48761261261261263 1.969689735966373
889 0.4870641169853768 1.9699640717692728
890 0.48651685393258426 1.9702377988520152
891 0.48597081930415265 1.9705109195657813
892 0.48654708520179374 1.9702226777308376
893 0.48600223964165734 1.970495203223146
894 0.4854586129753915 1.9707671273310412
895 0.4849162011173184 1.971038452363989
896 0.484375 1.9713091806184946
897 0.483835005574136 1.9715793143782
898 0.4844097995545657 1.9712917723579346
899 0.4838709677419355 1.9715613239106824
900 0.48333333333333334 1.9718302858089463
901 0.4827968923418424 1.9720986602962423
902 0.48337028824833705 1.97181179810041
903 0.48283499446290146 1.9720795979744872
904 0.4834070796460177 1.9717933922410893
905 0.48287292817679556 1.972060619955685
906 0.48344370860927155 1.9717750676885382
907 0.4829106945975744 1.9720417256817173
908 0.48237885462555063 1.9723078060174768
909 0.48184818481848185 1.9725733108718195
910 0.48131868131868133 1.9728382424087791
911 0.4807903402854007 1.9731026027805074
912 0.48135964912280704 1.9728177442257042
913 0.4819277108433735 1.9725335217454
914 0.4824945295404814 1.972249932844611
915 0.4830601092896175 1.9719669750427762
916 0.48253275109170307 1.9722308103711539
917 0.4830970556161396 1.9719484912914116
918 0.48257080610021785 1.9722117712708167
919 0.4820457018498368 1.9724744879191478
920 0.4815217391304348 1.9727366433322218
921 0.4820846905537459 1.9724549810140768
922 0.48156182212581344 1.9727165881640412
923 0.48212351029252437 1.9724355587001903
924 0.4816017316017316 1.9726966198737539
925 0.4821621621621622 1.9724162204283209
926 0.4816414686825054 1.972676737897928
927 0.48220064724919093 1.9723969656540454
928 0.4816810344827586 1.9726569416779938
929 0.48116254036598494 1.9729163678918198
930 0.4817204301075269 1.972637230660192
931 0.4822771213748657 1.972358704444
932 0.48175965665236054 1.9726176042955221
933 0.4812433011789925 1.972875958919756
934 0.4817987152034261 1.9725980620396912
935 0.48128342245989303 1.9728558841794073
936 0.48183760683760685 1.9725786033530635
937 0.4813233724653148 1.9728358951969873
938 0.48081023454157784 1.973092648310699
939 0.4802981895633653 1.9733488646550033
940 0.4797872340425532 1.9736045461802867
941 0.47927736450584485 1.973859694826591
942 0.47983014861995754 1.9735830713743514
943 0.48038176033934255 1.9733070469279712
944 0.4809322033898305 1.973031619207716
945 0.4804232804232804 1.9732862709213461
946 0.4809725158562368 1.9730114483326977
947 0.4804646251319958 1.9732655827369898
948 0.4810126582278481 1.9729913626284428
949 0.4815595363540569 1.972717731827895
950 0.48105263157894734 1.972971361556513
951 0.480546792849632 1.9732244676164972
952 0.4810924369747899 1.9729514445830003
953 0.4805876180482686 1.9732040395827226
954 0.4811320754716981 1.9729316111784794
955 0.4816753926701571 1.9726597644800918
956 0.4811715481171548 1.97291186081796
957 0.48066875653082547 1.9731634398584719
958 0.4812108559498956 1.972892192980842
959 0.4807090719499479 1.9731432670977178
960 0.48020833333333335 1.9733938278490917
961 0.4797086368366285 1.9736438770593479
962 0.4792099792099792 1.9738934165434063
963 0.4787123572170301 1.97414244810679
964 0.47925311203319504 1.9738718315032588
965 0.47875647668393784 1.9741203683942927
966 0.47929606625258797 1.973850335919076
967 0.4788004136504654 1.9740983800970422
968 0.47830578512396693 1.9743459221989492
969 0.478844169246646 1.9740764826483201
970 0.4793814432989691 1.9738076109027354
971 0.4799176107106076 1.9735393048584036
972 0.48045267489711935 1.9732715624230315
973 0.48098663926002055 1.973004381515738
974 0.4815195071868583 1.9727377600669722
975 0.48205128205128206 1.9724716960184279
976 0.48155737704918034 1.9727188122154424
977 0.481064483111566 1.9729654315335492
978 0.4815950920245399 1.9726999419129196
979 0.4811031664964249 1.9729460759844848
980 0.4816326530612245 1.9726811486841846
981 0.48216106014271154 1.9724167717890528
982 0.48268839103869654 1.9721529432902904
983 0.4821973550356053 1.972398612805053
984 0.4817073170731707 1.9726437915665418
985 0.4812182741116751 1.9728884812793634
986 0.4817444219066937 1.972625226746418
987 0.48226950354609927 1.9723625157544342
988 0.48279352226720645 1.9721003463320055
989 0.48230535894843274 1.9723445767935668
990 0.4818181818181818 1.9725883222837737
991 0.48133198789101916 1.9728315844771738
992 0.4808467741935484 1.9730743650398712
993 0.4813695871097684 1.972812771777385
994 0.4818913480885312 1.972551715034783
995 0.4824120603015075 1.9722911928788167
996 0.4819277108433735 1.9725335217454
997 0.48144433299899697 1.9727753729661677
998 0.48096192384769537 1.9730167481780636
999 0.4804804804804805 1.9732576490098417
1000 0.48 1.973498077082118
