# parameters:
#  num_nodes=4, total_iters=1000, ntest=20, copies=21
#  phase_average=2.1115347763547287, failure_threshold=0.1
# columns:
#  iteration   running_frequency   running_estimation
1 0.0 2.356194490192345
2 0.0 2.356194490192345
3 0.3333333333333333 2.0484546358571514
4 0.25 2.0943951023931957
5 0.2 2.1243706856919418
6 0.16666666666666666 2.1459273225503623
7 0.14285714285714285 2.1623961468647543
8 0.25 2.0943951023931957
9 0.3333333333333333 2.0484546358571514
10 0.4 2.0138348886912034
11 0.36363636363636365 2.0325520661845187
12 0.4166666666666667 2.005357428298543
13 0.46153846153846156 1.9827451936578266
14 0.42857142857142855 1.9993323007199622
15 0.4666666666666667 1.980174445596177
16 0.5 1.9634954084936207
17 0.47058823529411764 1.978209784980391
18 0.5 1.9634954084936207
19 0.5263157894736842 1.9503314314282283
20 0.5 1.9634954084936207
21 0.5238095238095238 1.9515861428375199
22 0.5 1.9634954084936207
23 0.4782608695652174 1.9743684011911498
24 0.4583333333333333 1.9843529301462746
25 0.44 1.9935678790923177
26 0.4230769230769231 2.0021103081146667
27 0.4074074074074074 2.01006048438776
28 0.42857142857142855 1.9993323007199622
29 0.41379310344827586 2.006815317598006
30 0.4 2.0138348886912034
31 0.3870967741935484 2.0204381058902943
32 0.375 2.0266654722791406
33 0.3939393939393939 2.016931673046558
34 0.38235294117647056 2.0228757011889824
35 0.4 2.0138348886912034
36 0.4166666666666667 2.005357428298543
37 0.40540540540540543 2.0110794979737205
38 0.42105263157894735 2.003134978653046
39 0.41025641025641024 2.0086116935926244
40 0.4 2.0138348886912034
41 0.4146341463414634 2.0063884665142355
42 0.42857142857142855 1.9993323007199622
43 0.4186046511627907 2.0043750145399772
44 0.4318181818181818 1.9976928652246821
45 0.4444444444444444 1.9913306620788618
46 0.43478260869565216 1.9961972825130476
47 0.425531914893617 2.0008684976650275
48 0.4166666666666667 2.005357428298543
49 0.40816326530612246 2.009675959166179
50 0.4 2.0138348886912034
51 0.39215686274509803 2.0178440565605404
52 0.38461538461538464 2.021712453058141
53 0.39622641509433965 2.015762123585315
54 0.3888888888888889 2.0195186815689636
55 0.38181818181818183 2.023150841322055
56 0.375 2.0266654722791406
57 0.3684210526315789 2.0300689127731664
58 0.3793103448275862 2.0244421431107047
59 0.3728813559322034 2.027760157686556
60 0.36666666666666664 2.0309786074519716
61 0.36065573770491804 2.034102473649444
62 0.3548387096774194 2.0371363886061946
63 0.3492063492063492 2.0400846671328505
64 0.34375 2.0429513344755907
65 0.3384615384615385 2.0457401512673012
66 0.3484848484848485 2.040463125593134
67 0.34328358208955223 2.043196878548009
68 0.3382352941176471 2.0458596933981013
69 0.3333333333333333 2.0484546358571514
70 0.32857142857142857 2.050984586304386
71 0.323943661971831 2.0534522541717024
72 0.3194444444444444 2.055860190968563
73 0.3150684931506849 2.0582108020965975
74 0.3108108108108108 2.060506357586404
75 0.30666666666666664 2.0627490018723913
76 0.3026315789473684 2.064940762707181
77 0.2987012987012987 2.0670835593047947
78 0.2948717948717949 2.069179209791207
79 0.2911392405063291 2.071229438031649
80 0.2875 2.073235879896061
81 0.2839506172839506 2.075200089017147
82 0.2804878048780488 2.0771235420894127
83 0.2891566265060241 2.0723215950421157
84 0.2857142857142857 2.0742231695120306
85 0.2823529411764706 2.0760866444217143
86 0.29069767441860467 2.0714724916105696
87 0.28735632183908044 2.0733152490565274
88 0.2840909090909091 2.0751223127560765
89 0.2808988764044944 2.076894832520564
90 0.2777777777777778 2.0786339064139514
91 0.27472527472527475 2.080340583740693
92 0.2717391304347826 2.08201586782325
93 0.26881720430107525 2.0836607185867044
94 0.26595744680851063 2.085276054966264
95 0.2736842105263158 2.0809239927759373
96 0.2708333333333333 2.08252517372157
97 0.26804123711340205 2.084098482941834
98 0.2653061224489796 2.085644727213772
99 0.26262626262626265 2.087164680690725
100 0.26 2.0886590865947676
101 0.25742574257425743 2.090128658802074
102 0.2549019607843137 2.091574083329213
103 0.2621359223300971 2.0874433283168843
104 0.25961538461538464 2.0888783511340305
105 0.2571428571428571 2.090290441718561
106 0.25471698113207547 2.091680209508027
107 0.2523364485981308 2.093048241312645
108 0.25 2.0943951023931957
109 0.24770642201834864 2.095721337476303
110 0.24545454545454545 2.097027471711381
111 0.24324324324324326 2.0983140115731906
112 0.24107142857142858 2.099581445713672
113 0.23893805309734514 2.100830245766387
114 0.24561403508771928 2.096934832117237
115 0.25217391304347825 2.093141801619539
116 0.25 2.0943951023931957
117 0.24786324786324787 2.0956305242206037
118 0.2457627118644068 2.096848491440832
119 0.24369747899159663 2.0980494143164137
120 0.24166666666666667 2.0992336896327464
121 0.2396694214876033 2.100401701266354
122 0.23770491803278687 2.1015538207239093
123 0.23577235772357724 2.1026904076537973
124 0.23387096774193547 2.1038118103318735
125 0.24 2.1002081461676068
126 0.23809523809523808 2.1013246507765913
127 0.2440944881889764 2.0978182890036345
128 0.2421875 2.098929642368171
129 0.24031007751937986 2.100026677368884
130 0.23846153846153847 2.1011097010364637
131 0.24427480916030533 2.09771335428065
132 0.25 2.0943951023931957
133 0.2556390977443609 2.091151425724952
134 0.2537313432835821 2.092246116415978
135 0.2518518518518518 2.0933272486971894
136 0.25 2.0943951023931957
137 0.24817518248175183 2.0954499492440744
138 0.2536231884057971 2.0923082579560237
139 0.2589928057553957 2.0892334994736013
140 0.2571428571428571 2.090290441718561
141 0.2553191489361702 2.091334827855176
142 0.2605633802816901 2.088338100133873
143 0.26573426573426573 2.0854023507365254
144 0.2638888888888889 2.086447932134982
145 0.2689655172413793 2.083577092904282
146 0.273972602739726 2.080762309658361
147 0.272108843537415 2.08180814091749
148 0.2702702702702703 2.0828420390027813
149 0.2684563758389262 2.0838642312876288
150 0.2733333333333333 2.08112077884541
151 0.2781456953642384 2.0784285926982324
152 0.27631578947368424 2.079450587674485
153 0.27450980392156865 2.080461276380629
154 0.2727272727272727 2.081460867813531
155 0.2709677419354839 2.08244956554687
156 0.2692307692307692 2.083427567912559
157 0.267515923566879 2.0843950681747243
158 0.2721518987341772 2.08178395568419
159 0.27044025157232704 2.0827463596949602
160 0.26875 2.0836986162761155
161 0.2732919254658385 2.081144007241204
162 0.2716049382716049 2.082091286898847
163 0.27607361963190186 2.079585994801662
164 0.27439024390243905 2.0805282587775276
165 0.2787878787878788 2.0780704267460814
166 0.28313253012048195 2.0756538590564144
167 0.2874251497005988 2.073277226424951
168 0.2857142857142857 2.0742231695120306
169 0.28994082840236685 2.071889340060254
170 0.29411764705882354 2.0695928356419175
171 0.2982456140350877 2.067332519284808
172 0.29651162790697677 2.0682808733052678
173 0.2947976878612717 2.069219841447065
174 0.29310344827586204 2.0701495793392946
175 0.2914285714285714 2.071070238978787
176 0.29545454545454547 2.068859800610446
177 0.2994350282485876 2.0666829204134056
178 0.29775280898876405 2.067601882837167
179 0.3016759776536313 2.0654610257532573
180 0.3 2.066374620010493
181 0.2983425414364641 2.0672795545633176
182 0.2967032967032967 2.068175967018686
183 0.29508196721311475 2.0690639919037057
184 0.29347826086956524 2.069943760754799
185 0.2918918918918919 2.0708154022036918
186 0.2956989247311828 2.0687259092906074
187 0.2994652406417112 2.0666664295515855
188 0.2978723404255319 2.0675365360694338
189 0.2962962962962963 2.068398754386082
190 0.29473684210526313 2.069253204396974
191 0.2931937172774869 2.0701000034306327
192 0.2916666666666667 2.0709392663197526
193 0.29015544041450775 2.07177110546987
194 0.28865979381443296 2.0725956309257145
195 0.28717948717948716 2.073412950435325
196 0.2857142857142857 2.0742231695120306
197 0.28426395939086296 2.075026391494374
198 0.2828282828282828 2.0758227176040607
199 0.2814070351758794 2.076612247002008
200 0.28 2.0773950768425764
201 0.27860696517412936 2.0781713023260426
202 0.28217821782178215 2.0761836909770626
203 0.28078817733990147 2.0769564125731663
204 0.28431372549019607 2.074998809554355
205 0.28292682926829266 2.075768017891135
206 0.28640776699029125 2.0738395374218594
207 0.28502415458937197 2.074605225728935
208 0.28365384615384615 2.075364653946468
209 0.28708133971291866 2.0734671847881954
210 0.2857142857142857 2.0742231695120306
211 0.2843601895734597 2.0749730590090256
212 0.2830188679245283 2.075716935632067
213 0.28169014084507044 2.076454880167482
214 0.2803738317757009 2.0771869718735743
215 0.27906976744186046 2.0779132885179874
216 0.2777777777777778 2.0786339064139514
217 0.2764976958525346 2.079348900455444
218 0.2798165137614679 2.0774972511590803
219 0.2785388127853881 2.0782093086125846
220 0.2772727272727273 2.078915882494316
221 0.28054298642533937 2.077092834566857
222 0.27927927927927926 2.077796528104164
223 0.27802690582959644 2.078494873194712
224 0.2767857142857143 2.0791879379416436
225 0.28 2.0773950768425764
226 0.27876106194690264 2.0780853782741366
227 0.2775330396475771 2.0787705270724253
228 0.27631578947368424 2.079450587674485
229 0.27510917030567683 2.08012562338307
230 0.27391304347826084 2.0807956963924554
231 0.2727272727272727 2.081460867813531
232 0.27155172413793105 2.082121197698194
233 0.2703862660944206 2.082776745063066
234 0.2692307692307692 2.083427567912559
235 0.2680851063829787 2.084073723261311
236 0.2669491525423729 2.084715267156008
237 0.26582278481012656 2.085352254696619
238 0.2647058823529412 2.085984740057053
239 0.26778242677824265 2.0842445808487957
240 0.2708333333333333 2.08252517372157
241 0.2697095435684647 2.083157796085934
242 0.26859504132231404 2.083786011629629
243 0.2674897119341564 2.084409871760453
244 0.26639344262295084 2.0850294270424428
245 0.2653061224489796 2.085644727213772
246 0.26422764227642276 2.0862558212041806
247 0.26720647773279355 2.0845698637828978
248 0.2701612903225806 2.082903391750515
249 0.26907630522088355 2.083514635036151
250 0.268 2.0841217582124694
251 0.27091633466135456 2.0824784820225117
252 0.2698412698412698 2.083083599655935
253 0.26877470355731226 2.0836846851566344
254 0.2677165354330709 2.084281783528243
255 0.26666666666666666 2.0848749390675185
256 0.26953125 2.0832582403176487
257 0.26848249027237353 2.083849499448921
258 0.26744186046511625 2.0844368980988053
259 0.26640926640926643 2.0850204784867863
260 0.2692307692307692 2.083427567912559
261 0.2720306513409962 2.081852066589168
262 0.2748091603053435 2.080293604482997
263 0.2737642585551331 2.0808791096340853
264 0.2765151515151515 2.079339143678067
265 0.27547169811320754 2.0799227132214044
266 0.2781954887218045 2.0784008122961293
267 0.27715355805243447 2.0789824392397303
268 0.27611940298507465 2.079560392629604
269 0.275092936802974 2.080134711363544
270 0.2740740740740741 2.080705433759206
271 0.2730627306273063 2.0812725975652953
272 0.2757352941176471 2.079775228066495
273 0.27472527472527475 2.080340583740693
274 0.2737226277372263 2.08090245163364
275 0.2727272727272727 2.081460867813531
276 0.2717391304347826 2.08201586782325
277 0.27075812274368233 2.08256748669026
278 0.2697841726618705 2.083115758936276
279 0.26881720430107525 2.0836607185867044
280 0.2714285714285714 2.0821904268849982
281 0.2704626334519573 2.08273376276218
282 0.2730496453900709 2.081279940085935
283 0.27208480565371024 2.0818216441484134
284 0.2711267605633803 2.082360128835428
285 0.27017543859649124 2.0828954262168256
286 0.2727272727272727 2.081460867813531
287 0.27177700348432055 2.081994584412763
288 0.2708333333333333 2.08252517372157
289 0.2698961937716263 2.0830526664552593
290 0.27241379310344827 2.0816368685337916
291 0.27147766323024053 2.082162829189962
292 0.2705479452054795 2.082685750748173
293 0.2696245733788396 2.083205662644397
294 0.2687074829931973 2.0837225939130666
295 0.2677966101694915 2.0842365731941634
296 0.2668918918918919 2.0847476287401463
297 0.26936026936026936 2.083354584399339
298 0.2684563758389262 2.0838642312876288
299 0.2709030100334448 2.082485977376959
300 0.27 2.082994208123359
301 0.2691029900332226 2.0834995924118034
302 0.2682119205298013 2.0840021569655214
303 0.2706270627062706 2.0826412290109615
304 0.2730263157894737 2.081293031299872
305 0.2754098360655738 2.079957332119732
306 0.27450980392156865 2.080461276380629
307 0.2736156351791531 2.0809624464079377
308 0.2727272727272727 2.081460867813531
309 0.27184466019417475 2.081956565876122
310 0.2709677419354839 2.08244956554687
311 0.27009646302250806 2.0829398914548767
312 0.2692307692307692 2.083427567912559
313 0.2715654952076677 2.0821134570275226
314 0.27070063694267515 2.0825998303041136
315 0.2698412698412698 2.083083599655935
316 0.2721518987341772 2.08178395568419
317 0.27129337539432175 2.0822664374665942
318 0.27358490566037735 2.0809796789628083
319 0.2727272727272727 2.081460867813531
320 0.271875 2.0819395179015148
321 0.27102803738317754 2.0824156516897463
322 0.2732919254658385 2.081144007241204
323 0.2755417956656347 2.079883488526752
324 0.27469135802469136 2.0803595797053918
325 0.27384615384615385 2.080833194958096
326 0.27300613496932513 2.081304355883226
327 0.27217125382262997 2.08177308381361
328 0.27439024390243905 2.0805282587775276
329 0.2765957446808511 2.079294098895959
330 0.27575757575757576 2.079762763221377
331 0.27794561933534745 2.078540233294946
332 0.27710843373493976 2.07900764375227
333 0.27627627627627627 2.079472678623934
334 0.2754491017964072 2.079935358168402
335 0.2746268656716418 2.0803957024005886
336 0.27380952380952384 2.0808537310956505
337 0.27299703264094954 2.0813094637927034
338 0.27218934911242604 2.081762919798471
339 0.2713864306784661 2.082214118190863
340 0.2735294117647059 2.0810108004581616
341 0.2727272727272727 2.081460867813531
342 0.2719298245614035 2.0819087134238723
343 0.27113702623906705 2.0823543556863586
344 0.2703488372093023 2.0827978127834674
345 0.27246376811594203 2.0816088062065026
346 0.27167630057803466 2.0820511781908495
347 0.27089337175792505 2.08249139916088
348 0.27011494252873564 2.0829294866603214
349 0.2693409742120344 2.08336545803125
350 0.2714285714285714 2.0821904268849982
351 0.2706552706552707 2.082625356561003
352 0.26988636363636365 2.0830582026493683
353 0.26912181303116145 2.0834889818922258
354 0.2711864406779661 2.082326567251062
355 0.2704225352112676 2.0827563310208275
356 0.2696629213483146 2.0831840593577073
357 0.2689075630252101 2.0836097684312405
358 0.2709497206703911 2.0824597022715823
359 0.27019498607242337 2.082884421127334
360 0.26944444444444443 2.0833071510556325
361 0.26869806094182824 2.083727907679235
362 0.27071823204419887 2.0825899304272615
363 0.2699724517906336 2.0830097211683656
364 0.2692307692307692 2.083427567912559
365 0.2684931506849315 2.0838434857601866
366 0.2677595628415301 2.0842574896462907
367 0.26975476839237056 2.083132321364553
368 0.26902173913043476 2.083545396217711
369 0.2682926829268293 2.083956585100852
370 0.26756756756756755 2.084365902456854
371 0.2668463611859838 2.0847733625727267
372 0.2661290322580645 2.085178979581784
373 0.2680965147453083 2.084067284627131
374 0.26737967914438504 2.084472020179755
375 0.2693333333333333 2.0833697640574567
376 0.26861702127659576 2.08377361415506
377 0.26790450928381965 2.0841756599480474
378 0.2698412698412698 2.083083599655935
379 0.2691292875989446 2.0834847685451283
380 0.26842105263157895 2.083884158759614
381 0.2677165354330709 2.084281783528243
382 0.2670157068062827 2.0846776559411944
383 0.2689295039164491 2.083597397539136
384 0.2682291666666667 2.083992425108689
385 0.2675324675324675 2.0843857248498106
386 0.266839378238342 2.0847773094394526
387 0.2661498708010336 2.0851671914234844
388 0.2654639175257732 2.0855553832184457
389 0.2647814910025707 2.085941897113272
390 0.26666666666666666 2.0848749390675185
391 0.26854219948849106 2.0838158176134787
392 0.26785714285714285 2.0842023991798753
393 0.26717557251908397 2.0845873246351303
394 0.26649746192893403 2.084970605880479
395 0.26582278481012656 2.085352254696619
396 0.26515151515151514 2.085732282745288
397 0.26448362720403024 2.086110701570821
398 0.2663316582914573 2.0850643685012438
399 0.2656641604010025 2.0854420295737492
400 0.2675 2.084404061298163
401 0.26683291770573564 2.084780961058619
402 0.26616915422885573 2.085156283240499
403 0.2679900744416873 2.0841273606182993
404 0.26732673267326734 2.0845019281544097
405 0.26666666666666666 2.0848749390675185
406 0.2660098522167488 2.085246404209628
407 0.2678132678132678 2.0842271687985434
408 0.26715686274509803 2.084597895609949
409 0.2665036674816626 2.0849670969762073
410 0.2682926829268293 2.083956585100852
411 0.26763990267639903 2.084325054531584
412 0.26941747572815533 2.0833223476370826
413 0.2687651331719128 2.083690082152452
414 0.26811594202898553 2.0840563204860985
415 0.2674698795180723 2.0844210728517933
416 0.2668269230769231 2.0847843493650142
417 0.26618705035971224 2.085146160044172
418 0.26555023923444976 2.085506514811815
419 0.26730310262529833 2.0845152767120037
420 0.26904761904761904 2.083530806382996
421 0.27078384798099764 2.082553013430195
422 0.27014218009478674 2.0829141510922584
423 0.2718676122931442 2.0819436690082775
424 0.27122641509433965 2.0823040886186917
425 0.27058823529411763 2.0826630778224846
426 0.2699530516431925 2.083020646147256
427 0.2693208430913349 2.0833768030311184
428 0.26869158878504673 2.0837315578237856
429 0.2703962703962704 2.0827711140640344
430 0.26976744186046514 2.0831251827597823
431 0.2691415313225058 2.0834778669473812
432 0.26851851851851855 2.0838291757121388
433 0.2678983833718245 2.0841791180552987
434 0.2672811059907834 2.08452770289505
435 0.2689655172413793 2.083577092904282
436 0.268348623853211 2.0839250218146237
437 0.26773455377574373 2.084271609967014
438 0.2694063926940639 2.0833285929467316
439 0.26879271070615035 2.083674530609417
440 0.2681818181818182 2.084019143954193
441 0.2675736961451247 2.0843624414887403
442 0.2669683257918552 2.084704431643681
443 0.26636568848758463 2.0850451227734768
444 0.26576576576576577 2.085384523157325
445 0.2651685393258427 2.0857226410000314
446 0.26681614349775784 2.084790442299755
447 0.2662192393736018 2.0851279524247497
448 0.265625 2.085464195378694
449 0.2650334075723831 2.085799179144038
450 0.2644444444444444 2.0861329116323453
451 0.2638580931263858 2.086465400685105
452 0.26327433628318586 2.086796654074538
453 0.26269315673289184 2.087126679504389
454 0.2643171806167401 2.086205056177887
455 0.26373626373626374 2.086534513450328
456 0.26535087719298245 2.085619385234043
457 0.2647702407002188 2.0859482717453997
458 0.26419213973799127 2.0862759513956832
459 0.2636165577342048 2.086602431614983
460 0.26304347826086955 2.086927719768907
461 0.26247288503253796 2.0872518231593062
462 0.26406926406926406 2.08634562946703
463 0.2634989200863931 2.0866691858933333
464 0.2629310344827586 2.0869915711932485
465 0.2623655913978495 2.0873127924781323
466 0.26180257510729615 2.0876328567984745
467 0.2633832976445396 2.0867348059554347
468 0.26282051282051283 2.0870543396996353
469 0.2622601279317697 2.0873727296371274
470 0.26170212765957446 2.087689982636559
471 0.2611464968152866 2.0880061055084393
472 0.2605932203389831 2.0883211050057806
473 0.26215644820295986 2.0874316606315344
474 0.2616033755274262 2.087746151224774
475 0.2631578947368421 2.0868627571519514
476 0.26260504201680673 2.0871767363398774
477 0.2620545073375262 2.0874896105907768
478 0.26359832635983266 2.0866127765052687
479 0.2630480167014614 2.0869251427906375
480 0.2625 2.0872364164228445
481 0.26195426195426197 2.0875466038142148
482 0.26141078838174275 2.0878557113240297
483 0.2608695652173913 2.0881637452590933
484 0.2603305785123967 2.088470711874294
485 0.2597938144329897 2.088776617373156
486 0.25925925925925924 2.089081467908388
487 0.2587268993839836 2.0893852695824195
488 0.2581967213114754 2.0896880284479344
489 0.25766871165644173 2.089989750508395
490 0.25918367346938775 2.089124590066695
491 0.25865580448065173 2.0894258566793873
492 0.258130081300813 2.089726097634958
493 0.25760649087221094 2.090025318789961
494 0.25708502024291496 2.0903235259538246
495 0.25656565656565655 2.090620724889344
496 0.2560483870967742 2.0909169213131644
497 0.25553319919517103 2.091212120896261
498 0.25502008032128515 2.09150632926441
499 0.2545090180360721 2.091799551998654
500 0.254 2.0920917946357642
501 0.25349301397205587 2.092383062668694
502 0.2549800796812749 2.0915292727120036
503 0.2544731610337972 2.0918201322785923
504 0.25396825396825395 2.0921100273839173
505 0.25346534653465347 2.092398963390367
506 0.25296442687747034 2.092686945618326
507 0.252465483234714 2.0929739793466027
508 0.25196850393700787 2.093260069812849
509 0.25343811394891946 2.092414614758681
510 0.2529411764705882 2.0927003170157956
511 0.25440313111545987 2.0918603290043114
512 0.25390625 2.092145640387966
513 0.253411306042885 2.0924300225935903
514 0.2529182879377432 2.0927134806951697
515 0.2524271844660194 2.0929960197276563
516 0.25387596899224807 2.0921630338277906
517 0.2553191489361702 2.091334827855176
518 0.2548262548262548 2.091617514145155
519 0.2543352601156069 2.091899290002713
520 0.25384615384615383 2.0921801603448817
521 0.2533589251439539 2.0924601300512773
522 0.25287356321839083 2.092739203964469
523 0.25239005736137665 2.0930173868903448
524 0.25190839694656486 2.093294683598468
525 0.25142857142857145 2.093571098822436
526 0.2509505703422053 2.093846637260228
527 0.2504743833017078 2.0941213035745534
528 0.2518939393939394 2.0933030096714136
529 0.2514177693761815 2.0935773236230983
530 0.2509433962264151 2.093850774027818
531 0.2504708097928437 2.094123365443252
532 0.2518796992481203 2.0933112106951857
533 0.25140712945590993 2.0935834550801786
534 0.250936329588015 2.093854848859805
535 0.2504672897196262 2.0941253964898436
536 0.25 2.0943951023931957
537 0.24953445065176907 2.094663970960196
538 0.24907063197026022 2.0949320065489263
539 0.24860853432282004 2.0951992134855186
540 0.24814814814814815 2.0954655960644604
541 0.2476894639556377 2.095731158548893
542 0.24723247232472326 2.095995905170909
543 0.24677716390423574 2.096259840131842
544 0.24816176470588236 2.0954577150578264
545 0.24770642201834864 2.095721337476303
546 0.2490842490842491 2.0949241349980166
547 0.24862888482632542 2.0951874423577097
548 0.25 2.0943951023931957
549 0.2495446265938069 2.0946580922636695
550 0.24909090909090909 2.094920285146389
551 0.24863883847549909 2.0951816850904406
552 0.24818840579710144 2.0954422961159382
553 0.24954792043399637 2.09465618941159
554 0.2490974729241877 2.094916490921939
555 0.24864864864864866 2.0951760108862527
556 0.24820143884892087 2.0954347532383917
557 0.24775583482944344 2.095692721884329
558 0.24731182795698925 2.0959499207024024
559 0.24686940966010734 2.0962063535435695
560 0.24821428571428572 2.095427318246066
561 0.24955436720142601 2.0946524651371248
562 0.2491103202846975 2.0949090646006594
563 0.24866785079928952 2.095164904579002
564 0.25 2.0943951023931957
565 0.24955752212389382 2.094650642561411
566 0.2508833922261484 2.0938853753166047
567 0.25044091710758376 2.0941406135221854
568 0.25 2.0943951023931957
569 0.24956063268892795 2.094648845618191
570 0.25087719298245614 2.0938889502654563
571 0.2521891418563923 2.093133034613005
572 0.2517482517482518 2.093386919716413
573 0.2530541012216405 2.092635377367594
574 0.25435540069686413 2.0918877280482766
575 0.2539130434782609 2.0921417383015273
576 0.2534722222222222 2.0923950118182186
577 0.2530329289428076 2.0926475521822017
578 0.25259515570934254 2.0928993629527604
579 0.25215889464594127 2.093150447664831
580 0.2517241379310345 2.093400809829216
581 0.2512908777969019 2.0936504529328
582 0.2508591065292096 2.0938993804387565
583 0.2521440823327616 2.093158975235157
584 0.2517123287671233 2.0934076123400227
585 0.2512820512820513 2.0936555402272443
586 0.2508532423208191 2.0939027622892485
587 0.2504258943781942 2.0941492818955987
588 0.25170068027210885 2.093414322403405
589 0.25127334465195245 2.093660558482469
590 0.25084745762711863 2.0939060983099007
591 0.2521150592216582 2.093175684559924
592 0.2516891891891892 2.093420941891218
593 0.25126475548060706 2.0936655090943916
594 0.25084175084175087 2.093909389426053
595 0.2504201680672269 2.0941525861211576
596 0.25 2.0943951023931957
597 0.24958123953098826 2.0946369414343744
598 0.2508361204013378 2.0939126365383003
599 0.25041736227045075 2.0941542051457027
600 0.25166666666666665 2.093433916378248
601 0.2512479201331115 2.093675212786348
602 0.25083056478405313 2.093915840523315
603 0.2504145936981758 2.0941558026965716
604 0.25 2.0943951023931957
605 0.24958677685950414 2.0946337426800885
606 0.24917491749174916 2.09487172660415
607 0.2487644151565074 2.0951090571924453
608 0.24835526315789475 2.095345737452371
609 0.24794745484400657 2.095581770371823
610 0.24754098360655738 2.095817158919357
611 0.24713584288052373 2.0960519060443534
612 0.24836601307189543 2.0953395173310216
613 0.24796084828711257 2.0955740163968537
614 0.247557003257329 2.095807879445409
615 0.24878048780487805 2.095099762381591
616 0.2483766233766234 2.095333378078851
617 0.2479740680713128 2.0955663630972934
618 0.24757281553398058 2.0957987202916653
619 0.24717285945072698 2.096030452498509
620 0.2467741935483871 2.0962615625363155
621 0.2463768115942029 2.0964920532056692
622 0.2459807073954984 2.096721927289399
623 0.24558587479935795 2.0969511875527216
624 0.2467948717948718 2.0962495720959513
625 0.248 2.0955513507820385
626 0.2476038338658147 2.0957807537039086
627 0.24880382775119617 2.095086265250634
628 0.25 2.0943951023931957
629 0.24960254372019078 2.0946246347510953
630 0.2507936507936508 2.093937129823217
631 0.25039619651347067 2.0941664185841433
632 0.25 2.0943951023931957
633 0.24960505529225907 2.094623183927052
634 0.24921135646687698 2.094850665845706
635 0.2503937007874016 2.0941678587346786
636 0.25157232704402516 2.093488266530867
637 0.25117739403453687 2.0937158655301973
638 0.2507836990595611 2.0939428694366673
639 0.25039123630672927 2.094169280859851
640 0.2515625 2.093493928394094
641 0.25273010920436817 2.0928217212071156
642 0.2523364485981308 2.093048241312645
643 0.25194401244167963 2.093274173388701
644 0.2531055900621118 2.092605770855194
645 0.2527131782945736 2.092831461183051
646 0.25386996904024767 2.0921664802871893
647 0.2534775888717156 2.0923919275399796
648 0.25308641975308643 2.092616793709986
649 0.2526964560862866 2.0928410813096114
650 0.25384615384615383 2.0921801603448817
651 0.25499231950844853 2.0915222521028256
652 0.2561349693251534 2.0908673293469358
653 0.2557427258805513 2.0910920398183426
654 0.25535168195718655 2.0913161757212744
655 0.2549618320610687 2.0915397395206416
656 0.2545731707317073 2.091762733666448
657 0.2557077625570776 2.0911120752762056
658 0.256838905775076 2.090464337160557
659 0.2564491654021244 2.0906874124318646
660 0.25606060606060604 2.0909099222869045
661 0.25718608169440244 2.090265717721203
662 0.2583081570996979 2.0896243761010673
663 0.2594268476621418 2.088985872261639
664 0.2605421686746988 2.0883501813912826
665 0.26015037593984963 2.088573387721615
666 0.25975975975975973 2.088796032275285
667 0.2608695652173913 2.0881637452590933
668 0.2619760479041916 2.0875342170944413
669 0.26307922272047835 2.0869074240446013
670 0.2626865671641791 2.0871304227665197
671 0.26229508196721313 2.0873528636457417
672 0.2619047619047619 2.0875747490249874
673 0.26151560178306094 2.0877960812330993
674 0.2626112759643917 2.087173194736823
675 0.26222222222222225 2.0873942741655127
676 0.2618343195266272 2.08761480478368
677 0.26292466765140327 2.0869951868738443
678 0.2640117994100295 2.0863782190345432
679 0.2650957290132548 2.0857638789524118
680 0.2647058823529412 2.085984740057053
681 0.2643171806167401 2.086205056177887
682 0.26392961876832843 2.0864248295729433
683 0.26500732064421667 2.085813956123674
684 0.2646198830409357 2.086033475534321
685 0.2656934306569343 2.085425462528929
686 0.26676384839650147 2.0848200021382026
687 0.2678311499272198 2.0842170733109997
688 0.26744186046511625 2.0844368980988053
689 0.26705370101596515 2.084656185950074
690 0.26666666666666666 2.0848749390675185
691 0.2662807525325615 2.0850931596411013
692 0.26734104046242774 2.0844938459006563
693 0.26695526695526695 2.0847118116482966
694 0.2665706051873199 2.084929248978968
695 0.26618705035971224 2.085146160044172
696 0.26580459770114945 2.0853625469830486
697 0.2654232424677188 2.0855784119224676
698 0.2664756446991404 2.084982942549832
699 0.26609442060085836 2.0851985597050806
700 0.2671428571428571 2.084605808893612
701 0.26676176890156916 2.0848211776121057
702 0.26638176638176636 2.0850360302162567
703 0.26600284495021337 2.0852503687833046
704 0.265625 2.085464195378694
705 0.2652482269503546 2.085677512056156
706 0.26487252124645894 2.085890320857799
707 0.26449787835926447 2.08610262381419
708 0.2655367231638418 2.0855141661886796
709 0.2651622002820874 2.0857262311331173
710 0.2661971830985915 2.0851404284150803
711 0.26582278481012656 2.085352254696619
712 0.2654494382022472 2.0855635807433712
713 0.2650771388499299 2.085774408539247
714 0.2647058823529412 2.085984740057053
715 0.26573426573426573 2.0854023507365254
716 0.26536312849162014 2.0856124482820837
717 0.2649930264993027 2.085822053260758
718 0.2646239554317549 2.0860311676118775
719 0.26425591098748263 2.086239793263999
720 0.2638888888888889 2.086447932134982
721 0.2635228848821082 2.086655586132067
722 0.2631578947368421 2.0868627571519514
723 0.2641770401106501 2.086284513254411
724 0.2638121546961326 2.0864914599588342
725 0.263448275862069 2.0866979272472186
726 0.2630853994490358 2.086903916984488
727 0.2627235213204952 2.087109431025332
728 0.2623626373626374 2.0873144712142784
729 0.26337448559670784 2.086739807501716
730 0.26301369863013696 2.086944629337171
731 0.26265389876880985 2.087148980780543
732 0.26229508196721313 2.0873528636457417
733 0.26193724420190995 2.08755627973681
734 0.2615803814713896 2.087759230847992
735 0.2612244897959184 2.087961718763802
736 0.2608695652173913 2.0881637452590933
737 0.26051560379918587 2.0883653120991257
738 0.2601626016260163 2.088566421039633
739 0.2598105548037889 2.088767073826889
740 0.2594594594594595 2.088967272197774
741 0.26045883940620784 2.088397645393339
742 0.2601078167115903 2.0885976404896383
743 0.2597577388963661 2.088797184415225
744 0.2594086021505376 2.0889962788787115
745 0.25906040268456376 2.0891949255795867
746 0.2587131367292225 2.089393126208273
747 0.2583668005354752 2.0895908824461937
748 0.2580213903743315 2.0897881959658324
749 0.2576769025367156 2.089985068430796
750 0.25866666666666666 2.089419655372619
751 0.2583222370173103 2.089616334260598
752 0.25930851063829785 2.089053371892159
753 0.2602921646746348 2.0884925973839907
754 0.259946949602122 2.0886893237195245
755 0.2596026490066225 2.0888856133518536
756 0.25925925925925924 2.089081467908388
757 0.25891677675033026 2.089276889007982
758 0.25857519788918204 2.089471878260996
759 0.25823451910408435 2.0896664372693503
760 0.2578947368421053 2.0898605676265856
761 0.2575558475689882 2.0900542709179177
762 0.2572178477690289 2.090247548720295
763 0.2581913499344692 2.089691096815484
764 0.25785340314136124 2.0898841888104096
765 0.25882352941176473 2.0893301106553763
766 0.2584856396866841 2.0895230161603693
767 0.258148631029987 2.0897155004795165
768 0.2591145833333333 2.089164009990737
769 0.258777633289987 2.0893563085167335
770 0.2584415584415584 2.0895481887520373
771 0.25810635538262 2.0897396522240013
772 0.25777202072538863 2.089930700452113
773 0.2574385510996119 2.090121334948047
774 0.25839793281653745 2.0895731025389157
775 0.25806451612903225 2.0897635559300873
776 0.25902061855670105 2.089217627822957
777 0.25868725868725867 2.0894078994600385
778 0.2583547557840617 2.0895977614921875
779 0.25802310654685495 2.0897872153995993
780 0.25769230769230766 2.0899762626549245
781 0.2573623559539053 2.090164904723319
782 0.25831202046035806 2.089622169502196
783 0.25925925925925924 2.089081467908388
784 0.25892857142857145 2.08927015754748
785 0.2585987261146497 2.089458444557433
786 0.2595419847328244 2.0889202074889166
787 0.25921219822109276 2.089108316040138
788 0.25888324873096447 2.089296024668989
789 0.2585551330798479 2.089483334802824
790 0.25949367088607594 2.0889477606051496
791 0.25916561314791403 2.0891348941962637
792 0.2588383838383838 2.0893216319575663
793 0.25851197982345525 2.0895079752946373
794 0.25818639798488663 2.089693925606017
795 0.2578616352201258 2.089879484283252
796 0.25753768844221103 2.0900646527109386
797 0.2572145545796738 2.0902494322667695
798 0.2568922305764411 2.090433824321578
799 0.2565707133917397 2.090617830239382
800 0.2575 2.090086200413439
801 0.2571785268414482 2.0902700389211524
802 0.256857855361596 2.0904534938320154
803 0.25653798256537985 2.0906365664895468
804 0.2562189054726368 2.090819258230629
805 0.25590062111801243 2.0910015703855507
806 0.2555831265508685 2.0911835042780487
807 0.25650557620817843 2.090655117773642
808 0.25742574257425743 2.090128658802074
809 0.25710754017305315 2.0903106436693686
810 0.25679012345679014 2.0904922525732204
811 0.2564734895191122 2.090673486817366
812 0.2561576354679803 2.0908543476991666
813 0.25584255842558423 2.091034836509646
814 0.25675675675675674 2.090511347482772
815 0.25766871165644173 2.089989750508395
816 0.25735294117647056 2.0901702885574363
817 0.2582619339045288 2.089650777796895
818 0.25794621026894865 2.0898311535676775
819 0.2576312576312576 2.09001116062762
820 0.2573170731707317 2.090190800241934
821 0.2582216808769793 2.0896737707157857
822 0.25790754257907544 2.0898532497164353
823 0.25759416767922233 2.0900323636304856
824 0.25849514563106796 2.0895175879748336
825 0.2581818181818182 2.089696541824398
826 0.25786924939467315 2.0898751329240315
827 0.2587666263603386 2.089362591582115
828 0.2584541062801932 2.089541023167363
829 0.25814234016887816 2.089719094317267
830 0.25783132530120484 2.0898968062541257
831 0.2575210589651023 2.0900741601943897
832 0.25721153846153844 2.090251157348701
833 0.25690276110444177 2.0904277989219255
834 0.2565947242206235 2.0906040861131907
835 0.25748502994011974 2.0900947595671084
836 0.25717703349282295 2.0902708930867
837 0.25686977299880526 2.0904466744581427
838 0.256563245823389 2.0906221048632943
839 0.2562574493444577 2.0907971854784164
840 0.25595238095238093 2.0909719174742123
841 0.2556480380499406 2.0911463020158583
842 0.25534441805225655 2.0913203402630387
843 0.25622775800711745 2.090814188591767
844 0.2559241706161137 2.090988078769659
845 0.2556213017751479 2.0911616248097404
846 0.2553191489361702 2.091334827855176
847 0.256198347107438 2.0908310317456653
848 0.25707547169811323 2.0903289882078364
849 0.2579505300353357 2.0898286851604246
850 0.2576470588235294 2.0900021279522356
851 0.2573443008225617 2.0901752295946134
852 0.25821596244131456 2.0896770372363442
853 0.25791324736225085 2.089849989724288
854 0.2576112412177986 2.0900226031735594
855 0.2584795321637427 2.0895265037774298
856 0.25817757009345793 2.08969896856385
857 0.25787631271878647 2.0898710964030753
858 0.25757575757575757 2.0900428884002715
859 0.2572759022118743 2.090214345655492
860 0.25813953488372093 2.089720696927376
861 0.2578397212543554 2.0898920079413084
862 0.25754060324825984 2.0900629862648628
863 0.2572421784472769 2.0902336329826934
864 0.25810185185185186 2.0897422251316833
865 0.25780346820809247 2.089912727032986
866 0.2586605080831409 2.0894231713456106
867 0.25836216839677045 2.089593527959179
868 0.25806451612903225 2.0897635559300873
869 0.25776754890678943 2.0899332563227415
870 0.2574712643678161 2.0901026301966827
871 0.2571756601607348 2.0902716786066198
872 0.25688073394495414 2.090440402602454
873 0.2565864833906071 2.0906088032293115
874 0.2574370709382151 2.0901221812912283
875 0.2571428571428571 2.090290441718561
876 0.2568493150684932 2.0904583807243964
877 0.25655644241733183 2.0906259993394745
878 0.25626423690205014 2.0907932985898734
879 0.25597269624573377 2.0909602794970366
880 0.2556818181818182 2.0911269430778
881 0.25539160045402953 2.0912932903444177
882 0.2562358276643991 2.0908095673383307
883 0.2559456398640997 2.0909757792934944
884 0.25565610859728505 2.0911416768176667
885 0.25536723163841807 2.091307260909315
886 0.255079006772009 2.091472532562437
887 0.2547914317925592 2.0916374927665826
888 0.2545045045045045 2.091802142506883
889 0.2542182227221597 2.091966482764075
890 0.2539325842696629 2.0921305145145266
891 0.2536475869809203 2.09229423873026
892 0.2533632286995516 2.092457656378981
893 0.2541993281075028 2.0919773313752574
894 0.2539149888143177 2.0921406209318865
895 0.2547486033519553 2.091662065470781
896 0.2544642857142857 2.0918252264536594
897 0.2552954292084727 2.0913484275620964
898 0.2561247216035635 2.0908731986787954
899 0.25583982202447164 2.091036404349572
900 0.25555555555555554 2.0911993067835843
901 0.25527192008879024 2.091361906926591
902 0.2549889135254989 2.0915242057201926
903 0.2558139534883721 2.0910512261779584
904 0.2555309734513274 2.091213396657717
905 0.25524861878453037 2.0913752675390285
906 0.2560706401766004 2.090904174824053
907 0.2557883131201764 2.0910659177588906
908 0.2555066079295154 2.0912273628312334
909 0.2552255225522552 2.091388510961875
910 0.2549450549450549 2.0915493630675925
911 0.25466520307354557 2.091709920061172
912 0.2543859649122807 2.09187018285143
913 0.25410733844468786 2.092030152343236
914 0.2538293216630197 2.0921898294375345
915 0.253551912568306 2.0923492150313665
916 0.25436681222707425 2.0918811772494346
917 0.25408942202835333 2.092040440780913
918 0.25381263616557737 2.0921994144767218
919 0.2546245919477693 2.091733224354285
920 0.2543478260869565 2.0918920763131448
921 0.254071661237785 2.0920506400871175
922 0.25379609544468545 2.092208916553737
923 0.2535211267605634 2.092366906586771
924 0.2532467532467532 2.0925246110562385
925 0.252972972972973 2.0926820308284313
926 0.25377969762419006 2.0922183367410634
927 0.2535059331175836 2.092375638117451
928 0.25323275862068967 2.0925326564030438
929 0.2529601722282024 2.092689392452927
930 0.2537634408602151 2.092227676092776
931 0.2534908700322234 2.092384294789447
932 0.2532188841201717 2.092540632836116
933 0.2540192926045016 2.092080714651098
934 0.25374732334047106 2.092236935644937
935 0.253475935828877 2.0923928775613527
936 0.2532051282051282 2.0925485412371287
937 0.2529348986125934 2.092703927505508
938 0.2537313432835821 2.092246116415978
939 0.2534611288604899 2.092401387375464
940 0.2542553191489362 2.0919451840970895
941 0.25398512221041447 2.0921003393263953
942 0.2537154989384289 2.092255219407074
943 0.2545068928950159 2.0918007717058402
944 0.2542372881355932 2.0919555363556936
945 0.25502645502645505 2.091502672989395
946 0.2547568710359408 2.0916573218031456
947 0.25448785638859556 2.0918116977013197
948 0.2542194092827004 2.0919658014923677
949 0.25395152792413067 2.0921196339813632
950 0.2536842105263158 2.0922731959700185
951 0.25341745531019977 2.0924264882567067
952 0.25315126050420167 2.092579511636476
953 0.2528856243441763 2.0927322669010704
954 0.2526205450733753 2.0928847548389466
955 0.2523560209424084 2.0930369762352914
956 0.252092050209205 2.0931889318720396
957 0.25182863113897597 2.0933406225278905
958 0.25156576200417535 2.0934920489783275
959 0.2523461939520334 2.093042632231175
960 0.2520833333333333 2.0931939506699595
961 0.2518210197710718 2.093345006338725
962 0.2515592515592516 2.0934958000032813
963 0.2512980269989616 2.0936463324262924
964 0.25103734439834025 2.093796604367291
965 0.25077720207253884 2.0939466165826977
966 0.2505175983436853 2.0940963698258335
967 0.250258531540848 2.09424586484694
968 0.25 2.0943951023931957
969 0.24974200206398348 2.094544083208728
970 0.24948453608247423 2.0946928080346336
971 0.24922760041194644 2.094841277608994
972 0.24897119341563786 2.0949894926668895
973 0.24871531346351491 2.0951374539404157
974 0.24845995893223818 2.0952851621587003
975 0.24923076923076923 2.0948394462044884
976 0.2489754098360656 2.0949870549692315
977 0.24872057318321392 2.0951344120221416
978 0.24846625766871167 2.0952815180834357
979 0.24923391215526047 2.094837629773177
980 0.24897959183673468 2.094984637184776
981 0.24974515800203873 2.094542260503445
982 0.2494908350305499 2.0946891688459894
983 0.25025432349949134 2.094248293530943
984 0.25 2.0943951023931957
985 0.24974619289340103 2.0945416628058218
986 0.24949290060851928 2.094687975474376
987 0.24924012158054712 2.0948340411015858
988 0.25 2.0943951023931957
989 0.25075834175935285 2.0939574944767143
990 0.2505050505050505 2.0941036093948817
991 0.25025227043390513 2.094249478468994
992 0.25 2.0943951023931957
993 0.2497482376636455 2.0945404818588687
994 0.24949698189134809 2.0946856175546453
995 0.25025125628140704 2.094250063793859
996 0.25 2.0943951023931957
997 0.24974924774322968 2.0945398984935846
998 0.250501002004008 2.0941059452334976
999 0.25125125125125125 2.0936732927527464
1000 0.251 2.0938181360001726
