# parameters:
#  num_nodes=4, total_iters=2658, ntest=20, copies=21
#  phase_average=2.1115347763547287, failure_threshold=0.1
# columns:
#  iteration   running_frequency   running_estimation
1 1.0 1.5707963267948966
2 0.5 1.9634954084936207
3 0.6666666666666666 1.8785361811300902
4 0.75 1.8325957145940461
5 0.8 1.8026201312952996
6 0.8333333333333334 1.781063494436879
7 0.7142857142857143 1.8527676474752108
8 0.75 1.8325957145940461
9 0.6666666666666666 1.8785361811300902
10 0.6 1.913155928296038
11 0.6363636363636364 1.8944387508027227
12 0.5833333333333334 1.9216333886886985
13 0.6153846153846154 1.9052783639291002
14 0.6428571428571429 1.8910574831346088
15 0.6666666666666666 1.8785361811300902
16 0.625 1.900325344708101
17 0.6470588235294118 1.8888623581974016
18 0.6111111111111112 1.907472135418278
19 0.5789473684210527 1.9238558383341957
20 0.6 1.913155928296038
21 0.6190476190476191 1.9033943543013059
22 0.6363636363636364 1.8944387508027227
23 0.6521739130434783 1.8861819832117406
24 0.625 1.900325344708101
25 0.64 1.8925468811915387
26 0.6153846153846154 1.9052783639291002
27 0.5925925925925926 1.9169303325994815
28 0.6071428571428571 1.9095052838223816
29 0.5862068965517241 1.9201754993892355
30 0.5666666666666667 1.9300625111411354
31 0.5483870967741935 1.9392639369836184
32 0.53125 1.947860218044498
33 0.5151515151515151 1.955918491002074
34 0.5294117647058824 1.9487810320068504
35 0.5428571428571428 1.9420405108671468
36 0.5555555555555556 1.9356601549083798
37 0.5675675675675675 1.929607946648639
38 0.5789473684210527 1.9238558383341957
39 0.5641025641025641 1.9313556684832642
40 0.55 1.9384535532032308
41 0.5365853658536586 1.9451863630777146
42 0.5238095238095238 1.9515861428375199
43 0.5116279069767442 1.957680930814793
44 0.5 1.9634954084936207
45 0.4888888888888889 1.9690514213981876
46 0.4782608695652174 1.9743684011911498
47 0.48936170212765956 1.9688149588356159
48 0.4791666666666667 1.9739150915992651
49 0.4897959183673469 1.9685978035371643
50 0.5 1.9634954084936207
51 0.5098039215686274 1.958593133547506
52 0.5 1.9634954084936207
53 0.5094339622641509 1.958778147443606
54 0.5185185185185185 1.9542340310405977
55 0.509090909090909 1.9589497034726366
56 0.5178571428571429 1.954564937894101
57 0.5087719298245614 1.9591092185596668
58 0.5172413793103449 1.954873009503201
59 0.5084745762711864 1.9592579174548388
60 0.5 1.9634954084936207
61 0.4918032786885246 1.9675939527405244
62 0.4838709677419355 1.9715613239106824
63 0.47619047619047616 1.9754046741497215
64 0.484375 1.9713091806184946
65 0.49230769230769234 1.9673417140779819
66 0.48484848484848486 1.9710723259851675
67 0.47761194029850745 1.9746931822097826
68 0.47058823529411764 1.978209784980391
69 0.463768115942029 1.981627242565028
70 0.45714285714285713 1.9849503061200946
71 0.4647887323943662 1.9811156269032242
72 0.4722222222222222 1.97739145181385
73 0.4657534246575342 1.980632112954858
74 0.47297297297297297 1.9770155113971648
75 0.4666666666666667 1.980174445596177
76 0.4605263157894737 1.983252810575805
77 0.4675324675324675 1.979740604877622
78 0.46153846153846156 1.9827451936578266
79 0.46835443037974683 1.979328776126404
80 0.475 1.9760006226950633
81 0.4691358024691358 1.9789373244998267
82 0.47560975609756095 1.9756953720862862
83 0.4819277108433735 1.9725335217454
84 0.47619047619047616 1.9754046741497215
85 0.4823529411764706 1.9723207708076298
86 0.47674418604651164 1.9751275120599927
87 0.47126436781609193 1.9778711457186107
88 0.4659090909090909 1.9805540974489155
89 0.4606741573033708 1.9831786592437326
90 0.45555555555555555 1.9857469990887575
91 0.46153846153846156 1.9827451936578266
92 0.45652173913043476 1.9852620290804697
93 0.46236559139784944 1.9823304260611723
94 0.4574468085106383 1.9847977730567836
95 0.4631578947368421 1.9819331710800276
96 0.4583333333333333 1.9843529301462746
97 0.4536082474226804 1.9867246957386477
98 0.45918367346938777 1.9839263062929975
99 0.46464646464646464 1.9811869385432714
100 0.47 1.9785044231049405
101 0.4752475247524752 1.975876706857544
102 0.4803921568627451 1.9733018446624038
103 0.47572815533980584 1.9756361022479763
104 0.47115384615384615 1.9779264983914189
105 0.4666666666666667 1.980174445596177
106 0.46226415094339623 1.98238129096777
107 0.45794392523364486 1.9845483201984517
108 0.4537037037037037 1.9866767612495349
109 0.44954128440366975 1.9887677877588619
110 0.44545454545454544 1.9908225221979965
111 0.44144144144144143 1.9928420388011547
112 0.44642857142857145 1.9903326375190877
113 0.45132743362831856 1.9878702919144062
114 0.45614035087719296 1.9854534546981966
115 0.45217391304347826 1.9874450676817952
116 0.4482758620689655 1.9894038283723032
117 0.4444444444444444 1.9913306620788618
118 0.4406779661016949 1.9932264567579405
119 0.44537815126050423 1.9908609489568065
120 0.44166666666666665 1.9927286488592153
121 0.4462809917355372 1.9904068557743257
122 0.4426229508196721 1.9922472733036392
123 0.43902439024390244 1.9940592932535661
124 0.4435483870967742 1.991781527934803
125 0.448 1.9895425074289448
126 0.4444444444444444 1.9913306620788618
127 0.44881889763779526 1.9891308614372463
128 0.453125 1.9869673772704999
129 0.4496124031007752 1.9887320462003812
130 0.45384615384615384 1.9866052298315213
131 0.45038167938931295 1.9883454700494447
132 0.45454545454545453 1.9862541030029746
133 0.45864661654135336 1.984195745920359
134 0.4626865671641791 1.9821694855227354
135 0.4666666666666667 1.980174445596177
136 0.4632352941176471 1.9818943661249135
137 0.45985401459854014 1.9835900317683755
138 0.45652173913043476 1.9852620290804697
139 0.45323741007194246 1.9869109241993015
140 0.45 1.9885372637840106
141 0.45390070921985815 1.9865778353231507
142 0.4507042253521127 1.988183402280936
143 0.44755244755244755 1.9897675143593052
144 0.4444444444444444 1.9913306620788618
145 0.4413793103448276 1.992873319851482
146 0.4383561643835616 1.9943959466766676
147 0.4421768707482993 1.9924718082340176
148 0.4391891891891892 1.993976275826174
149 0.4429530201342282 1.9920811475293654
150 0.44666666666666666 1.990212903736317
151 0.44370860927152317 1.991700902795859
152 0.4407894736842105 1.9931703071209408
153 0.4444444444444444 1.9913306620788618
154 0.44155844155844154 1.9927831341797375
155 0.43870967741935485 1.9942178391790286
156 0.4358974358974359 1.9956351485039772
157 0.43312101910828027 1.9970354224389018
158 0.43670886075949367 1.995226103218172
159 0.44025157232704404 1.9934411812435953
160 0.44375 1.991680075114136
161 0.4409937888198758 1.993067428146068
162 0.4444444444444444 1.9913306620788618
163 0.44171779141104295 1.99270291088018
164 0.43902439024390244 1.9940592932535661
165 0.43636363636363634 1.9954001228914646
166 0.43373493975903615 1.996725704581134
167 0.437125748502994 1.9950159802941005
168 0.43452380952380953 1.9963278015874482
169 0.4319526627218935 1.9976249920146112
170 0.4294117647058823 1.9989078302713374
171 0.4327485380116959 1.997223361266332
172 0.436046511627907 1.995559991868759
173 0.43352601156069365 1.9968311013348592
174 0.43103448275862066 1.9980884528398974
175 0.4342857142857143 1.9964478870850029
176 0.4318181818181818 1.9976928652246821
177 0.4293785310734463 1.9989246152782532
178 0.43258426966292135 1.9973062504885175
179 0.4301675977653631 1.9985261318104404
180 0.42777777777777776 1.9997332849944287
181 0.425414364640884 2.0009279367799686
182 0.42857142857142855 1.9993323007199622
183 0.4262295081967213 2.0005158042953703
184 0.42391304347826086 2.001687266389908
185 0.42702702702702705 2.0001126808547953
186 0.43010752688172044 1.9985564648079108
187 0.42780748663101603 1.99971827320292
188 0.4308510638297872 1.9981810497279815
189 0.42857142857142855 1.9993323007199622
190 0.4263157894736842 2.000472186866424
191 0.42408376963350786 2.0016008997315557
192 0.4270833333333333 2.0000842232298206
193 0.42487046632124353 2.001202985987791
194 0.42783505154639173 1.999704344854206
195 0.4307692307692308 1.9982223637300296
196 0.42857142857142855 1.9993323007199622
197 0.43147208121827413 1.9978675556709913
198 0.43434343434343436 1.9964187747480546
199 0.4321608040201005 1.9975199470099603
200 0.43 1.9986107621710847
201 0.43283582089552236 1.9971793201530292
202 0.43564356435643564 1.9957631447477766
203 0.43842364532019706 1.994361947109701
204 0.4411764705882353 1.992975446499933
205 0.44390243902439025 1.9916033699792592
206 0.441747572815534 1.9926879180260442
207 0.4396135265700483 1.9937625314996934
208 0.4423076923076923 1.9924059566226942
209 0.4449760765550239 1.9910632057769662
210 0.44761904761904764 1.9897340298367734
211 0.44549763033175355 1.990800850520431
212 0.44339622641509435 1.9918580991982635
213 0.4413145539906103 1.9929059231281152
214 0.4392523364485981 1.9939444663057004
215 0.4418604651162791 1.9926310856059555
216 0.4398148148148148 1.9936611477442097
217 0.4377880184331797 1.9946822239386073
218 0.43577981651376146 1.9956944484607164
219 0.4383561643835616 1.9943959466766676
220 0.43636363636363634 1.9954001228914646
221 0.4343891402714932 1.996395722311148
222 0.43243243243243246 1.9973828703386025
223 0.4304932735426009 1.9983616897404182
224 0.4330357142857143 1.99707846209904
225 0.4311111111111111 1.9980497693329848
226 0.4336283185840708 1.9967794903815326
227 0.43612334801762115 1.995521255886787
228 0.43859649122807015 1.9942748631151794
229 0.4366812227074236 1.995240034353852
230 0.4391304347826087 1.994005872955818
231 0.44155844155844154 1.9927831341797375
232 0.44396551724137934 1.9915716307011213
233 0.44206008583690987 1.992530595927832
234 0.4444444444444444 1.9913306620788618
235 0.44680851063829785 1.9901415758979386
236 0.4449152542372881 1.9910938029804797
237 0.4430379746835443 1.992038391473037
238 0.44537815126050423 1.9908609489568065
239 0.4476987447698745 1.9896939611126936
240 0.44583333333333336 1.9906319990755712
241 0.44398340248962653 1.9915626314034534
242 0.4462809917355372 1.9904068557743257
243 0.4444444444444444 1.9913306620788618
244 0.4426229508196721 1.9922472733036392
245 0.4448979591836735 1.9911025034855552
246 0.44715447154471544 1.9899676146795957
247 0.44534412955465585 1.9908780622971223
248 0.4435483870967742 1.991781527934803
249 0.44176706827309237 1.992678103483875
250 0.444 1.9915542800878907
251 0.44223107569721115 1.9924445228594596
252 0.4444444444444444 1.9913306620788618
253 0.4426877470355731 1.9922146599938473
254 0.4448818897637795 1.9911105874494939
255 0.44313725490196076 1.9919884266343262
256 0.44140625 1.9928597565268558
257 0.44357976653696496 1.9917657373055453
258 0.4418604651162791 1.9926310856059555
259 0.444015444015444 1.9915465092008788
260 0.4461538461538462 1.9904707995648856
261 0.4482758620689655 1.9894038283723032
262 0.44656488549618323 1.990264086889033
263 0.4448669201520912 1.9911181181644182
264 0.44696969696969696 1.9900605241786549
265 0.4490566037735849 1.9890113836937906
266 0.45112781954887216 1.9879705772012939
267 0.45318352059925093 1.9869379876943103
268 0.45149253731343286 1.9877873474804804
269 0.45353159851301117 1.986763186505927
270 0.45555555555555555 1.9857469990887575
271 0.45387453874538747 1.986590976565522
272 0.4522058823529412 1.9874290094464664
273 0.45054945054945056 1.9882611697603663
274 0.45255474452554745 1.9872537818418357
275 0.4509090909090909 1.9880804701015862
276 0.4528985507246377 1.9870811052212578
277 0.45126353790613716 1.987902392431684
278 0.45323741007194246 1.9869109241993015
279 0.45161290322580644 1.987726880003623
280 0.45357142857142857 1.986743184984665
281 0.4555160142348754 1.9857668483916737
282 0.4574468085106383 1.9847977730567836
283 0.4558303886925795 1.9856090397916248
284 0.45422535211267606 1.9864148244430717
285 0.45614035087719296 1.9854534546981966
286 0.45454545454545453 1.9862541030029746
287 0.4564459930313589 1.9853000463869792
288 0.4548611111111111 1.9860956230415594
289 0.4532871972318339 1.9868859211457315
290 0.4517241379310345 1.987671000979015
291 0.4536082474226804 1.9867246957386477
292 0.4554794520547945 1.9857852023244233
293 0.45733788395904434 1.984852434159161
294 0.4557823129251701 1.9856331721248568
295 0.4542372881355932 1.9864088312701322
296 0.4527027027027027 1.987179468477157
297 0.4511784511784512 1.987945139706921
298 0.45302013422818793 1.9870200426271882
299 0.45484949832775917 1.9861014532462888
300 0.45666666666666667 1.9851892907063482
301 0.4584717607973422 1.9842834756357297
302 0.45695364238410596 1.9850452645173653
303 0.45874587458745875 1.9841459466913718
304 0.4605263157894737 1.983252810575805
305 0.46229508196721314 1.9823657812576037
306 0.46405228758169936 1.9814847851646487
307 0.46254071661237783 1.982242615518855
308 0.461038961038961 1.9829956958337231
309 0.459546925566343 1.983744077458663
310 0.45806451612903226 1.9844878109390889
311 0.45980707395498394 1.983613578201524
312 0.46153846153846156 1.9827451936578266
313 0.46325878594249204 1.9818825883510294
314 0.46496815286624205 1.9810256945249827
315 0.4666666666666667 1.980174445596177
316 0.46835443037974683 1.979328776126404
317 0.4668769716088328 1.9800690601521256
318 0.46540880503144655 1.9808048324850436
319 0.4670846394984326 1.9799649990498203
320 0.46875 1.9791305989427435
321 0.4672897196261682 1.9798622374635226
322 0.468944099378882 1.9790333603277732
323 0.47058823529411764 1.978209784980391
324 0.4722222222222222 1.97739145181385
325 0.47384615384615386 1.9765783022080374
326 0.4723926380368098 1.97730611291649
327 0.4740061162079511 1.9764982120546488
328 0.4725609756097561 1.977221816318965
329 0.47112462006079026 1.977941135842644
330 0.4696969696969697 1.9786562145014996
331 0.47129909365558914 1.9778537540880483
332 0.47289156626506024 1.977056274526187
333 0.4744744744744745 1.9762637215077474
334 0.47604790419161674 1.975476041596592
335 0.47761194029850745 1.9746931822097826
336 0.47619047619047616 1.9754046741497215
337 0.47477744807121663 1.976112039262366
338 0.47337278106508873 1.9768153189832676
339 0.4749262536873156 1.9760375421660623
340 0.47352941176470587 1.976736892998887
341 0.47214076246334313 1.9774322448792783
342 0.47368421052631576 1.976659385559013
343 0.47230320699708456 1.9773508969759936
344 0.47093023255813954 1.9780384931774642
345 0.46956521739130436 1.978722212503024
346 0.4682080924855491 1.9794020927470222
347 0.4668587896253602 1.9800781711688753
348 0.46551724137931033 1.9807504845031367
349 0.4670487106017192 1.979983002594059
350 0.4685714285714286 1.9792200605600474
351 0.4700854700854701 1.9784616111509423
352 0.46875 1.9791305989427435
353 0.46742209631728043 1.9797959075997218
354 0.4689265536723164 1.9790421501620843
355 0.4704225352112676 1.978292779547346
356 0.47191011235955055 1.9775477508583588
357 0.4733893557422969 1.9768070198753613
358 0.4748603351955307 1.9760705430422214
359 0.4735376044568245 1.9767327909019623
360 0.475 1.9760006226950633
361 0.47368421052631576 1.976659385559013
362 0.4723756906077348 1.9773145995853656
363 0.4738292011019284 1.976586790207628
364 0.47527472527472525 1.9758630899187462
365 0.473972602739726 1.9765149915085398
366 0.47540983606557374 1.9757954522251886
367 0.47411444141689374 1.9764439764139161
368 0.47554347826086957 1.9757285506103828
369 0.4742547425474255 1.976373732159438
370 0.4756756756756757 1.9756623731188716
371 0.4743935309973046 1.9763042462566385
372 0.4731182795698925 1.976942752296981
373 0.4718498659517426 1.9775779218145333
374 0.4732620320855615 1.9768707724908898
375 0.472 1.9775027361724917
376 0.47074468085106386 1.9781314272384791
377 0.47214854111405835 1.9774283495042209
378 0.47354497354497355 1.976729101188199
379 0.47229551451187335 1.9773547491348613
380 0.47368421052631576 1.976659385559013
381 0.47506561679790027 1.975967773316508
382 0.4738219895287958 1.9765904009450168
383 0.4751958224543081 1.9759025898086526
384 0.4765625 1.9752184542769413
385 0.4753246753246753 1.975838084363103
386 0.47668393782383417 1.975157668893278
387 0.4754521963824289 1.9757742464501877
388 0.47680412371134023 1.9750975108423745
389 0.4755784061696658 1.9757110657572208
390 0.47435897435897434 1.9763215473096707
391 0.4731457800511509 1.9769289821609903
392 0.4719387755102041 1.977533396636111
393 0.4707379134860051 1.9781348167292794
394 0.46954314720812185 1.9787332681095908
395 0.46835443037974683 1.979328776126404
396 0.4671717171717172 1.979921365814643
397 0.46851385390428213 1.9792489050372346
398 0.46733668341708545 1.9798387052292752
399 0.46867167919799496 1.9791698362466976
400 0.47 1.9785044231049405
401 0.4713216957605985 1.977842434385834
402 0.4701492537313433 1.9784296622179314
403 0.46898263027295284 1.9790140576573703
404 0.47029702970297027 1.9783556428550475
405 0.4691358024691358 1.9789373244998267
406 0.47044334975369456 1.9782823540319705
407 0.4692874692874693 1.9788613469117027
408 0.47058823529411764 1.978209784980391
409 0.4718826405867971 1.9775615084938654
410 0.47317073170731705 1.976916488316806
411 0.4720194647201946 1.9774929885267234
412 0.470873786407767 1.9780667641669696
413 0.46973365617433416 1.978637837522496
414 0.46859903381642515 1.9792062306133462
415 0.4674698795180723 1.9797719651988481
416 0.46634615384615385 1.980335062781724
417 0.46522781774580335 1.9808955446121175
418 0.4665071770334928 1.9802543690713281
419 0.46539379474940334 1.9808123556592112
420 0.4666666666666667 1.980174445596177
421 0.4655581947743468 1.9807299589933747
422 0.466824644549763 1.9800952813725055
423 0.4657210401891253 1.9806483433408149
424 0.4669811320754717 1.9800168656245547
425 0.46588235294117647 1.9805674976407888
426 0.4647887323943662 1.9811156269032242
427 0.46604215456674475 1.9804874110405897
428 0.4649532710280374 1.9810331537828618
429 0.46386946386946387 1.9815764354053595
430 0.46511627906976744 1.9809514497394614
431 0.46635730858468677 1.9803294727399356
432 0.4652777777777778 1.9808705040566035
433 0.4665127020785219 1.9802516003310817
434 0.46774193548387094 1.97963565082299
435 0.4666666666666667 1.980174445596177
436 0.46788990825688076 1.979561510685873
437 0.4691075514874142 1.9789514770044718
438 0.4703196347031963 1.9783443203736135
439 0.46924829157175396 1.9788809728766472
440 0.4681818181818182 1.9794152565578755
441 0.4671201814058957 1.9799471895054663
442 0.4660633484162896 1.980476789606926
443 0.4650112866817156 1.9810040745520618
444 0.46621621621621623 1.9804001798363886
445 0.46741573033707867 1.9797990973690807
446 0.4663677130044843 1.9803242587175247
447 0.465324384787472 1.980847144232702
448 0.46651785714285715 1.9802490169994043
449 0.46547884187082406 1.9807697301314775
450 0.4666666666666667 1.980174445596177
451 0.4678492239467849 1.9795818949725061
452 0.4668141592920354 1.9801005355834036
453 0.46578366445916114 1.9806169574942132
454 0.4669603524229075 1.9800272781944852
455 0.46813186813186813 1.9794402823861383
456 0.46710526315789475 1.9799546648171855
457 0.4660831509846827 1.9804668654504796
458 0.4672489082969432 1.979882686990247
459 0.4684095860566449 1.9793011429830338
460 0.46956521739130436 1.978722212503024
461 0.47071583514099785 1.9781458748698446
462 0.47186147186147187 1.9775721096446848
463 0.4708423326133909 1.9780825178446295
464 0.4698275862068966 1.9785907864925014
465 0.46881720430107526 1.9790969311119708
466 0.4699570815450644 1.9785259211192097
467 0.4689507494646681 1.9790300288538425
468 0.4700854700854701 1.9784616111509423
469 0.47121535181236673 1.977895694364742
470 0.4723404255319149 1.9773322591304334
471 0.4713375796178344 1.977834479368564
472 0.4724576271186441 1.977273568846576
473 0.4714587737843552 1.9777737828965472
474 0.4704641350210971 1.978271943205458
475 0.4694736842105263 1.9787680643714096
476 0.47058823529411764 1.978209784980391
477 0.469601677148847 1.9787039487989846
478 0.4686192468619247 1.9791961041138684
479 0.46764091858037576 1.9796862650520626
480 0.4666666666666667 1.980174445596177
481 0.4677754677754678 1.9796188497112477
482 0.46887966804979253 1.979065638444483
483 0.4699792960662526 1.9785147937687486
484 0.47107438016528924 1.9779662978581591
485 0.47010309278350515 1.9784527839986152
486 0.4691358024691358 1.9789373244998267
487 0.4681724845995893 1.9794199328298632
488 0.4692622950819672 1.9788739578472505
489 0.4703476482617587 1.978330288874512
490 0.4714285714285714 1.9777889087637865
491 0.4725050916496945 1.9772498005554466
492 0.4715447154471545 1.977730742097004
493 0.4726166328600406 1.977193945779914
494 0.47368421052631576 1.976659385559013
495 0.4727272727272727 1.9771385430322903
496 0.4717741935483871 1.9776158182863415
497 0.47283702213279677 1.977083586844656
498 0.4718875502008032 1.9775590497968414
499 0.4709418837675351 1.9780326577058305
500 0.47 1.9785044231049405
501 0.47105788423153694 1.977974559669696
502 0.4701195219123506 1.9784445547180425
503 0.4711729622266402 1.9779169244193
504 0.47023809523809523 1.978385162325199
505 0.47128712871287126 1.9778597464439867
506 0.47035573122529645 1.9783262402688462
507 0.46942800788954636 1.97879094527909
508 0.468503937007874 1.9792538733492777
509 0.4675834970530452 1.979715036239365
510 0.4666666666666667 1.980174445596177
511 0.46771037181996084 1.9796514656347879
512 0.466796875 1.9801091968377165
513 0.46588693957115007 1.9805651989689075
514 0.4669260700389105 1.9800444569718656
515 0.46601941747572817 1.980498805913773
516 0.46511627906976744 1.9809514497394614
517 0.46421663442940037 1.9814023995156775
518 0.46525096525096526 1.9808839427886118
519 0.464354527938343 1.9813332761991818
520 0.4653846153846154 1.9808169563773068
521 0.46449136276391556 1.9812646849302271
522 0.46360153256704983 1.9817107548147428
523 0.4627151051625239 1.98215517665423
524 0.4618320610687023 1.9825979609732645
525 0.46285714285714286 1.9820839602815479
526 0.4619771863117871 1.9825251868159102
527 0.46110056925996207 1.9829647979253653
528 0.4621212121212121 1.9824529655752492
529 0.46313799621928164 1.9819431474730675
530 0.4641509433962264 1.9814353296265024
531 0.4632768361581921 1.9818735387898325
532 0.462406015037594 1.982310156804902
533 0.4634146341463415 1.9818044539095268
534 0.46254681647940077 1.982239556991228
535 0.4616822429906542 1.9826730900898972
536 0.4608208955223881 1.9831050629956262
537 0.4618249534450652 1.9826015251868276
538 0.46096654275092935 1.983032015615469
539 0.4601113172541744 1.9834609664078247
540 0.45925925925925926 1.9838883870767356
541 0.4584103512014787 1.984314287049752
542 0.4575645756457565 1.9847386756701504
543 0.4567219152854512 1.9851615621979344
544 0.45588235294117646 1.9855829558108224
545 0.45504587155963305 1.9860028656052202
546 0.45604395604395603 1.9855018390361874
547 0.4570383912248629 1.9850027324923598
548 0.4562043795620438 1.9854213166521981
549 0.4553734061930783 1.9858384372118314
550 0.45636363636363636 1.9853413821411663
551 0.455535390199637 1.985757121855422
552 0.45471014492753625 1.9861714166655677
553 0.45569620253164556 1.9856763970110056
554 0.4566787003610108 1.985183251140822
555 0.45765765765765765 1.9846919665057543
556 0.45863309352517984 1.984202530681151
557 0.4578096947935368 1.984615674867623
558 0.45878136200716846 1.9841281423277244
559 0.45796064400715564 1.9845399310950196
560 0.45714285714285713 1.9849503061200946
561 0.4563279857397504 1.9853592757829823
562 0.45729537366548045 1.9848737671800745
563 0.4564831261101243 1.9852814090652602
564 0.4574468085106383 1.9847977730567836
565 0.45663716814159294 1.9852040957127106
566 0.4575971731448763 1.984722317946686
567 0.4585537918871252 1.9842423181664637
568 0.45774647887323944 1.9846473961284805
569 0.45694200351493847 1.9850511056451756
570 0.45789473684210524 1.9845730019616488
571 0.45709281961471104 1.9849754174079115
572 0.458041958041958 1.9844991298850312
573 0.45898778359511344 1.9840245808020551
574 0.45818815331010454 1.9844257744154359
575 0.4591304347826087 1.983953014893244
576 0.4600694444444444 1.9834819698271615
577 0.4592720970537262 1.9838819467713165
578 0.4602076124567474 1.983412665228448
579 0.46113989637305697 1.9829450746495627
580 0.46206896551724136 1.9824791642693644
581 0.4629948364888124 1.9820149234240527
582 0.46219931271477666 1.9824138029677585
583 0.4614065180102916 1.9828113621514887
584 0.4623287671232877 1.982348890628619
585 0.46324786324786327 1.981888064507475
586 0.4641638225255973 1.981428873452044
587 0.46337308347529815 1.9818252851481843
588 0.4642857142857143 1.9813677709650008
589 0.46519524617996605 1.9809118699580697
590 0.4661016949152542 1.9804575720909747
591 0.4653130287648054 1.9808528359524549
592 0.46621621621621623 1.9804001798363886
593 0.4671163575042159 1.9799491056041991
594 0.4663299663299663 1.9803431749449065
595 0.46554621848739497 1.980735961399311
596 0.4664429530201342 1.9802865535050629
597 0.46733668341708545 1.9798387052292752
598 0.4665551839464883 1.9802303116579179
599 0.4657762938230384 1.9806206514738018
600 0.465 1.9810097317656332
601 0.46422628951747086 1.9813975595644595
602 0.4634551495016611 1.9817841418442947
603 0.46434494195688225 1.981338081419783
604 0.4652317880794702 1.9808935546278035
605 0.4644628099173554 1.9812789975206742
606 0.46534653465346537 1.9808360425874199
607 0.4645799011532125 1.9812203039569563
608 0.4654605263157895 1.9807789098258421
609 0.4663382594417077 1.9803390189576089
610 0.46557377049180326 1.9807221526005399
611 0.46481178396072015 1.9811040724520474
612 0.46568627450980393 1.9806657672180983
613 0.466557911908646 1.9802289446154342
614 0.46742671009771986 1.9797935957978572
615 0.4682926829268293 1.9793597119972248
616 0.4675324675324675 1.979740604877622
617 0.4683954619124797 1.9793082191990472
618 0.46763754045307443 1.979687957664507
619 0.46849757673667203 1.9792570598144013
620 0.46774193548387094 1.97963565082299
621 0.4669887278582931 1.9800130594266077
622 0.4662379421221865 1.9803892920174937
623 0.46709470304975925 1.9799599563388832
624 0.46634615384615385 1.980335062781724
625 0.4672 1.9799071938477284
626 0.46645367412140576 1.9802811808446033
627 0.46730462519936206 1.9798547686844596
628 0.4681528662420382 1.9794297619547794
629 0.46899841017488075 1.9790061524887308
630 0.46825396825396826 1.9793791084212222
631 0.46909667194928684 1.9789569271898497
632 0.46835443037974683 1.979328776126404
633 0.4676145339652449 1.979699485096993
634 0.46845425867507884 1.979278762022064
635 0.4692913385826772 1.978859408604451
636 0.46855345911949686 1.9792290630984117
637 0.46781789638932497 1.9795975912661938
638 0.46865203761755486 1.9791796763835228
639 0.4679186228482003 1.9795471237185431
640 0.4671875 1.9799134573444475
641 0.46801872074882994 1.9794969717498971
642 0.4672897196261682 1.9798622374635226
643 0.4665629860031104 1.9802264018752265
644 0.4658385093167702 1.9805894707325593
645 0.4666666666666667 1.980174445596177
646 0.46594427244582043 1.9805364656922824
647 0.4652241112828439 1.9808974023419015
648 0.4645061728395062 1.981257261155865
649 0.4637904468412943 1.9816160477027707
650 0.46307692307692305 1.9819737675094071
651 0.46390168970814133 1.981560280290244
652 0.46319018404907975 1.9819169824557474
653 0.46248085758039814 1.9822726295195883
654 0.463302752293578 1.9818605456546994
655 0.46412213740458014 1.9814497698158158
656 0.4649390243902439 1.9810402946724341
657 0.4657534246575342 1.980632112954858
658 0.46656534954407297 1.980225217453518
659 0.4673748103186646 1.9798196010182982
660 0.4666666666666667 1.980174445596177
661 0.4659606656580938 1.9805282500162251
662 0.4652567975830816 1.9808810195556155
663 0.4645550527903469 1.9812327594525987
664 0.463855421686747 1.9815834749068866
665 0.4631578947368421 1.9819331710800276
666 0.46396396396396394 1.9815290618358916
667 0.46476761619190404 1.9811262112986316
668 0.46407185628742514 1.9814749754397742
669 0.4648729446935725 1.9810734162058143
670 0.46567164179104475 1.9806731008750038
671 0.46497764530551416 1.9810209366160514
672 0.46577380952380953 1.9806218965436588
673 0.46656760772659733 1.9802240858295623
674 0.4658753709198813 1.9805709968087717
675 0.4666666666666667 1.980174445596177
676 0.46745562130177515 1.979779109449891
677 0.46824224519940916 1.9793849818033507
678 0.4690265486725664 1.9789920561424728
679 0.4698085419734904 1.9786003260050902
680 0.47058823529411764 1.978209784980391
681 0.4698972099853157 1.978555911192888
682 0.4706744868035191 1.9781665846391951
683 0.4699853587115666 1.978511756968469
684 0.4692982456140351 1.9788559485582784
685 0.47007299270072994 1.978467861043812
686 0.46938775510204084 1.9788111094506344
687 0.47016011644832606 1.9784242211576197
688 0.47093023255813954 1.9780384931774642
689 0.4716981132075472 1.9776539193792422
690 0.47246376811594204 1.9772704936798902
691 0.4732272069464544 1.9768882100437017
692 0.47398843930635837 1.9765070624818322
693 0.4733044733044733 1.9768495215225148
694 0.47262247838616717 1.9771910186246449
695 0.4719424460431655 1.977531558472868
696 0.47270114942528735 1.9771516241760045
697 0.4734576757532281 1.9767728115123044
698 0.47277936962750716 1.9771124558200357
699 0.47353361945636624 1.9767347861990192
700 0.47285714285714286 1.9770735116149631
701 0.47218259629101283 1.977411295469819
702 0.47293447293447294 1.9770347896411946
703 0.4722617354196302 1.9773716646993604
704 0.4715909090909091 1.9777076078418647
705 0.47092198581560285 1.978042623537358
706 0.4702549575070821 1.9783767162232955
707 0.4695898161244696 1.9787098903062268
708 0.4689265536723164 1.9790421501620843
709 0.4682651622002821 1.9793735001364663
710 0.46901408450704224 1.9789983002221558
711 0.469760900140647 1.978624190536248
712 0.4705056179775281 1.9782511654949515
713 0.46984572230014027 1.9785817018999887
714 0.469187675070028 1.9789113387274226
715 0.4699300699300699 1.9785394513950278
716 0.47067039106145253 1.978168636042116
717 0.4714086471408647 1.9777988872237058
718 0.47075208913649025 1.9781277167404965
719 0.4714881780250348 1.9777590567895604
720 0.4708333333333333 1.978087025157515
721 0.47156726768377255 1.9777194476881386
722 0.47229916897506924 1.9773529190922186
723 0.4730290456431535 1.9769874340985367
724 0.4723756906077348 1.9773145995853656
725 0.47172413793103446 1.9776408861408075
726 0.4724517906336088 1.9772764915275918
727 0.4731774415405777 1.9769131285611314
728 0.4725274725274725 1.9772385931726486
729 0.4732510288065844 1.9768762820169943
730 0.4726027397260274 1.9772009027934745
731 0.47332421340629277 1.9768396373840955
732 0.4726775956284153 1.9771634186819296
733 0.4733969986357435 1.9768031930065397
734 0.47411444141689374 1.9764439764139161
735 0.4748299319727891 1.9760857639283569
736 0.4741847826086957 1.976408758718565
737 0.47489823609226595 1.9760515686311027
738 0.47560975609756095 1.9756953720862862
739 0.476319350473613 1.9753401642217563
740 0.47702702702702704 1.974985940210271
741 0.4777327935222672 1.9746326952593631
742 0.477088948787062 1.974954946687034
743 0.47644683714670255 1.9752763496590897
744 0.4771505376344086 1.9749241199704755
745 0.47651006711409394 1.9752446996343864
746 0.4772117962466488 1.9748934587171156
747 0.4779116465863454 1.9745431806272442
748 0.4786096256684492 1.97419386072432
749 0.4779706275033378 1.9745136614270402
750 0.47733333333333333 1.9748326272978542
751 0.4780292942743009 1.9744842996054277
752 0.4773936170212766 1.974802454516197
753 0.4767596281540505 1.9751197826466111
754 0.47745358090185674 1.9747724419658526
755 0.4781456953642384 1.974426043088787
756 0.4775132275132275 1.9747425883734175
757 0.47820343461030385 1.9743971459223033
758 0.47757255936675463 1.9747128924789512
759 0.4769433465085639 1.9750278248641426
760 0.4763157894736842 1.975341946722301
761 0.4756898817345598 1.975655261674068
762 0.47506561679790027 1.975967773316508
763 0.4744429882044561 1.9762794852233156
764 0.47513089005235604 1.975935096138056
765 0.4745098039215686 1.9762460337520906
766 0.47389033942558745 1.9765561791834179
767 0.4745762711864407 1.976212756961132
768 0.4739583333333333 1.9765221359032061
769 0.47334200260078024 1.9768307301094918
770 0.474025974025974 1.976488269711097
771 0.47470817120622566 1.9761467219731363
772 0.47538860103626945 1.9758060826146284
773 0.47477360931435963 1.9761139610879677
774 0.4754521963824289 1.9757742464501877
775 0.47483870967741937 1.9760813695064372
776 0.47551546391752575 1.9757425745874309
777 0.4749034749034749 1.9760489459189694
778 0.47429305912596403 1.9763545484605574
779 0.47368421052631576 1.976659385559013
780 0.47435897435897434 1.9763215473096707
781 0.47503201024327785 1.9759845975551336
782 0.4744245524296675 1.9762887151846054
783 0.47381864623243936 1.9765920748893315
784 0.4732142857142857 1.9768946799459521
785 0.47388535031847134 1.9765586771457464
786 0.4732824427480916 1.9768605525474687
787 0.47395171537484115 1.9765254493808397
788 0.4746192893401015 1.9761912200720007
789 0.4740177439797212 1.976492390299654
790 0.47468354430379744 1.9761590512233025
791 0.4740834386852086 1.976459498620359
792 0.4734848484848485 1.9767592059825616
793 0.47414880201765447 1.9764267730740837
794 0.473551637279597 1.9767257646485143
795 0.4742138364779874 1.976394212404755
796 0.4748743718592965 1.9760635158272442
797 0.4755332496863237 1.9757336710291535
798 0.47619047619047616 1.9754046741497215
799 0.47684605757196497 1.9750765213540153
800 0.4775 1.9747492088326992
801 0.4781523096129838 1.9744227328018038
802 0.4775561097256858 1.974721125592087
803 0.47696139476961397 1.9750187911311983
804 0.47761194029850745 1.9746931822097826
805 0.47701863354037266 1.9749901413919733
806 0.47642679900744417 1.9752863798729323
807 0.4758364312267658 1.9755819006889193
808 0.4752475247524752 1.975876706857544
809 0.4746600741656366 1.9761708013779216
810 0.4740740740740741 1.976464187230822
811 0.4747225647348952 1.9761395159891504
812 0.47413793103448276 1.9764322158482437
813 0.4735547355473555 1.9767242133430438
814 0.4742014742014742 1.9764004017834045
815 0.47484662576687114 1.976077406442154
816 0.4742647058823529 1.9763687438774986
817 0.47368421052631576 1.976659385559013
818 0.4743276283618582 1.9763372409830788
819 0.47374847374847373 1.9766272094606863
820 0.47317073170731705 1.976916488316806
821 0.47381242387332523 1.9765951903438963
822 0.4732360097323601 1.9768838023295494
823 0.4738760631834751 1.9765633270620873
824 0.4733009708737864 1.9768512752395475
825 0.4727272727272727 1.9771385430322903
826 0.47336561743341404 1.9768189058903842
827 0.4727932285368803 1.9771055160787814
828 0.4722222222222222 1.97739145181385
829 0.47165259348612787 1.977676715847911
830 0.472289156626506 1.9773579329698574
831 0.4729241877256318 1.9770399397994447
832 0.4723557692307692 1.9773245755218074
833 0.4729891956782713 1.9770073881755865
834 0.4724220623501199 1.977291378306206
835 0.47305389221556887 1.9769749927153069
836 0.47248803827751196 1.9772583401707209
837 0.4731182795698925 1.976942752296981
838 0.4737470167064439 1.9766279389879475
839 0.47437425506555425 1.9763138968960443
840 0.475 1.9760006226950633
841 0.47443519619500596 1.9762833863290286
842 0.4750593824228028 1.9759708943883314
843 0.47568208778173193 1.975659163266231
844 0.47511848341232227 1.9759413071493492
845 0.4757396449704142 1.9756303506551014
846 0.475177304964539 1.9759118599759815
847 0.4757969303423849 1.9756016742731433
848 0.47523584905660377 1.9758825518755667
849 0.4746760895170789 1.9761627834052247
850 0.4752941176470588 1.9758533818648045
851 0.47591069330199764 1.975544726348797
852 0.4765258215962441 1.9752368136917833
853 0.4771395076201641 1.97492964074817
854 0.4765807962529274 1.9752092960913221
855 0.47719298245614034 1.974902875405754
856 0.477803738317757 1.9745971877450454
857 0.47841306884480744 1.9742922300252155
858 0.479020979020979 1.9739879991814255
859 0.47846332945285214 1.9742670763218193
860 0.4790697674418605 1.9739635835198945
861 0.4796747967479675 1.9736608110775182
862 0.4791183294663573 1.9739392812553063
863 0.4797219003476246 1.9736372398395623
864 0.4791666666666667 1.9739150915992651
865 0.4797687861271676 1.9736137776911327
866 0.4792147806004619 1.9738910137706698
867 0.4786620530565167 1.974167623068164
868 0.4792626728110599 1.973867046995628
869 0.4798619102416571 1.9735671776467412
870 0.4804597701149425 1.9732680121009265
871 0.4799081515499426 1.9735440382600613
872 0.4805045871559633 1.9732455864880287
873 0.47995418098510884 1.973521004981313
874 0.4805491990846682 1.973223263587472
875 0.48 1.973498077082118
876 0.4805936073059361 1.9732010426950366
877 0.4811858608893957 1.9729046993562718
878 0.48177676537585423 1.97260904424119
879 0.4812286689419795 1.9728832801955496
880 0.48068181818181815 1.973156904149702
881 0.4801362088535755 1.9734299184774222
882 0.48072562358276644 1.9731349851201956
883 0.4801812004530011 1.9734074049445978
884 0.4807692307692308 1.9731131653454528
885 0.48135593220338985 1.9728196039785095
886 0.481941309255079 1.9725267180971935
887 0.4813979706877114 1.972798570141455
888 0.48085585585585583 1.9730698208750574
889 0.4814398200224972 1.9727776310102785
890 0.48089887640449436 1.973048294851908
891 0.48035914702581367 1.9733183623081634
892 0.4798206278026906 1.973587835662838
893 0.48040313549832026 1.973296351121181
894 0.4798657718120805 1.9735652452938912
895 0.4793296089385475 1.973833550202753
896 0.47879464285714285 1.9741012680914376
897 0.4782608695652174 1.9743684011911498
898 0.47884187082405344 1.974077632889815
899 0.4794215795328142 1.9737875257343869
900 0.47888888888888886 1.9740541028275431
901 0.47835738068812433 1.9743201001575181
902 0.4778270509977827 1.9745855199145714
903 0.47729789590254706 1.974850364276891
904 0.4778761061946903 1.9745609682164826
905 0.47845303867403316 1.9742722264933215
906 0.47792494481236203 1.9745365250204978
907 0.47739801543550164 1.974800253058268
908 0.4779735682819383 1.9745121896087099
909 0.47854785478547857 1.9742247745497326
910 0.47912087912087914 1.9739380053149629
911 0.47859495060373214 1.9742012049850777
912 0.4791666666666667 1.9739150915992651
913 0.47973713033953996 1.9736296185779896
914 0.47921225382932164 1.973892278249419
915 0.47978142076502733 1.973607455197698
916 0.47925764192139736 1.973869564607248
917 0.4798255179934569 1.9735853885741825
918 0.4793028322440087 1.9738469500203193
919 0.47986942328618065 1.9735634180750468
920 0.47934782608695653 1.9738244338418816
921 0.4788273615635179 1.974084894028595
922 0.4793926247288503 1.9738020154308036
923 0.4788732394366197 1.9740619345428347
924 0.47943722943722944 1.9737796941515127
925 0.48 1.973498077082118
926 0.4794816414686825 1.9737574693739348
927 0.47896440129449835 1.974016313045936
928 0.4795258620689655 1.9737353404734352
929 0.48008611410118407 1.9734549856929506
930 0.4806451612903226 1.973175246316882
931 0.48012889366272826 1.9734335789636888
932 0.4796137339055794 1.9736913678319778
933 0.48017148981779206 1.9734122640827663
934 0.480728051391863 1.9731337703128198
935 0.4802139037433155 1.9733910404601631
936 0.4797008547008547 1.9736477713366423
937 0.48025613660619 1.9733699075109037
938 0.47974413646055436 1.9736261126383308
939 0.4802981895633653 1.9733488646550033
940 0.4797872340425532 1.9736045461802867
941 0.47927736450584485 1.973859694826591
942 0.47876857749469215 1.9741143125236875
943 0.4782608695652174 1.9743684011911498
944 0.4788135593220339 1.974091801348993
945 0.4793650793650794 1.9738157998408177
946 0.4788583509513742 1.9740693854443925
947 0.4783526927138332 1.9743224463440923
948 0.4778481012658228 1.9745749844259666
949 0.4773445732349842 1.974827001566173
950 0.4768421052631579 1.9750784996310482
951 0.4773922187171398 1.9748031543840086
952 0.47794117647058826 1.9745284012758162
953 0.4774396642182581 1.9747794073972607
954 0.4769392033542977 1.9750298986477308
955 0.47643979057591623 1.9752798768612698
956 0.47594142259414224 1.9755293438623927
957 0.47648902821316613 1.9752552307233178
958 0.477035490605428 1.9749817039489197
959 0.4765380604796663 1.975230687498352
960 0.47708333333333336 1.9749577573669161
961 0.47762747138397504 1.9746854088761674
962 0.4781704781704782 1.9744136398456047
963 0.4787123572170301 1.97414244810679
964 0.4782157676348548 1.9743909735456877
965 0.47772020725388603 1.974638994647021
966 0.4772256728778468 1.974886513188506
967 0.47776628748707345 1.9746159316699967
968 0.47830578512396693 1.9743459221989492
969 0.47781217750258 1.9745929639902968
970 0.477319587628866 1.9748395072275264
971 0.47785787847579814 1.9745700910182862
972 0.4783950617283951 1.974301241993429
973 0.4789311408016444 1.9740329580529234
974 0.4784394250513347 1.9742790396379104
975 0.47897435897435897 1.9740113297960014
976 0.47950819672131145 1.9737441805681377
977 0.4790174002047083 1.9739897901670191
978 0.4785276073619632 1.9742349076009493
979 0.4780388151174668 1.9744795345833512
980 0.4775510204081633 1.9747236728189448
981 0.4780835881753313 1.9744571264734856
982 0.4786150712830957 1.9741911354225767
983 0.47812817904374366 1.9744348096337478
984 0.47764227642276424 1.9746779989401777
985 0.4781725888324873 1.9744125835074677
986 0.4776876267748479 1.9746553011069925
987 0.47720364741641336 1.9748975373720614
988 0.4777327935222672 1.9746326952593631
989 0.47724974721941354 1.9748744635248574
990 0.4777777777777778 1.9746101808390635
991 0.4772956609485368 1.9748514829076569
992 0.4778225806451613 1.9745877572923762
993 0.4783484390735146 1.974324575160732
994 0.4788732394366197 1.9740619345428347
995 0.47839195979899496 1.9743027944082663
996 0.4779116465863454 1.9745431806272442
997 0.477432296890672 1.974783094817757
998 0.47695390781563124 1.9750225385897298
999 0.4774774774774775 1.9747604815247857
1000 0.478 1.9744989609227013
