# parameters:
#  num_nodes=4, total_iters=755, ntest=20, copies=21
#  phase_average=2.1115347763547287, failure_threshold=0.15
# columns:
#  iteration   running_frequency   running_estimation
1 1.0 1.5707963267948966
2 0.5 1.9634954084936207
3 0.3333333333333333 2.0484546358571514
4 0.5 1.9634954084936207
5 0.4 2.0138348886912034
6 0.5 1.9634954084936207
7 0.42857142857142855 1.9993323007199622
8 0.5 1.9634954084936207
9 0.4444444444444444 1.9913306620788618
10 0.5 1.9634954084936207
11 0.45454545454545453 1.9862541030029746
12 0.5 1.9634954084936207
13 0.46153846153846156 1.9827451936578266
14 0.42857142857142855 1.9993323007199622
15 0.4666666666666667 1.980174445596177
16 0.4375 1.994827366285637
17 0.47058823529411764 1.978209784980391
18 0.4444444444444444 1.9913306620788618
19 0.42105263157894735 2.003134978653046
20 0.4 2.0138348886912034
21 0.42857142857142855 1.9993323007199622
22 0.4090909090909091 2.009204192741848
23 0.43478260869565216 1.9961972825130476
24 0.4166666666666667 2.005357428298543
25 0.44 1.9935678790923177
26 0.46153846153846156 1.9827451936578266
27 0.4444444444444444 1.9913306620788618
28 0.42857142857142855 1.9993323007199622
29 0.4482758620689655 1.9894038283723032
30 0.43333333333333335 1.996928305846106
31 0.41935483870967744 2.003994897136402
32 0.4375 1.994827366285637
33 0.42424242424242425 2.0015206439153164
34 0.4117647058823529 2.0078453096037134
35 0.4 2.0138348886912034
36 0.3888888888888889 2.0195186815689636
37 0.3783783783783784 2.0249224399582366
38 0.39473684210526316 2.016523736113428
39 0.41025641025641024 2.0086116935926244
40 0.4 2.0138348886912034
41 0.3902439024390244 2.0188240190805686
42 0.38095238095238093 2.0235964626859357
43 0.3953488372093023 2.0162107654857895
44 0.4090909090909091 2.009204192741848
45 0.4 2.0138348886912034
46 0.391304347826087 2.018280673243004
47 0.40425531914893614 2.0116652497448086
48 0.4166666666666667 2.005357428298543
49 0.40816326530612246 2.009675959166179
50 0.42 2.003668071731598
51 0.4117647058823529 2.0078453096037134
52 0.40384615384615385 2.011873706621317
53 0.39622641509433965 2.015762123585315
54 0.4074074074074074 2.01006048438776
55 0.4 2.0138348886912034
56 0.39285714285714285 2.0174855331648596
57 0.38596491228070173 2.0210191981961856
58 0.3793103448275862 2.0244421431107047
59 0.3898305084745763 2.0190359037155083
60 0.38333333333333336 2.0223714676738207
61 0.39344262295081966 2.0171858706798385
62 0.3870967741935484 2.0204381058902943
63 0.38095238095238093 2.0235964626859357
64 0.375 2.0266654722791406
65 0.36923076923076925 2.0296493588170845
66 0.36363636363636365 2.0325520661845187
67 0.373134328358209 2.0276293831575427
68 0.36764705882352944 2.030470136595118
69 0.36231884057971014 2.0332370513036304
70 0.35714285714285715 2.0359333338526326
71 0.352112676056338 2.0385619954276897
72 0.3472222222222222 2.0411258671600625
73 0.3424657534246575 2.043627613985823
74 0.33783783783783783 2.046069747200934
75 0.3333333333333333 2.0484546358571514
76 0.32894736842105265 2.05078451712505
77 0.3246753246753247 2.05306150573468
78 0.3333333333333333 2.0484546358571514
79 0.3291139240506329 2.0506958975198644
80 0.325 2.052888184404998
81 0.3333333333333333 2.0484546358571514
82 0.34146341463414637 2.0441558639241415
83 0.3373493975903614 2.046327968528456
84 0.34523809523809523 2.0421684606214003
85 0.35294117647058826 2.03812845878984
86 0.3488372093023256 2.0402782743418015
87 0.3563218390804598 2.0363618090478255
88 0.3522727272727273 2.0384782259329217
89 0.3595505617977528 2.0346780501991617
90 0.35555555555555557 2.0367619180746392
91 0.3516483516483517 2.0388050682458276
92 0.358695652173913 2.035123553889136
93 0.3655913978494624 2.031536614464597
94 0.3617021276595745 2.033557867102756
95 0.3684210526315789 2.0300689127731664
96 0.3645833333333333 2.0320600618657783
97 0.36082474226804123 2.034014489900408
98 0.35714285714285715 2.0359333338526326
99 0.35353535353535354 2.037817681053962
100 0.35 2.03966857199747
101 0.3564356435643564 2.0363024033230825
102 0.35294117647058826 2.03812845878984
103 0.3592233009708738 2.034848562221493
104 0.3557692307692308 2.0366503298296843
105 0.3523809523809524 2.038421586718076
106 0.3584905660377358 2.0352304614781294
107 0.35514018691588783 2.03697888031694
108 0.35185185185185186 2.038698527307776
109 0.3577981651376147 2.0355914970048525
110 0.35454545454545455 2.037289630106245
111 0.35135135135135137 2.0389605857537947
112 0.3482142857142857 2.0406050944456497
113 0.34513274336283184 2.042223858978866
114 0.3508771929824561 2.0392089305701173
115 0.34782608695652173 2.040808833775501
116 0.35344827586206895 2.03786321865321
117 0.3504273504273504 2.039444611029279
118 0.3559322033898305 2.0365652302384696
119 0.35294117647058826 2.03812845878984
120 0.35833333333333334 2.0353124330988193
121 0.35537190082644626 2.036857840643492
122 0.3524590163934426 2.038380734664125
123 0.34959349593495936 2.039881666608133
124 0.3467741935483871 2.041361168844916
125 0.344 2.0428197555216556
126 0.3492063492063492 2.0400846671328505
127 0.3464566929133858 2.0415279612344106
128 0.34375 2.0429513344755907
129 0.34108527131782945 2.044355248860224
130 0.34615384615384615 2.041687088979007
131 0.3435114503816794 2.043076908156511
132 0.3409090909090909 2.0444481623120083
133 0.3383458646616541 2.045801268112292
134 0.34328358208955223 2.043196878548009
135 0.34074074074074073 2.0445369571066205
136 0.3382352941176471 2.0458596933981013
137 0.34306569343065696 2.043311612536333
138 0.34057971014492755 2.044621901175256
139 0.3381294964028777 2.0459156011000594
140 0.34285714285714286 2.0434214456593076
141 0.3404255319148936 2.0447032397017035
142 0.34507042253521125 2.0422566317205737
143 0.34965034965034963 2.0398518597236297
144 0.3472222222222222 2.0411258671600625
145 0.3448275862068966 2.0423843457682107
146 0.3493150684931507 2.040027654877167
147 0.35374149659863946 2.037709887882644
148 0.35135135135135137 2.0389605857537947
149 0.35570469798657717 2.0366840293948205
150 0.35333333333333333 2.0379233321784147
151 0.3576158940397351 2.0356865635036474
152 0.35526315789473684 2.0369146421428423
153 0.35947712418300654 2.034716310280519
154 0.35714285714285715 2.0359333338526326
155 0.36129032258064514 2.0337721552283385
156 0.36538461538461536 2.0316439632754015
157 0.36942675159235666 2.02954783944532
158 0.37341772151898733 2.0274829038836297
159 0.3710691823899371 2.028697492388257
160 0.36875 2.0298984458861713
161 0.37267080745341613 2.0278690147954084
162 0.3765432098765432 2.025868888455442
163 0.3803680981595092 2.023897298749265
164 0.38414634146341464 2.0219535079189566
165 0.38181818181818183 2.023150841322055
166 0.3795180722891566 2.0243351203333098
167 0.38323353293413176 2.022422785642406
168 0.38095238095238093 2.0235964626859357
169 0.38461538461538464 2.021712453058141
170 0.38823529411764707 2.0198539110624916
171 0.391812865497076 2.018020214873705
172 0.3953488372093023 2.0162107654857895
173 0.3930635838150289 2.017379862855241
174 0.39655172413793105 2.0155958601415573
175 0.4 2.0138348886912034
176 0.3977272727272727 2.014995238806655
177 0.3954802259887006 2.016143585002599
178 0.398876404494382 2.0144084059064604
179 0.39664804469273746 2.015546635790571
180 0.39444444444444443 2.0166732962848246
181 0.39226519337016574 2.0177885869712298
182 0.3901098901098901 2.0188927025229506
183 0.39344262295081966 2.0171858706798385
184 0.3967391304347826 2.015500088559733
185 0.3945945945945946 2.016596492705493
186 0.3978494623655914 2.0149328259904062
187 0.39572192513368987 2.016020011728218
188 0.39361702127659576 2.017096624677192
189 0.3915343915343915 2.0181628393696784
190 0.3894736842105263 2.0192188262294732
191 0.387434554973822 2.020264751698384
192 0.390625 2.018628723723829
193 0.38860103626943004 2.019666308839104
194 0.3865979381443299 2.020694167070303
195 0.38974358974358975 2.019080458974585
196 0.39285714285714285 2.0174855331648596
197 0.39593908629441626 2.015908995072647
198 0.3939393939393939 2.016931673046558
199 0.39195979899497485 2.0179449680127517
200 0.39 2.018949026117819
201 0.3880597014925373 2.019943990261832
202 0.38613861386138615 2.020930000192733
203 0.3842364532019704 2.0219071925973227
204 0.38235294117647056 2.0228757011889824
205 0.3853658536585366 2.021326879806998
206 0.38349514563106796 2.0222882681824066
207 0.38164251207729466 2.0232412415787198
208 0.3798076923076923 2.024185924862541
209 0.37799043062200954 2.025122440261469
210 0.3761904761904762 2.0260509074370154
211 0.3744075829383886 2.0269714435550155
212 0.37264150943396224 2.027884163353648
213 0.37089201877934275 2.0287891792091504
214 0.3691588785046729 2.0296866011993266
215 0.37209302325581395 2.028167803162175
216 0.375 2.0266654722791406
217 0.37327188940092165 2.027558278274525
218 0.3761467889908257 2.026073453427684
219 0.3744292237442922 2.026960264814816
220 0.37272727272727274 2.027839820074048
221 0.37104072398190047 2.0287122197564122
222 0.3738738738738739 2.0272471765735443
223 0.3721973094170404 2.0281138668959557
224 0.3705357142857143 2.0289736033732417
225 0.37333333333333335 2.0275265198057215
226 0.37168141592920356 2.0283807144463015
227 0.3700440528634361 2.0292281485697083
228 0.3684210526315789 2.0300689127731664
229 0.36681222707423583 2.030903095926681
230 0.3695652173913043 2.0294761205260676
231 0.36796536796536794 2.03030510979159
232 0.36637931034482757 2.031127696153917
233 0.36909871244635195 2.029717770872901
234 0.36752136752136755 2.0305353092569005
235 0.3659574468085106 2.0313466157534963
236 0.3644067796610169 2.0321517707646777
237 0.3628691983122363 2.032950853217262
238 0.36134453781512604 2.033743940598235
239 0.3598326359832636 2.0345311089890328
240 0.35833333333333334 2.0353124330988193
241 0.36099585062240663 2.033925420058889
242 0.359504132231405 2.0347022392248526
243 0.35802469135802467 2.0354733634590394
244 0.35655737704918034 2.0362388633582578
245 0.35918367346938773 2.0348692115701774
246 0.35772357723577236 2.035630398258678
247 0.3562753036437247 2.036386101677295
248 0.3548387096774194 2.0371363886061946
249 0.3534136546184739 2.0378813246701855
250 0.352 2.0386209743647905
251 0.3545816733067729 2.0372707023205168
252 0.35714285714285715 2.0359333338526326
253 0.35968379446640314 2.0346086420144465
254 0.36220472440944884 2.033296405949285
255 0.36470588235294116 2.031996410666115
256 0.36328125 2.032736638480757
257 0.3657587548638132 2.0314497423561035
258 0.3682170542635659 2.0301746445970954
259 0.3667953667953668 2.0309118421125003
260 0.36538461538461536 2.0316439632754015
261 0.36398467432950193 2.0323710672743065
262 0.36259541984732824 2.033093212315872
263 0.3650190114068441 2.031833794055466
264 0.36742424242424243 2.0305856731475442
265 0.3660377358490566 2.031304946884773
266 0.36466165413533835 2.0320193820021024
267 0.36329588014981273 2.0327290336142827
268 0.3656716417910448 2.031494960182827
269 0.3643122676579926 2.032200867898744
270 0.36666666666666664 2.0309786074519716
271 0.36531365313653136 2.0316808055041715
272 0.36764705882352944 2.030470136595118
273 0.3663003663003663 2.031168658903928
274 0.3686131386861314 2.0299693662193956
275 0.3709090909090909 2.0287803435425755
276 0.3695652173913043 2.0294761205260676
277 0.37184115523465705 2.028298080712964
278 0.37410071942446044 2.0271299704559507
279 0.3727598566308244 2.0278229733492896
280 0.37142857142857144 2.028511526672219
281 0.3701067615658363 2.0291956788583105
282 0.3723404255319149 2.0280398529846146
283 0.3745583038869258 2.0268935900749643
284 0.3767605633802817 2.025756745690368
285 0.37894736842105264 2.024629178702986
286 0.3811188811188811 2.0235107511921258
287 0.3832752613240418 2.0224013283444155
288 0.3854166666666667 2.0213007783579577
289 0.3875432525951557 2.020208972350262
290 0.38620689655172413 2.0208949381885395
291 0.3848797250859107 2.0215766251334433
292 0.386986301369863 2.0204948082527334
293 0.3890784982935154 2.019421449889305
294 0.391156462585034 2.0183564301208334
295 0.3898305084745763 2.0190359037155083
296 0.3918918918918919 2.0179797436413267
297 0.39057239057239057 2.0186556816513677
298 0.38926174496644295 2.019327489192519
299 0.3879598662207358 2.0199952091841387
300 0.38666666666666666 2.0206588839083914
301 0.3853820598006645 2.021318555022654
302 0.3841059602649007 2.0219742635716216
303 0.38613861386138615 2.020930000192733
304 0.3881578947368421 2.0198936161072503
305 0.38688524590163936 2.0205466795845664
306 0.38562091503267976 2.0211958672377475
307 0.38436482084690554 2.0218412181623537
308 0.38636363636363635 2.0208144592971156
309 0.3851132686084142 2.0214566363483177
310 0.38387096774193546 2.022095056231996
311 0.38263665594855306 2.0227297563009605
312 0.38461538461538464 2.021712453058141
313 0.3865814696485623 2.0207026216742676
314 0.3885350318471338 2.0197001624842974
315 0.3904761904761905 2.018704977833891
316 0.3924050632911392 2.017716972023909
317 0.3943217665615142 2.016736051256876
318 0.39308176100628933 2.017370559019944
319 0.3949843260188088 2.016397164191019
320 0.396875 2.015430659005837
321 0.3987538940809969 2.0144709553107147
322 0.39751552795031053 2.015103402890598
323 0.3993808049535604 2.0141509111961753
324 0.4012345679012346 2.013205037188241
325 0.40307692307692305 2.0122656979057507
326 0.401840490797546 2.012896024813507
327 0.4036697247706422 2.0119636021989806
328 0.4054878048780488 2.0110375411912993
329 0.40425531914893614 2.0116652497448086
330 0.403030303030303 2.012289458846922
331 0.40483383685800606 2.0113705709568355
332 0.4066265060240964 2.0104578670022493
333 0.4084084084084084 2.009551272058256
334 0.40718562874251496 2.010173330263043
335 0.4059701492537313 2.010791964605724
336 0.40476190476190477 2.011407207237475
337 0.4065281899109792 2.01050790628323
338 0.40532544378698226 2.011120214728308
339 0.40707964601769914 2.010227260007179
340 0.4088235294117647 2.0093401555150767
341 0.40762463343108507 2.0099499643013155
342 0.4064327485380117 2.0105564842505834
343 0.40524781341107874 2.0111597456289356
344 0.4069767441860465 2.010279624131578
345 0.4057971014492754 2.0108800633215926
346 0.4046242774566474 2.0114773061467055
347 0.4034582132564842 2.0120713816329885
348 0.40229885057471265 2.01266231842871
349 0.40114613180515757 2.013250144810805
350 0.4 2.0138348886912034
351 0.4017094017094017 2.0129628719530532
352 0.4005681818181818 2.013544973869803
353 0.39943342776203966 2.0141240505756546
354 0.4011299435028249 2.0132584019770405
355 0.4028169014084507 2.0123982294213882
356 0.40168539325842695 2.0129751151319097
357 0.40336134453781514 2.0121207458540633
358 0.4022346368715084 2.0126950567910225
359 0.4011142061281337 2.013266429191383
360 0.4 2.0138348886912034
361 0.3988919667590028 2.014400460606123
362 0.4005524861878453 2.0135529816484783
363 0.39944903581267216 2.0141160837654364
364 0.4010989010989011 2.013274235927738
365 0.4 2.0138348886912034
366 0.4016393442622951 2.012998598286896
367 0.40054495912806537 2.0135568219095803
368 0.40217391304347827 2.0127260166808822
369 0.4010840108401084 2.0132818311466325
370 0.4027027027027027 2.0124564402279645
371 0.40161725067385445 2.013009865294637
372 0.4032258064516129 2.012189819177209
373 0.40214477211796246 2.0127408743795145
374 0.4037433155080214 2.011926104877033
375 0.4026666666666667 2.012474809529362
376 0.40425531914893614 2.0116652497448086
377 0.40318302387267907 2.0122116229440294
378 0.4021164021164021 2.0127553391866275
379 0.40369393139841686 2.0119512678657077
380 0.4026315789473684 2.0124926956854834
381 0.4015748031496063 2.0130315124301537
382 0.4005235602094241 2.0135677395759215
383 0.39947780678851175 2.0141013983458445
384 0.4010416666666667 2.0133034303049135
385 0.4025974025974026 2.012510117510372
386 0.4015544041450777 2.0130419155268244
387 0.40310077519379844 2.01225354131772
388 0.4020618556701031 2.012783150857414
389 0.40359897172236503 2.0119996546499888
390 0.40512820512820513 2.0112206548598266
391 0.4040920716112532 2.0117484151660148
392 0.4030612244897959 2.0122736989891594
393 0.4020356234096692 2.0127965261557823
394 0.4010152284263959 2.013316916264848
395 0.40253164556962023 2.0125436386619637
396 0.4015151515151515 2.0130619338513918
397 0.4005037783375315 2.0135778323157907
398 0.39949748743718594 2.014091352956656
399 0.40100250626566414 2.0133234058016876
400 0.4 2.0138348886912034
401 0.4014962593516209 2.0130715687208993
402 0.40049751243781095 2.0135810292042127
403 0.39950372208436724 2.014088170687696
404 0.400990099009901 2.0133297347392016
405 0.4 2.0138348886912034
406 0.4014778325123153 2.013080966350232
407 0.40294840294840295 2.0123312021221187
408 0.4019607843137255 2.012834685881214
409 0.4034229828850856 2.012089334779848
410 0.4024390243902439 2.0125908559458487
411 0.40389294403892945 2.011849866764904
412 0.4053398058252427 2.0111129014306304
413 0.4067796610169492 2.010379920543024
414 0.4082125603864734 2.0096508852827717
415 0.4072289156626506 2.0101513041684806
416 0.40865384615384615 2.0094264466936123
417 0.407673860911271 2.0099249196597664
418 0.40669856459330145 2.010421193053318
419 0.4081145584725537 2.009700734300093
420 0.40714285714285714 2.010195094502281
421 0.4085510688836104 2.0094787160127816
422 0.4075829383886256 2.0099711771594473
423 0.408983451536643 2.0092588333455907
424 0.41037735849056606 2.0085502225610448
425 0.40941176470588236 2.0090410554555103
426 0.4084507042253521 2.0095297603147197
427 0.40749414519906324 2.0100163528989885
428 0.40654205607476634 2.010500848801095
429 0.40792540792540793 2.0097969516460807
430 0.40930232558139534 2.0090966969736734
431 0.40835266821345706 2.009579622168212
432 0.4074074074074074 2.01006048438776
433 0.4064665127020785 2.010539298684019
434 0.4055299539170507 2.0110160799510837
435 0.4045977011494253 2.0114908429276164
436 0.4036697247706422 2.0119636021989806
437 0.40274599542334094 2.0124343721993427
438 0.4018264840182648 2.0129031672137354
439 0.4031890660592255 2.012208543573795
440 0.40454545454545454 2.0115174554236757
441 0.40589569160997735 2.010829870296718
442 0.40497737556561086 2.011297467280553
443 0.40632054176072235 2.0106135978115756
444 0.40765765765765766 2.0099331630659805
445 0.40898876404494383 2.009256131960445
446 0.4103139013452915 2.008582473834873
447 0.40939597315436244 2.009049084124263
448 0.40848214285714285 2.00951377078229
449 0.40757238307349664 2.009976547357625
450 0.4088888888888889 2.0093069189056756
451 0.4079822616407982 2.009768030495686
452 0.4092920353982301 2.0091019288710363
453 0.4083885209713024 2.009561386970782
454 0.40748898678414097 2.0100189774178623
455 0.4087912087912088 2.009356591503834
456 0.4100877192982456 2.0086974341115735
457 0.40919037199124725 2.0091536192711916
458 0.4104803493449782 2.008497880403804
459 0.4117647058823529 2.0078453096037134
460 0.4108695652173913 2.008300090551882
461 0.40997830802603036 2.0087530474300066
462 0.41125541125541126 2.0081040411443976
463 0.4103671706263499 2.008555400360247
464 0.40948275862068967 2.009004961639109
465 0.40860215053763443 2.0094527372202458
466 0.40987124463519314 2.0088074695216767
467 0.4089935760171306 2.0092536851001914
468 0.41025641025641024 2.0086116935926244
469 0.4093816631130064 2.009056359611394
470 0.4085106382978723 2.009499278306756
471 0.40976645435244163 2.00886073825742
472 0.4110169491525424 2.0082252010980657
473 0.41014799154334036 2.008666798933171
474 0.4092827004219409 2.0091066751245132
475 0.40842105263157896 2.009544841143
476 0.40756302521008403 2.0099813083497846
477 0.4088050314465409 2.0093495622514066
478 0.40794979079497906 2.0097845481470955
479 0.4091858037578288 2.0091559420196607
480 0.41041666666666665 2.0085302450688904
481 0.41164241164241167 2.007907433057277
482 0.41286307053941906 2.007287482050956
483 0.41200828157349895 2.0077215854178103
484 0.41115702479338845 2.0081540289312154
485 0.41030927835051545 2.00858482344185
486 0.4094650205761317 2.009013979698493
487 0.4086242299794661 2.009441508349283
488 0.4077868852459016 2.0098674199429603
489 0.40899795501022496 2.0092514584111747
490 0.41020408163265304 2.0086382900770783
491 0.41140529531568226 2.00802789213483
492 0.4105691056910569 2.0084527741283704
493 0.4117647058823529 2.0078453096037134
494 0.41295546558704455 2.0072405673691334
495 0.41414141414141414 2.0066385254839543
496 0.4153225806451613 2.0060391622732054
497 0.4164989939637827 2.0054424563232356
498 0.41767068273092367 2.0048483864774105
499 0.4188376753507014 2.004256931831908
500 0.418 2.0046814585432626
