# parameters:
#  num_nodes=4, total_iters=566, ntest=20, copies=21
#  phase_average=2.1115347763547287, failure_threshold=0.2
# columns:
#  iteration   running_frequency   running_estimation
1 1.0 1.5707963267948966
2 0.5 1.9634954084936207
3 0.6666666666666666 1.8785361811300902
4 0.75 1.8325957145940461
5 0.8 1.8026201312952996
6 0.6666666666666666 1.8785361811300902
7 0.7142857142857143 1.8527676474752108
8 0.75 1.8325957145940461
9 0.7777777777777778 1.8162376659395523
10 0.8 1.8026201312952996
11 0.8181818181818182 1.7910516582972458
12 0.8333333333333334 1.781063494436879
13 0.7692307692307693 1.8213428334275752
14 0.7857142857142857 1.8114340137660683
15 0.8 1.8026201312952996
16 0.8125 1.7947125252593628
17 0.7647058823529411 1.8240186485016467
18 0.7222222222222222 1.84835691057329
19 0.6842105263157895 1.8691679004036834
20 0.65 1.8873222449897713
21 0.6666666666666666 1.8785361811300902
22 0.6363636363636364 1.8944387508027227
23 0.6521739130434783 1.8861819832117406
24 0.625 1.900325344708101
25 0.6 1.913155928296038
26 0.5769230769230769 1.9248805088725747
27 0.5555555555555556 1.9356601549083798
28 0.5714285714285714 1.9276585162672795
29 0.5517241379310345 1.9375869886149382
30 0.5333333333333333 1.9468163713910644
31 0.5161290322580645 1.955429493076559
32 0.5 1.9634954084936207
33 0.48484848484848486 1.9710723259851675
34 0.47058823529411764 1.978209784980391
35 0.45714285714285713 1.9849503061200946
36 0.4722222222222222 1.97739145181385
37 0.4594594594594595 1.9837879546654462
38 0.47368421052631576 1.976659385559013
39 0.46153846153846156 1.9827451936578266
40 0.45 1.9885372637840106
41 0.43902439024390244 1.9940592932535661
42 0.42857142857142855 1.9993323007199622
43 0.4186046511627907 2.0043750145399772
44 0.4090909090909091 2.009204192741848
45 0.4222222222222222 2.0025428660087328
46 0.41304347826086957 2.0071958793370444
47 0.425531914893617 2.0008684976650275
48 0.4166666666666667 2.005357428298543
49 0.42857142857142855 1.9993323007199622
50 0.42 2.003668071731598
51 0.4117647058823529 2.0078453096037134
52 0.40384615384615385 2.011873706621317
53 0.41509433962264153 2.0061549600122
54 0.4074074074074074 2.01006048438776
55 0.4 2.0138348886912034
56 0.39285714285714285 2.0174855331648596
57 0.38596491228070173 2.0210191981961856
58 0.3793103448275862 2.0244421431107047
59 0.3728813559322034 2.027760157686556
60 0.38333333333333336 2.0223714676738207
61 0.39344262295081966 2.0171858706798385
62 0.4032258064516129 2.012189819177209
63 0.4126984126984127 2.0073710928875514
64 0.421875 2.002718626248736
65 0.4307692307692308 1.9982223637300296
66 0.42424242424242425 2.0015206439153164
67 0.417910447761194 2.004726849922614
68 0.4117647058823529 2.0078453096037134
69 0.42028985507246375 2.0035212597070364
70 0.42857142857142855 1.9993323007199622
71 0.43661971830985913 1.9952710363918131
72 0.4444444444444444 1.9913306620788618
73 0.4383561643835616 1.9943959466766676
74 0.44594594594594594 1.9905753601224
75 0.4533333333333333 1.986862751858894
76 0.4473684210526316 1.98986003984345
77 0.44155844155844154 1.9927831341797375
78 0.44871794871794873 1.9891816029600193
79 0.45569620253164556 1.9856763970110056
80 0.4625 1.9822630312627998
81 0.4567901234567901 1.9851273298400285
82 0.4634146341463415 1.9818044539095268
83 0.46987951807228917 1.9785647732346143
84 0.47619047619047616 1.9754046741497215
85 0.47058823529411764 1.978209784980391
86 0.46511627906976744 1.9809514497394614
87 0.47126436781609193 1.9778711457186107
88 0.4659090909090909 1.9805540974489155
89 0.4606741573033708 1.9831786592437326
90 0.4666666666666667 1.980174445596177
91 0.46153846153846156 1.9827451936578266
92 0.4673913043478261 1.979811336400094
93 0.46236559139784944 1.9823304260611723
94 0.4574468085106383 1.9847977730567836
95 0.4631578947368421 1.9819331710800276
96 0.4583333333333333 1.9843529301462746
97 0.4536082474226804 1.9867246957386477
98 0.45918367346938777 1.9839263062929975
99 0.45454545454545453 1.9862541030029746
100 0.45 1.9885372637840106
101 0.45544554455445546 1.9858022237360478
102 0.46078431372549017 1.9831234103600646
103 0.46601941747572817 1.980498805913773
104 0.46153846153846156 1.9827451936578266
105 0.4666666666666667 1.980174445596177
106 0.46226415094339623 1.98238129096777
107 0.4672897196261682 1.9798622374635226
108 0.4722222222222222 1.97739145181385
109 0.47706422018348627 1.9749673240038046
110 0.4818181818181818 1.9725883222837737
111 0.4774774774774775 1.9747604815247857
112 0.48214285714285715 1.9724258790931404
113 0.48672566371681414 1.970133356564045
114 0.49122807017543857 1.9678815984275746
115 0.48695652173913045 1.970017887556435
116 0.4827586206896552 1.9721178074840404
117 0.47863247863247865 1.974182423782798
118 0.4745762711864407 1.976212756961132
119 0.4789915966386555 1.9740027033396093
120 0.475 1.9760006226950633
121 0.4793388429752066 1.9738289292357445
122 0.48360655737704916 1.9716935990676492
123 0.4796747967479675 1.9736608110775182
124 0.47580645161290325 1.9755969080528133
125 0.48 1.973498077082118
126 0.48412698412698413 1.971433250117778
127 0.4881889763779528 1.9694014696562947
128 0.484375 1.9713091806184946
129 0.4806201550387597 1.9731877588329259
130 0.4846153846153846 1.9711889304796935
131 0.48854961832061067 1.969221099876035
132 0.48484848484848486 1.9710723259851675
133 0.48872180451127817 1.969134984534316
134 0.4925373134328358 1.9672268903276366
135 0.4962962962962963 1.9653472772809786
136 0.49264705882352944 1.967172011608832
137 0.49635036496350365 1.9653202422164373
138 0.4927536231884058 1.9671187237471006
139 0.4892086330935252 1.9688915109325311
140 0.4928571428571429 1.967066958553369
141 0.48936170212765956 1.9688149588356159
142 0.49295774647887325 1.967016651680856
143 0.4965034965034965 1.9652436744910633
144 0.4930555555555556 1.9669677423581933
145 0.496551724137931 1.9652195600923115
146 0.5 1.9634954084936207
147 0.4965986394557823 1.9651961018830701
148 0.49324324324324326 1.9668738897042377
149 0.4966442953020134 1.965173273438791
150 0.49333333333333335 1.9668288406002883
151 0.4900662251655629 1.9684626227234698
152 0.4868421052631579 1.9700751154417324
153 0.48366013071895425 1.971666798034588
154 0.4805194805194805 1.9732381341436036
155 0.4774193548387097 1.9747895724490214
156 0.47435897435897434 1.9763215473096707
157 0.47770700636942676 1.974645601655696
158 0.4810126582278481 1.9729913626284428
159 0.4779874213836478 1.9745052563312735
160 0.48125 1.972872607150868
161 0.4782608695652174 1.9743684011911498
162 0.47530864197530864 1.9758461108242742
163 0.4723926380368098 1.97730611291649
164 0.4695121951219512 1.9787487729739472
165 0.4666666666666667 1.980174445596177
166 0.46987951807228917 1.9785647732346143
167 0.46706586826347307 1.9799744050824661
168 0.47023809523809523 1.978385162325199
169 0.46745562130177515 1.979779109449891
170 0.4647058823529412 1.981157155271534
171 0.4619883040935672 1.9825196117863502
172 0.46511627906976744 1.9809514497394614
173 0.4682080924855491 1.9794020927470222
174 0.47126436781609193 1.9778711457186107
175 0.4685714285714286 1.9792200605600474
176 0.4715909090909091 1.9777076078418647
177 0.4745762711864407 1.976212756961132
178 0.47752808988764045 1.9747351496645396
179 0.48044692737430167 1.9732744383837246
180 0.4777777777777778 1.9746101808390635
181 0.47513812154696133 1.9759314759112616
182 0.4725274725274725 1.9772385931726486
183 0.47540983606557374 1.9757954522251886
184 0.47282608695652173 1.9770890625222317
185 0.4756756756756757 1.9756623731188716
186 0.4731182795698925 1.976942752296981
187 0.47058823529411764 1.978209784980391
188 0.4734042553191489 1.9767995595196164
189 0.47619047619047616 1.9754046741497215
190 0.4789473684210526 1.9740248370357851
191 0.47643979057591623 1.9752798768612698
192 0.4791666666666667 1.9739150915992651
193 0.47668393782383417 1.975157668893278
194 0.4793814432989691 1.9738076109027354
195 0.48205128205128206 1.9724716960184279
196 0.4846938775510204 1.9711496655152236
197 0.4873096446700508 1.9698412675960753
198 0.48484848484848486 1.9710723259851675
199 0.48743718592964824 1.9697774766223877
200 0.485 1.97099653394949
201 0.48258706467661694 1.9722036370437475
202 0.4801980198019802 1.9733989886615466
203 0.4827586206896552 1.9721178074840404
204 0.4852941176470588 1.970849410195604
205 0.4878048780487805 1.9695935741880346
206 0.49029126213592233 1.9683500825246476
207 0.48792270531400966 1.9695346431931218
208 0.4855769230769231 1.9707079474507387
209 0.48325358851674644 1.9718701804933882
210 0.4857142857142857 1.9706392378109439
211 0.4834123222748815 1.971790769482494
212 0.4858490566037736 1.9705718251040594
213 0.4835680751173709 1.9717128505720822
214 0.48130841121495327 1.9728433810505557
215 0.4790697674418605 1.9739635835198945
216 0.48148148148148145 1.9727567859466437
217 0.4792626728110599 1.973867046995628
218 0.47706422018348627 1.9749673240038046
219 0.4794520547945205 1.973772275200865
220 0.4818181818181818 1.9725883222837737
221 0.4796380090497738 1.9736792201705768
222 0.481981981981982 1.9725063684866213
223 0.484304932735426 1.971344231446524
224 0.48214285714285715 1.9724258790931404
225 0.48444444444444446 1.9712744415049848
226 0.48672566371681414 1.970133356564045
227 0.4889867841409692 1.9690024617880844
228 0.4868421052631579 1.9700751154417324
229 0.4890829694323144 1.968954357573429
230 0.49130434782608695 1.9678434537824907
231 0.48917748917748916 1.9689070865291223
232 0.4870689655172414 1.969961646691898
233 0.48497854077253216 1.9710072684017317
234 0.48717948717948717 1.9699063675286501
235 0.48936170212765956 1.9688149588356159
236 0.4872881355932203 1.9698520256059768
237 0.48523206751054854 1.970880448748493
238 0.48739495798319327 1.9697985972858167
239 0.4895397489539749 1.968725915601038
240 0.49166666666666664 1.9676622680856386
241 0.4896265560165975 1.9686825026471082
242 0.48760330578512395 1.9696943908099576
243 0.48559670781893005 1.9706980509670913
244 0.48360655737704916 1.9716935990676492
245 0.4857142857142857 1.9706392378109439
246 0.4878048780487805 1.9695935741880346
247 0.4898785425101215 1.9685564829295077
248 0.49193548387096775 1.9675278414076935
249 0.4939759036144578 1.9665075295621106
250 0.492 1.967495579179951
251 0.4940239043824701 1.9664835274498256
252 0.49603174603174605 1.9654795563077556
253 0.49407114624505927 1.9664599048444726
254 0.49606299212598426 1.9654639327724441
255 0.49411764705882355 1.9664366528156432
256 0.49609375 1.9654485533623813
257 0.49416342412451364 1.9664137627109495
258 0.49224806201550386 1.9673715327805548
259 0.49034749034749037 1.9683219631479694
260 0.48846153846153845 1.9692651514475061
261 0.4904214559386973 1.9682849735116976
262 0.49236641221374045 1.9673123506762553
263 0.49049429657794674 1.9682485465579334
264 0.48863636363636365 1.9691777159264081
265 0.4867924528301887 1.9700999502915335
266 0.48872180451127817 1.969134984534316
267 0.4868913857677903 1.970050466684987
268 0.48507462686567165 1.9709592037977783
269 0.48698884758364314 1.9700017191453314
270 0.48518518518518516 1.9709039001750577
271 0.4833948339483395 1.9717995184667556
272 0.4852941176470588 1.970849410195604
273 0.48717948717948717 1.9699063675286501
274 0.48905109489051096 1.9689702986556572
275 0.4909090909090909 1.9680411135146048
276 0.4927536231884058 1.9671187237471006
277 0.49097472924187724 1.968008288961303
278 0.49280575539568344 1.9670926549252223
279 0.4946236559139785 1.9661836323405377
280 0.4928571428571429 1.967066958553369
281 0.49110320284697506 1.967944041839644
282 0.4929078014184397 1.9670416267059974
283 0.4911660777385159 1.9679125994510602
284 0.4894366197183099 1.968777491618343
285 0.49122807017543857 1.9678815984275746
286 0.493006993006993 1.9669920259911775
287 0.4912891986062718 1.9678510295401546
288 0.4895833333333333 1.9687041186607828
289 0.4913494809688581 1.9678208838153073
290 0.4896551724137931 1.9686681913766455
291 0.4879725085910653 1.9695097343169965
292 0.4863013698630137 1.9703455807122516
293 0.48464163822525597 1.971175797467083
294 0.48639455782312924 1.9702989693542148
295 0.4847457627118644 1.9711237108119484
296 0.4864864864864865 1.9702529881111903
297 0.4882154882154882 1.9693882100458722
298 0.4865771812080537 1.970207624290135
299 0.4882943143812709 1.9693487860845778
300 0.49 1.9684957418869684
301 0.4883720930232558 1.9693098861724483
302 0.4900662251655629 1.9684626227234698
303 0.49174917491749176 1.9676210082858587
304 0.4934210526315789 1.9667849771030963
305 0.49508196721311476 1.9659544645396856
306 0.49673202614379086 1.965129407055558
307 0.495114006514658 1.9659384441189598
308 0.4967532467532468 1.9651187965256627
309 0.49838187702265374 1.964304471394556
310 0.5 1.9634954084936207
311 0.5016077170418006 1.9626915485875296
312 0.5 1.9634954084936207
313 0.4984025559105431 1.964294131897156
314 0.4968152866242038 1.9650877759485936
315 0.4984126984126984 1.9642890606203602
316 0.5 1.9634954084936207
317 0.49842271293375395 1.9642840533347594
318 0.5 1.9634954084936207
319 0.5015673981191222 1.9627117081504923
320 0.503125 1.9619328983209159
321 0.5015576323987538 1.9627165910345195
322 0.5031055900621118 1.9619426034782408
323 0.5046439628482973 1.96117339368367
324 0.5030864197530864 1.9619521888165115
325 0.5046153846153846 1.96118768341271
326 0.5061349693251533 1.9604278468568135
327 0.5045871559633027 1.961201798336439
328 0.5030487804878049 1.9619710088033586
329 0.5045592705167173 1.961215741642974
330 0.503030303030303 1.9619802477028245
331 0.5045317220543807 1.961229516443373
332 0.5060240963855421 1.9604832874251308
333 0.5045045045045045 1.9612431257739482
334 0.5029940119760479 1.961998393559237
335 0.5014925373134328 1.9627491387286076
336 0.5 1.9634954084936207
337 0.5014836795252225 1.962753567642328
338 0.5029585798816568 1.9620161099203142
339 0.504424778761062 1.961282990234982
340 0.5029411764705882 1.9620248117772936
341 0.5043988269794721 1.9612959666309333
342 0.5058479532163743 1.960571365217476
343 0.5072886297376094 1.9598509645451174
344 0.5058139534883721 1.9605883662375898
345 0.5043478260869565 1.9613214680527005
346 0.5057803468208093 1.9606051707009058
347 0.5043227665706052 1.9613339982818925
348 0.5057471264367817 1.9606217819966356
349 0.5071633237822349 1.9599136240668116
350 0.5085714285714286 1.9592094842676053
351 0.5071225071225072 1.9599340344795166
352 0.5085227272727273 1.959233838475499
353 0.509915014164306 1.9585375764471897
354 0.5112994350282486 1.9578452099754153
355 0.5098591549295775 1.9585655115266587
356 0.5084269662921348 1.9592817258451944
357 0.5070028011204482 1.959993893452648
358 0.5083798882681564 1.9593052681824334
359 0.5069637883008357 1.9600134017652524
360 0.5083333333333333 1.9593285489016028
361 0.5069252077562327 1.9600326938984154
362 0.505524861878453 1.9607329213374955
363 0.5041322314049587 1.9614292692706714
364 0.5027472527472527 1.9621217752083642
365 0.5013698630136987 1.9628104761299079
366 0.5 1.9634954084936207
367 0.4986376021798365 1.9641766082466334
368 0.5 1.9634954084936207
369 0.4986449864498645 1.9641729160979873
370 0.4972972972972973 1.964846766425781
371 0.49595687331536387 1.9655169938674137
372 0.4946236559139785 1.9661836323405377
373 0.4959785522788204 1.9655061540331817
374 0.49732620320855614 1.964832313261251
375 0.496 1.9654954298275684
376 0.4973404255319149 1.9648252019984314
377 0.4986737400530504 1.9641585392447132
378 0.4973544973544973 1.964818165988129
379 0.49868073878627966 1.9641550398658527
380 0.49736842105263157 1.9648112040421242
381 0.49868766404199477 1.9641515772260052
382 0.5 1.9634954084936207
383 0.5013054830287206 1.9628426662376195
384 0.5 1.9634954084936207
385 0.5012987012987012 1.962846057114127
386 0.5 1.9634954084936207
387 0.49870801033591733 1.9641414040445433
388 0.49742268041237114 1.964784073994184
389 0.4987146529562982 1.9641380827233217
390 0.5 1.9634954084936207
391 0.5012787723785166 1.962856021607319
392 0.5025510204081632 1.9622198927557113
393 0.5038167938931297 1.961586993012326
394 0.5050761421319797 1.9609572938262534
395 0.5063291139240507 1.9603307670156214
396 0.5075757575757576 1.9597073847612152
397 0.5088161209068011 1.9590871196002344
398 0.507537688442211 1.9597264215022676
399 0.506265664160401 1.9603624944140012
400 0.5075 1.9597452678543805
401 0.5062344139650873 1.9603781207325297
402 0.5074626865671642 1.959763926659605
403 0.5062034739454094 1.9603935919391233
404 0.504950495049505 1.961020120525828
405 0.5037037037037037 1.9616435397062628
406 0.5024630541871922 1.9622638764191525
407 0.5036855036855037 1.9616526399638055
408 0.5049019607843137 1.961044388836335
409 0.5061124694376528 1.9604390976444042
410 0.5048780487804878 1.9610563454100773
411 0.5036496350364964 1.961670574770804
412 0.5024271844660194 1.9622818114941976
413 0.5036319612590799 1.9616794118937952
414 0.5048309178743962 1.9610799119738977
415 0.5036144578313253 1.961688163837461
416 0.5024038461538461 1.96229348078646
417 0.5011990407673861 1.9628958875353064
418 0.5023923444976076 1.962299231680725
419 0.5011933174224343 1.9628987492159715
420 0.5023809523809524 1.9623049278039444
421 0.501187648456057 1.9629015837071946
422 0.5023696682464455 1.9623105699348653
423 0.5035460992907801 1.9617223439840406
424 0.5023584905660378 1.9623161588375408
425 0.5035294117647059 1.9617306879559422
426 0.5023474178403756 1.962321695261676
427 0.5011709601873536 1.9629099278647562
428 0.5 1.9634954084936207
429 0.5011655011655012 1.9629126573831326
430 0.5023255813953489 1.9623326136034025
431 0.5011600928074246 1.9629153615694837
432 0.5023148148148148 1.9623379969516306
433 0.5011547344110855 1.9629180407748312
434 0.5023041474654378 1.9623433306832165
435 0.5011494252873563 1.9629206953437426
436 0.5022935779816514 1.962348615480968
437 0.5034324942791762 1.961779147873178
438 0.502283105022831 1.9623538520152208
439 0.5034168564920274 1.9617869669501655
440 0.5045454545454545 1.9612226499149457
441 0.5056689342403629 1.9606608806427617
442 0.504524886877828 1.961232934171817
443 0.5056433408577878 1.96067367815291
444 0.5067567567567568 1.9601169272830037
445 0.5078651685393258 1.9595626620238238
446 0.5067264573991032 1.9601320783391043
447 0.5078299776286354 1.9595802596467844
448 0.5066964285714286 1.960147094105729
449 0.5077951002227171 1.9595977004789062
450 0.5088888888888888 1.9590507299052204
451 0.5099778270509978 1.9585061637878187
452 0.5088495575221239 1.9590703986832663
453 0.5099337748344371 1.9585281942637716
454 0.5088105726872246 1.9590898941410817
455 0.5076923076923077 1.9596491029092595
456 0.5087719298245614 1.9591092185596668
457 0.5098468271334792 1.9585716766218568
458 0.5109170305676856 1.9580364594138124
459 0.5098039215686274 1.958593133547506
460 0.508695652173913 1.9591473632047507
461 0.5097613882863341 1.9586144042602776
462 0.5108225108225108 1.9580837304581191
463 0.5118790496760259 1.9575553247555235
464 0.5107758620689655 1.9581070602770954
465 0.5118279569892473 1.9575808782807569
466 0.5128755364806867 1.9570569285411388
467 0.5139186295503212 1.9565351945943155
468 0.5128205128205128 1.9570844494585913
469 0.511727078891258 1.9576313313284566
470 0.5106382978723404 1.9581758581516255
471 0.5116772823779193 1.957656236407125
472 0.510593220338983 1.958198402000013
473 0.5095137420718816 1.9587382503772226
474 0.5084388185654009 1.9592757988655227
475 0.5073684210526316 1.9598110646014983
476 0.5084033613445378 1.9592935299909333
477 0.5073375262054507 1.9598265136957298
478 0.5083682008368201 1.9593111127178509
479 0.5073068893528184 1.959841833764899
480 0.50625 1.9603703271076898
481 0.5051975051975052 1.9608966090906859
482 0.504149377593361 1.9614206958824616
483 0.5031055900621118 1.9619426034782408
484 0.5041322314049587 1.9614292692706714
485 0.5030927835051546 1.9619490068797294
486 0.5020576131687243 1.9624665990054146
487 0.5030800821355236 1.9619553576855426
488 0.5020491803278688 1.9624708154613995
489 0.5010224948875256 1.9629841606935192
490 0.5020408163265306 1.9624749974970475
491 0.5030549898167006 1.9619679040810754
492 0.5040650406504065 1.9614628657767548
493 0.5030425963488844 1.9619741009301859
494 0.5040485829959515 1.9614710948748515
495 0.5050505050505051 1.9609701130243067
496 0.5040322580645161 1.9614792576070872
497 0.5050301810865191 1.9609802755226713
498 0.5040160642570282 1.9614873547730847
499 0.5050100200400801 1.9609903565540168
500 0.504 1.961495387159673
