# parameters:
#  num_nodes=4, num_iters=1200, ntest=3, seed=19200
#  dishonest_nodes=2, dishonest_action=1
# columns:
#  iteration   running_frequency   running_estimation   average_phase
1 1.0 1.5707963267948966 1.1305373571643882
2 1.0 1.5707963267948966 1.1305373571643882
3 0.6666666666666666 1.2630564724597029 1.1305373571643882
4 0.75 1.308996938995747 1.1305373571643882
5 0.6 1.2284367252937551 1.1305373571643882
6 0.6666666666666666 1.2630564724597029 1.1305373571643882
7 0.7142857142857143 1.2888250061145823 1.1305373571643882
8 0.75 1.308996938995747 1.1305373571643882
9 0.6666666666666666 1.2630564724597029 1.1305373571643882
10 0.6 1.2284367252937551 1.1305373571643882
11 0.6363636363636364 1.2471539027870704 1.1305373571643882
12 0.6666666666666666 1.2630564724597029 1.1305373571643882
13 0.6153846153846154 1.236314289660693 1.1305373571643882
14 0.5714285714285714 1.2139341373225137 1.1305373571643882
15 0.6 1.2284367252937551 1.1305373571643882
16 0.625 1.2412673088816921 1.1305373571643882
17 0.6470588235294118 1.2527302953923916 1.1305373571643882
18 0.6111111111111112 1.2341205181715151 1.1305373571643882
19 0.5789473684210527 1.2177368152555974 1.1305373571643882
20 0.6 1.2284367252937551 1.1305373571643882
21 0.5714285714285714 1.2139341373225137 1.1305373571643882
22 0.5454545454545454 1.200855939605526 1.1305373571643882
23 0.5217391304347826 1.1889702377937015 1.1305373571643882
24 0.5 1.1780972450961724 1.1305373571643882
25 0.52 1.1880999136846697 1.1305373571643882
26 0.5 1.1780972450961724 1.1305373571643882
27 0.5185185185185185 1.1873586225491954 1.1305373571643882
28 0.5357142857142857 1.1959696075675526 1.1305373571643882
29 0.5172413793103449 1.1867196440865921 1.1305373571643882
30 0.5333333333333333 1.1947762821987287 1.1305373571643882
31 0.5161290322580645 1.1861631605132341 1.1305373571643882
32 0.5 1.1780972450961724 1.1305373571643882
33 0.5151515151515151 1.1856741625877192 1.1305373571643882
34 0.5294117647058824 1.1928116215829427 1.1305373571643882
35 0.5428571428571428 1.1995521427226463 1.1305373571643882
36 0.5555555555555556 1.2059324986814133 1.1305373571643882
37 0.5675675675675675 1.211984706941154 1.1305373571643882
38 0.5526315789473685 1.2044618764460018 1.1305373571643882
39 0.5384615384615384 1.1973470302603784 1.1305373571643882
40 0.525 1.190602459297615 1.1305373571643882
41 0.5365853658536586 1.1964062905120785 1.1305373571643882
42 0.5238095238095238 1.1900065107522733 1.1305373571643882
43 0.5348837209302325 1.1955532863420129 1.1305373571643882
44 0.5227272727272727 1.1894647982004216 1.1305373571643882
45 0.5111111111111111 1.183653258000739 1.1305373571643882
46 0.5217391304347826 1.1889702377937015 1.1305373571643882
47 0.5319148936170213 1.194065547568658 1.1305373571643882
48 0.5416666666666666 1.198954766748826 1.1305373571643882
49 0.5510204081632653 1.203651928005151 1.1305373571643882
50 0.54 1.1981186401045871 1.1305373571643882
51 0.5294117647058824 1.1928116215829427 1.1305373571643882
52 0.5384615384615384 1.1973470302603784 1.1305373571643882
53 0.5283018867924528 1.192255755981794 1.1305373571643882
54 0.5370370370370371 1.1966327406546131 1.1305373571643882
55 0.5272727272727272 1.191740379634842 1.1305373571643882
56 0.5357142857142857 1.1959696075675526 1.1305373571643882
57 0.5263157894736842 1.1912612221615648 1.1305373571643882
58 0.5172413793103449 1.1867196440865921 1.1305373571643882
59 0.5084745762711864 1.1823347361349543 1.1305373571643882
60 0.5166666666666667 1.186432122411498 1.1305373571643882
61 0.5081967213114754 1.1821957893430761 1.1305373571643882
62 0.5 1.1780972450961724 1.1305373571643882
63 0.5079365079365079 1.1820656657186612 1.1305373571643882
64 0.5 1.1780972450961724 1.1305373571643882
65 0.5076923076923077 1.1819435506805336 1.1305373571643882
66 0.5151515151515151 1.1856741625877192 1.1305373571643882
67 0.5223880597014925 1.1892950188123343 1.1305373571643882
68 0.5294117647058824 1.1928116215829427 1.1305373571643882
69 0.5362318840579711 1.1962290791675798 1.1305373571643882
70 0.5428571428571428 1.1995521427226463 1.1305373571643882
71 0.5492957746478874 1.2027852388834877 1.1305373571643882
72 0.5555555555555556 1.2059324986814133 1.1305373571643882
73 0.5616438356164384 1.2089977832792194 1.1305373571643882
74 0.5675675675675675 1.211984706941154 1.1305373571643882
75 0.5733333333333334 1.2148966575904692 1.1305373571643882
76 0.5657894736842105 1.2110876470111411 1.1305373571643882
77 0.5714285714285714 1.2139341373225137 1.1305373571643882
78 0.5769230769230769 1.2167121447172184 1.1305373571643882
79 0.5822784810126582 1.2194244534305112 1.1305373571643882
80 0.575 1.215739313290344 1.1305373571643882
81 0.5679012345679012 1.212153092689733 1.1305373571643882
82 0.5609756097560976 1.2086611298561178 1.1305373571643882
83 0.5662650602409639 1.2113275411836857 1.1305373571643882
84 0.5595238095238095 1.207929901298079 1.1305373571643882
85 0.5647058823529412 1.2105411783349682 1.1305373571643882
86 0.5581395348837209 1.2072329222085072 1.1305373571643882
87 0.5517241379310345 1.204005664974855 1.1305373571643882
88 0.5454545454545454 1.200855939605526 1.1305373571643882
89 0.5393258426966292 1.1977804958462843 1.1305373571643882
90 0.5333333333333333 1.1947762821987287 1.1305373571643882
91 0.5274725274725275 1.1918404297752003 1.1305373571643882
92 0.532608695652174 1.1944131730026457 1.1305373571643882
93 0.5268817204301075 1.1915445888995326 1.1305373571643882
94 0.5212765957446809 1.1887387561798683 1.1305373571643882
95 0.5263157894736842 1.1912612221615648 1.1305373571643882
96 0.5208333333333334 1.1885169282018169 1.1305373571643882
97 0.5154639175257731 1.1858304370329555 1.1305373571643882
98 0.5204081632653061 1.1883041621415982 1.1305373571643882
99 0.5151515151515151 1.1856741625877192 1.1305373571643882
100 0.52 1.1880999136846697 1.1305373571643882
101 0.5148514851485149 1.1855240800180855 1.1305373571643882
102 0.5196078431372549 1.1879036812649555 1.1305373571643882
103 0.5145631067961165 1.1853798284218222 1.1305373571643882
104 0.5096153846153846 1.1829052337853108 1.1305373571643882
105 0.5142857142857142 1.1852410744134956 1.1305373571643882
106 0.5094339622641509 1.1828145061461872 1.1305373571643882
107 0.514018691588785 1.185107509550683 1.1305373571643882
108 0.5185185185185185 1.1873586225491954 1.1305373571643882
109 0.5229357798165137 1.1895691606063563 1.1305373571643882
110 0.5272727272727272 1.191740379634842 1.1305373571643882
111 0.5315315315315315 1.1938734795513262 1.1305373571643882
112 0.5357142857142857 1.1959696075675526 1.1305373571643882
113 0.5398230088495575 1.1980298612402016 1.1305373571643882
114 0.5350877192982456 1.1956555361415042 1.1305373571643882
115 0.5391304347826087 1.197682489790412 1.1305373571643882
116 0.5431034482758621 1.199675752971932 1.1305373571643882
117 0.5384615384615384 1.1973470302603784 1.1305373571643882
118 0.5423728813559322 1.1993091277038959 1.1305373571643882
119 0.5462184873949579 1.20123952583364 1.1305373571643882
120 0.5416666666666666 1.198954766748826 1.1305373571643882
121 0.5371900826446281 1.1967094751413612 1.1305373571643882
122 0.5409836065573771 1.198612064148745 1.1305373571643882
123 0.5447154471544715 1.2004848788636375 1.1305373571643882
124 0.5403225806451613 1.198280453261035 1.1305373571643882
125 0.544 1.2001257391711022 1.1305373571643882
126 0.5476190476190477 1.2019429098482248 1.1305373571643882
127 0.5433070866141733 1.199777954414608 1.1305373571643882
128 0.5390625 1.197648418079861 1.1305373571643882
129 0.5348837209302325 1.1955532863420129 1.1305373571643882
130 0.5307692307692308 1.193491587276657 1.1305373571643882
131 0.5343511450381679 1.1952863578582487 1.1305373571643882
132 0.5303030303030303 1.1932580511040514 1.1305373571643882
133 0.5263157894736842 1.1912612221615648 1.1305373571643882
134 0.5223880597014925 1.1892950188123343 1.1305373571643882
135 0.5185185185185185 1.1873586225491954 1.1305373571643882
136 0.5220588235294118 1.189130237878368 1.1305373571643882
137 0.5182481751824818 1.1872233594249508 1.1305373571643882
138 0.5217391304347826 1.1889702377937015 1.1305373571643882
139 0.5179856115107914 1.1870919913235103 1.1305373571643882
140 0.5214285714285715 1.1888148134077317 1.1305373571643882
141 0.524822695035461 1.1905136965785332 1.1305373571643882
142 0.528169014084507 1.1921892134420633 1.1305373571643882
143 0.5314685314685315 1.193841916821167 1.1305373571643882
144 0.5347222222222222 1.1954723406591552 1.1305373571643882
145 0.5379310344827586 1.1970810008719162 1.1305373571643882
146 0.541095890410959 1.198668396151923 1.1305373571643882
147 0.54421768707483 1.2002350087274085 1.1305373571643882
148 0.5472972972972973 1.2017813050797088 1.1305373571643882
149 0.5503355704697986 1.2033077366215559 1.1305373571643882
150 0.5533333333333333 1.2048147403388687 1.1305373571643882
151 0.5496688741721855 1.2029727089501137 1.1305373571643882
152 0.5460526315789473 1.2011562426324913 1.1305373571643882
153 0.5424836601307189 1.1993647175941837 1.1305373571643882
154 0.5454545454545454 1.200855939605526 1.1305373571643882
155 0.5419354838709678 1.1990896475416406 1.1305373571643882
156 0.5384615384615384 1.1973470302603784 1.1305373571643882
157 0.535031847133758 1.1956275311275344 1.1305373571643882
158 0.5379746835443038 1.197102888548657 1.1305373571643882
159 0.5408805031446541 1.1985603388262824 1.1305373571643882
160 0.5375 1.1968648678653515 1.1305373571643882
161 0.5341614906832298 1.195191307335111 1.1305373571643882
162 0.5370370370370371 1.1966327406546131 1.1305373571643882
163 0.5337423312883436 1.194981242775473 1.1305373571643882
164 0.5304878048780488 1.1933506095764987 1.1305373571643882
165 0.5272727272727272 1.191740379634842 1.1305373571643882
166 0.5301204819277109 1.193166609837166 1.1305373571643882
167 0.5329341317365269 1.1945762416850179 1.1305373571643882
168 0.5297619047619048 1.1929869989277506 1.1305373571643882
169 0.5325443786982249 1.1943809460524428 1.1305373571643882
170 0.5352941176470588 1.1957589918740856 1.1305373571643882
171 0.5380116959064327 1.1971214483889019 1.1305373571643882
172 0.5348837209302325 1.1955532863420129 1.1305373571643882
173 0.5375722543352601 1.1969010972688854 1.1305373571643882
174 0.5402298850574713 1.1982339543629117 1.1305373571643882
175 0.5428571428571428 1.1995521427226463 1.1305373571643882
176 0.5454545454545454 1.200855939605526 1.1305373571643882
177 0.5423728813559322 1.1993091277038959 1.1305373571643882
178 0.5393258426966292 1.1977804958462843 1.1305373571643882
179 0.5363128491620112 1.1962696686664944 1.1305373571643882
180 0.5333333333333333 1.1947762821987287 1.1305373571643882
181 0.5303867403314917 1.1932999834131235 1.1305373571643882
182 0.5274725274725275 1.1918404297752003 1.1305373571643882
183 0.5245901639344263 1.1903972888277403 1.1305373571643882
184 0.5271739130434783 1.1916908991247834 1.1305373571643882
185 0.5243243243243243 1.1902642097214233 1.1305373571643882
186 0.5268817204301075 1.1915445888995326 1.1305373571643882
187 0.5240641711229946 1.1901339805676294 1.1305373571643882
188 0.5212765957446809 1.1887387561798683 1.1305373571643882
189 0.5185185185185185 1.1873586225491954 1.1305373571643882
190 0.5157894736842106 1.1859932946720844 1.1305373571643882
191 0.5130890052356021 1.184642495423013 1.1305373571643882
192 0.515625 1.1859110172210463 1.1305373571643882
193 0.5129533678756477 1.1845746537336321 1.1305373571643882
194 0.5103092783505154 1.1832522495688786 1.1305373571643882
195 0.5128205128205128 1.1845082041312018 1.1305373571643882
196 0.5102040816326531 1.183199640139716 1.1305373571643882
197 0.5126903553299492 1.184443104198627 1.1305373571643882
198 0.5151515151515151 1.1856741625877192 1.1305373571643882
199 0.5125628140703518 1.1843793132249394 1.1305373571643882
200 0.515 1.1855983705520416 1.1305373571643882
201 0.5174129353233831 1.1868054736462992 1.1305373571643882
202 0.5198019801980198 1.1880008252640983 1.1305373571643882
203 0.5221674876847291 1.1891846231700753 1.1305373571643882
204 0.5196078431372549 1.1879036812649555 1.1305373571643882
205 0.5170731707317073 1.1866354902371932 1.1305373571643882
206 0.5194174757281553 1.1878084249957055 1.1305373571643882
207 0.5169082125603864 1.1865529634891558 1.1305373571643882
208 0.5192307692307693 1.1877150019480045 1.1305373571643882
209 0.5167464114832536 1.18647201709594 1.1305373571643882
210 0.5190476190476191 1.1876233596925825 1.1305373571643882
211 0.5213270142180095 1.1887639883259689 1.1305373571643882
212 0.5188679245283019 1.187533447781031 1.1305373571643882
213 0.5211267605633803 1.1886637711453862 1.1305373571643882
214 0.5186915887850467 1.1874452176531074 1.1305373571643882
215 0.5162790697674419 1.1862382186948044 1.1305373571643882
216 0.5185185185185185 1.1873586225491954 1.1305373571643882
217 0.5207373271889401 1.1884688835981796 1.1305373571643882
218 0.5229357798165137 1.1895691606063563 1.1305373571643882
219 0.5205479452054794 1.1883741118034168 1.1305373571643882
220 0.5227272727272727 1.1894647982004216 1.1305373571643882
221 0.5203619909502263 1.1882810567731286 1.1305373571643882
222 0.5180180180180181 1.187108205089173 1.1305373571643882
223 0.515695067264574 1.1859460680490757 1.1305373571643882
224 0.5133928571428571 1.184794474679024 1.1305373571643882
225 0.5111111111111111 1.183653258000739 1.1305373571643882
226 0.5088495575221239 1.1825222549065268 1.1305373571643882
227 0.5066079295154186 1.1814013060392665 1.1305373571643882
228 0.5043859649122807 1.1802902556770998 1.1305373571643882
229 0.5021834061135371 1.179188951622594 1.1305373571643882
230 0.5 1.1780972450961724 1.1305373571643882
231 0.49783549783549785 1.1770149906336118 1.1305373571643882
232 0.5 1.1780972450961724 1.1305373571643882
233 0.4978540772532189 1.1770242804287743 1.1305373571643882
234 0.5 1.1780972450961724 1.1305373571643882
235 0.4978723404255319 1.1770334120983197 1.1305373571643882
236 0.4957627118644068 1.1759785756679366 1.1305373571643882
237 0.4978902953586498 1.1770423896454767 1.1305373571643882
238 0.4957983193277311 1.1759963800335933 1.1305373571643882
239 0.497907949790795 1.1770512169394718 1.1305373571643882
240 0.5 1.1780972450961724 1.1305373571643882
241 0.4979253112033195 1.1770598977210915 1.1305373571643882
242 0.5 1.1780972450961724 1.1305373571643882
243 0.5020576131687243 1.1791260545843785 1.1305373571643882
244 0.5 1.1780972450961724 1.1305373571643882
245 0.49795918367346936 1.1770768340995992 1.1305373571643882
246 0.5 1.1780972450961724 1.1305373571643882
247 0.4979757085020243 1.1770850965821467 1.1305373571643882
248 0.5 1.1780972450961724 1.1305373571643882
249 0.5020080321285141 1.1791012638593734 1.1305373571643882
250 0.5 1.1780972450961724 1.1305373571643882
251 0.49800796812749004 1.1771012265249776 1.1305373571643882
252 0.49603174603174605 1.1761130972820375 1.1305373571643882
253 0.49407114624505927 1.1751327487453205 1.1305373571643882
254 0.49606299212598426 1.176128720817349 1.1305373571643882
255 0.49411764705882355 1.17515600077415 1.1305373571643882
256 0.4921875 1.1741908361329882 1.1305373571643882
257 0.49416342412451364 1.1751788908788436 1.1305373571643882
258 0.49224806201550386 1.1742211208092384 1.1305373571643882
259 0.49034749034749037 1.1732706904418237 1.1305373571643882
260 0.48846153846153845 1.172327502142287 1.1305373571643882
261 0.48659003831417624 1.171391460168243 1.1305373571643882
262 0.48854961832061067 1.172371553713758 1.1305373571643882
263 0.4866920152091255 1.171442466824573 1.1305373571643882
264 0.48484848484848486 1.1705203276046257 1.1305373571643882
265 0.4830188679245283 1.1696050459907712 1.1305373571643882
266 0.48120300751879697 1.168696533618557 1.1305373571643882
267 0.48314606741573035 1.1696686821726952 1.1305373571643882
268 0.48134328358208955 1.1687667208963766 1.1305373571643882
269 0.4795539033457249 1.1678713455080403 1.1305373571643882
270 0.4777777777777778 1.1669824727507296 1.1305373571643882
271 0.47601476014760147 1.166100020897155 1.1305373571643882
272 0.47794117647058826 1.167064252313977 1.1305373571643882
273 0.47619047619047616 1.1661879794400716 1.1305373571643882
274 0.4744525547445255 1.1653179578949244 1.1305373571643882
275 0.4727272727272727 1.1644541105575028 1.1305373571643882
276 0.4746376811594203 1.1654106412894316 1.1305373571643882
277 0.47653429602888087 1.166360081790097 1.1305373571643882
278 0.4748201438848921 1.1655019894021859 1.1305373571643882
279 0.4767025089605735 1.1664442803693045 1.1305373571643882
280 0.4785714285714286 1.1673796767846132 1.1305373571643882
281 0.47686832740213525 1.166527279097551 1.1305373571643882
282 0.475177304964539 1.1656807936138116 1.1305373571643882
283 0.47703180212014135 1.166609103449642 1.1305373571643882
284 0.4788732394366197 1.1675307190469584 1.1305373571643882
285 0.47719298245614034 1.166689778184039 1.1305373571643882
286 0.4755244755244755 1.165854590215968 1.1305373571643882
287 0.47735191637630664 1.1667693273678716 1.1305373571643882
288 0.4756944444444444 1.1659396759714287 1.1305373571643882
289 0.4740484429065744 1.1651156334952142 1.1305373571643882
290 0.4724137931034483 1.164297134354856 1.1305373571643882
291 0.47079037800687284 1.163484114079547 1.1305373571643882
292 0.4726027397260274 1.1643917507963186 1.1305373571643882
293 0.4709897610921502 1.1635839750084283 1.1305373571643882
294 0.47278911564625853 1.164485078014065 1.1305373571643882
295 0.4745762711864407 1.165379896628661 1.1305373571643882
296 0.47297297297297297 1.1645771421926283 1.1305373571643882
297 0.47474747474747475 1.1654656085379878 1.1305373571643882
298 0.47315436241610737 1.1646679688118817 1.1305373571643882
299 0.47157190635451507 1.1638755289955258 1.1305373571643882
300 0.47 1.1630882304848527 1.1305373571643882
301 0.4684385382059801 1.1623060156345066 1.1305373571643882
302 0.47019867549668876 1.1631877463374531 1.1305373571643882
303 0.46864686468646866 1.1624103856414356 1.1305373571643882
304 0.46710526315789475 1.1616379887726076 1.1305373571643882
305 0.46885245901639344 1.16251338417735 1.1305373571643882
306 0.47058823529411764 1.163382868609402 1.1305373571643882
307 0.4723127035830619 1.1642465122060355 1.1305373571643882
308 0.474025974025974 1.165104383878696 1.1305373571643882
309 0.47249190938511326 1.1643362519092013 1.1305373571643882
310 0.47419354838709676 1.1651882836118803 1.1305373571643882
311 0.47266881028938906 1.164424835663131 1.1305373571643882
312 0.47115384615384615 1.1636661551983742 1.1305373571643882
313 0.4696485623003195 1.1629121907444606 1.1305373571643882
314 0.4681528662420382 1.1621628916350137 1.1305373571643882
315 0.4666666666666667 1.1614182079936162 1.1305373571643882
316 0.4651898734177215 1.160678090717433 1.1305373571643882
317 0.4637223974763407 1.1599424914612668 1.1305373571643882
318 0.46540880503144655 1.1607878211047495 1.1305373571643882
319 0.46394984326018807 1.1600565129859348 1.1305373571643882
320 0.4625 1.1593296223269933 1.1305373571643882
321 0.46105919003115264 1.1586071030834786 1.1305373571643882
322 0.45962732919254656 1.1578889099064158 1.1305373571643882
323 0.4613003095975232 1.1587280278890066 1.1305373571643882
324 0.46296296296296297 1.1595617495377317 1.1305373571643882
325 0.46153846153846156 1.1588474599319665 1.1305373571643882
326 0.46319018404907975 1.1596756711340457 1.1305373571643882
327 0.4617737003058104 1.1589654267110234 1.1305373571643882
328 0.4634146341463415 1.1597881996802664 1.1305373571643882
329 0.46504559270516715 1.1606057741606417 1.1305373571643882
330 0.4666666666666667 1.1614182079936162 1.1305373571643882
331 0.46827794561933533 1.162225558070845 1.1305373571643882
332 0.46987951807228917 1.1630278803551788 1.1305373571643882
333 0.46846846846846846 1.1623210106410187 1.1305373571643882
334 0.47005988023952094 1.1631182245346956 1.1305373571643882
335 0.46865671641791046 1.16241532121719 1.1305373571643882
336 0.46726190476190477 1.16171647881193 1.1305373571643882
337 0.4688427299703264 1.162508510184968 1.1305373571643882
338 0.46745562130177515 1.161813544139902 1.1305373571643882
339 0.46607669616519176 1.1611225532771023 1.1305373571643882
340 0.4647058823529412 1.1604354983182592 1.1305373571643882
341 0.4633431085043988 1.1597523405480554 1.1305373571643882
342 0.4649122807017544 1.1605389540508406 1.1305373571643882
343 0.46647230320699706 1.161320808311663 1.1305373571643882
344 0.46511627906976744 1.1606412038503318 1.1305373571643882
345 0.4666666666666667 1.1614182079936162 1.1305373571643882
346 0.4653179190751445 1.160742268696949 1.1305373571643882
347 0.46397694524495675 1.160070099311675 1.1305373571643882
348 0.46264367816091956 1.1594016635315776 1.1305373571643882
349 0.46418338108882523 1.160173584620463 1.1305373571643882
350 0.46285714285714286 1.1595086933082452 1.1305373571643882
351 0.46153846153846156 1.1588474599319665 1.1305373571643882
352 0.4630681818181818 1.159614503482131 1.1305373571643882
353 0.46458923512747874 1.1603770283713697 1.1305373571643882
354 0.4632768361581921 1.1597191147999606 1.1305373571643882
355 0.4619718309859155 1.1590647813337256 1.1305373571643882
356 0.4606741573033708 1.1584139943460605 1.1305373571643882
357 0.45938375350140054 1.1577667206682072 1.1305373571643882
358 0.4581005586592179 1.1571229275809722 1.1305373571643882
359 0.4596100278551532 1.1578802308865048 1.1305373571643882
360 0.46111111111111114 1.1586331426099874 1.1305373571643882
361 0.4626038781163435 1.1593817076752333 1.1305373571643882
362 0.46408839779005523 1.160125970326765 1.1305373571643882
363 0.4628099173553719 1.1594850150509837 1.1305373571643882
364 0.4642857142857143 1.1602248826247923 1.1305373571643882
365 0.46301369863013697 1.1595871871592074 1.1305373571643882
366 0.46174863387978143 1.1589528566841025 1.1305373571643882
367 0.46321525885558584 1.1596882426281274 1.1305373571643882
368 0.46195652173913043 1.1590571044654867 1.1305373571643882
369 0.46070460704607047 1.1584292664914257 1.1305373571643882
370 0.46216216216216216 1.1591602219803185 1.1305373571643882
371 0.4636118598382749 1.1598870761434408 1.1305373571643882
372 0.4650537634408602 1.1606098695459708 1.1305373571643882
373 0.46648793565683644 1.1613286421603561 1.1305373571643882
374 0.4679144385026738 1.1620434333779883 1.1305373571643882
375 0.4693333333333333 1.1627542820205898 1.1305373571643882
376 0.47074468085106386 1.163461226351314 1.1305373571643882
377 0.47214854111405835 1.1641643040855723 1.1305373571643882
378 0.4708994708994709 1.1635387534940664 1.1305373571643882
379 0.46965699208443273 1.1629164134214753 1.1305373571643882
380 0.46842105263157896 1.1622972553675388 1.1305373571643882
381 0.4671916010498688 1.161681251199475 1.1305373571643882
382 0.468586387434555 1.1623800872738579 1.1305373571643882
383 0.46736292428198434 1.1617670968564393 1.1305373571643882
384 0.46875 1.1624620546470497 1.1305373571643882
385 0.4675324675324675 1.161852048712171 1.1305373571643882
386 0.4689119170984456 1.1625431709605305 1.1305373571643882
387 0.46770025839793283 1.1619361206631138 1.1305373571643882
388 0.4690721649484536 1.1626234494090149 1.1305373571643882
389 0.4704370179948586 1.1633071281312781 1.1305373571643882
390 0.4717948717948718 1.1639871909283293 1.1305373571643882
391 0.47058823529411764 1.163382868609402 1.1305373571643882
392 0.4719387755102041 1.164059256953682 1.1305373571643882
393 0.4707379134860051 1.1634578368605137 1.1305373571643882
394 0.46954314720812185 1.1628593854802023 1.1305373571643882
395 0.46835443037974683 1.162263877463389 1.1305373571643882
396 0.4671717171717172 1.16167128777515 1.1305373571643882
397 0.4659949622166247 1.1610815916898054 1.1305373571643882
398 0.46733668341708545 1.161753948360518 1.1305373571643882
399 0.46867167919799496 1.1624228173430955 1.1305373571643882
400 0.4675 1.1618357805775197 1.1305373571643882
401 0.46633416458852867 1.1612515825492635 1.1305373571643882
402 0.4651741293532338 1.1606701995290725 1.1305373571643882
403 0.4665012406947891 1.1613353096662284 1.1305373571643882
404 0.46534653465346537 1.1607566110023733 1.1305373571643882
405 0.4641975308641975 1.1601806777228394 1.1305373571643882
406 0.46551724137931033 1.1608421690866564 1.1305373571643882
407 0.4643734643734644 1.1602688697480272 1.1305373571643882
408 0.46568627450980393 1.1609268863716948 1.1305373571643882
409 0.46454767726161367 1.16035619706961 1.1305373571643882
410 0.4658536585365854 1.1610107752006371 1.1305373571643882
411 0.46472019464720193 1.160442672353473 1.1305373571643882
412 0.46601941747572817 1.1610938476760202 1.1305373571643882
413 0.46731234866828086 1.1617417549206945 1.1305373571643882
414 0.46859903381642515 1.162386422976447 1.1305373571643882
415 0.4674698795180723 1.161820688390945 1.1305373571643882
416 0.46875 1.1624620546470497 1.1305373571643882
417 0.47002398081534774 1.163100242516368 1.1305373571643882
418 0.47129186602870815 1.163735279718344 1.1305373571643882
419 0.4701670644391408 1.1631719126293287 1.1305373571643882
420 0.4714285714285714 1.1638037448260066 1.1305373571643882
421 0.47030878859857483 1.1632429005804386 1.1305373571643882
422 0.471563981042654 1.163871559917338 1.1305373571643882
423 0.47044917257683216 1.163313216068547 1.1305373571643882
424 0.4716981132075472 1.163938734210551 1.1305373571643882
425 0.47058823529411764 1.163382868609402 1.1305373571643882
426 0.47183098591549294 1.1640052767502815 1.1305373571643882
427 0.4707259953161593 1.1634518675399543 1.1305373571643882
428 0.4696261682242991 1.162900973004311 1.1305373571643882
429 0.47086247086247085 1.1635202220225387 1.1305373571643882
430 0.4697674418604651 1.1629717399103818 1.1305373571643882
431 0.46867749419953597 1.1624257305668726 1.1305373571643882
432 0.4675925925925926 1.1618821747056032 1.1305373571643882
433 0.4665127020785219 1.1613410532587114 1.1305373571643882
434 0.46774193548387094 1.1619570027668031 1.1305373571643882
435 0.4666666666666667 1.1614182079936162 1.1305373571643882
436 0.46559633027522934 1.1608818076958365 1.1305373571643882
437 0.4645308924485126 1.1603477834768328 1.1305373571643882
438 0.4657534246575342 1.160960540634935 1.1305373571643882
439 0.46697038724373574 1.161570403792572 1.1305373571643882
440 0.4659090909090909 1.1610385561408776 1.1305373571643882
441 0.46485260770975056 1.1605090436901455 1.1305373571643882
442 0.4638009049773756 1.1599818487172375 1.1305373571643882
443 0.46275395033860045 1.1594569536942891 1.1305373571643882
444 0.46396396396396394 1.1600635917539015 1.1305373571643882
445 0.4651685393258427 1.1606673977096962 1.1305373571643882
446 0.4663677130044843 1.1612683948722684 1.1305373571643882
447 0.465324384787472 1.160745509357091 1.1305373571643882
448 0.4642857142857143 1.1602248826247923 1.1305373571643882
449 0.46325167037861914 1.159706497810457 1.1305373571643882
450 0.46444444444444444 1.1603044500387325 1.1305373571643882
451 0.4634146341463415 1.1597881996802664 1.1305373571643882
452 0.4646017699115044 1.1603833115347966 1.1305373571643882
453 0.46357615894039733 1.1598691781876855 1.1305373571643882
454 0.46255506607929514 1.1593572330169204 1.1305373571643882
455 0.46373626373626375 1.1599494429054582 1.1305373571643882
456 0.46271929824561403 1.1594395793299408 1.1305373571643882
457 0.4638949671772429 1.1600290032380116 1.1305373571643882
458 0.462882096069869 1.1595212044596788 1.1305373571643882
459 0.46187363834422657 1.1590155420231818 1.1305373571643882
460 0.4608695652173913 1.158512000401933 1.1305373571643882
461 0.4598698481561822 1.1580105642330778 1.1305373571643882
462 0.4588744588744589 1.1575112183152005 1.1305373571643882
463 0.46004319654427644 1.1580975177325632 1.1305373571643882
464 0.46120689655172414 1.1586811804917994 1.1305373571643882
465 0.46236559139784944 1.1592622275286208 1.1305373571643882
466 0.463519313304721 1.1598406795327523 1.1305373571643882
467 0.4625267665952891 1.1593430433976177 1.1305373571643882
468 0.4636752136752137 1.1599188371360862 1.1305373571643882
469 0.464818763326226 1.1604920794929305 1.1305373571643882
470 0.46382978723404256 1.159996327811148 1.1305373571643882
471 0.46284501061571126 1.1595026103748818 1.1305373571643882
472 0.4639830508474576 1.1600731600655494 1.1305373571643882
473 0.46511627906976744 1.1606412038503318 1.1305373571643882
474 0.4641350210970464 1.1601493422626878 1.1305373571643882
475 0.4652631578947368 1.1607148218939736 1.1305373571643882
476 0.46638655462184875 1.1612778370538588 1.1305373571643882
477 0.46540880503144655 1.1607878211047495 1.1305373571643882
478 0.46443514644351463 1.1602997892358913 1.1305373571643882
479 0.46346555323590816 1.1598137275590115 1.1305373571643882
480 0.4625 1.1593296223269933 1.1305373571643882
481 0.46361746361746364 1.159889885481434 1.1305373571643882
482 0.46473029045643155 1.160447732867479 1.1305373571643882
483 0.463768115942029 1.159965411024765 1.1305373571643882
484 0.46487603305785125 1.160520785390709 1.1305373571643882
485 0.465979381443299 1.1610737832153744 1.1305373571643882
486 0.46502057613168724 1.160593235173851 1.1305373571643882
487 0.46406570841889117 1.1601145962476564 1.1305373571643882
488 0.46311475409836067 1.159637853325295 1.1305373571643882
489 0.4621676891615542 1.159162993426015 1.1305373571643882
490 0.463265306122449 1.159713334164674 1.1305373571643882
491 0.46435845213849286 1.1602613444953076 1.1305373571643882
492 0.4634146341463415 1.1597881996802664 1.1305373571643882
493 0.46247464503042596 1.1593169090113322 1.1305373571643882
494 0.46153846153846156 1.1588474599319665 1.1305373571643882
495 0.46060606060606063 1.1583798400090584 1.1305373571643882
496 0.46169354838709675 1.1589252328658055 1.1305373571643882
497 0.4607645875251509 1.1584593496371405 1.1305373571643882
498 0.4598393574297189 1.1579952694904996 1.1305373571643882
499 0.4589178356713427 1.157532980373468 1.1305373571643882
500 0.458 1.1570724703505015 1.1305373571643882
501 0.4590818363273453 1.157615257787295 1.1305373571643882
502 0.4581673306772908 1.1571564312448235 1.1305373571643882
503 0.4572564612326044 1.156699358773236 1.1305373571643882
504 0.4583333333333333 1.1572397234435186 1.1305373571643882
505 0.4594059405940594 1.1577778509780827 1.1305373571643882
506 0.45849802371541504 1.1573223549127425 1.1305373571643882
507 0.45759368836291914 1.1568685869519704 1.1305373571643882
508 0.4566929133858268 1.1564165357777367 1.1305373571643882
509 0.45579567779960706 1.1559661901794982 1.1305373571643882
510 0.4549019607843137 1.155517539052843 1.1305373571643882
511 0.45596868884540115 1.156053034427535 1.1305373571643882
512 0.455078125 1.1556059802354017 1.1305373571643882
513 0.45419103313840153 1.155160597240596 1.1305373571643882
514 0.45330739299610895 1.1547168746663914 1.1305373571643882
515 0.4524271844660194 1.1542748018367606 1.1305373571643882
516 0.45155038759689925 1.1538343681751262 1.1305373571643882
517 0.4506769825918762 1.1533955632031299 1.1305373571643882
518 0.4517374517374517 1.1539283407525598 1.1305373571643882
519 0.4508670520231214 1.153491061908547 1.1305373571643882
520 0.45 1.1530553898057825 1.1305373571643882
521 0.4491362763915547 1.1526213142693167 1.1305373571643882
522 0.4482758620689655 1.1521888252174899 1.1305373571643882
523 0.4474187380497132 1.1517579126607949 1.1305373571643882
524 0.4484732824427481 1.1522880658115127 1.1305373571643882
525 0.44952380952380955 1.1528160835401209 1.1305373571643882
526 0.4505703422053232 1.1533419811008794 1.1305373571643882
527 0.4497153700189753 1.1529123537383583 1.1305373571643882
528 0.45075757575757575 1.1534360569675282 1.1305373571643882
529 0.45179584120982985 1.1539576722848215 1.1305373571643882
530 0.4509433962264151 1.1535294193637917 1.1305373571643882
531 0.4500941619585687 1.153102707520576 1.1305373571643882
532 0.45112781954887216 1.1536220763884992 1.1305373571643882
533 0.4521575984990619 1.1541393910480238 1.1305373571643882
534 0.45131086142322097 1.153714036018169 1.1305373571643882
535 0.4523364485981308 1.1542292267497287 1.1305373571643882
536 0.45149253731343286 1.1538053061093128 1.1305373571643882
537 0.45251396648044695 1.1543183902273164 1.1305373571643882
538 0.4516728624535316 1.153895894400687 1.1305373571643882
539 0.45269016697588127 1.154406889009227 1.1305373571643882
540 0.4537037037037037 1.1549158923402583 1.1305373571643882
541 0.45286506469500926 1.1544947305117321 1.1305373571643882
542 0.45387453874538747 1.155001677024271 1.1305373571643882
543 0.4530386740331492 1.1545819220410203 1.1305373571643882
544 0.4540441176470588 1.1550868282414821 1.1305373571643882
545 0.45504587155963305 1.155589787984573 1.1305373571643882
546 0.4542124542124542 1.155171352992616 1.1305373571643882
547 0.45521023765996343 1.1556723039974708 1.1305373571643882
548 0.4562043795620438 1.156171336937595 1.1305373571643882
549 0.4553734061930783 1.1557542163779617 1.1305373571643882
550 0.45454545454545453 1.1553385505868186 1.1305373571643882
551 0.455535390199637 1.1558355317343711 1.1305373571643882
552 0.45652173913043476 1.1563306245093234 1.1305373571643882
553 0.45750452079566006 1.156823841607359 1.1305373571643882
554 0.4584837545126354 1.1573151955976066 1.1305373571643882
555 0.45765765765765765 1.1569006870840388 1.1305373571643882
556 0.4568345323741007 1.156487611505211 1.1305373571643882
557 0.4578096947935368 1.1569769787221702 1.1305373571643882
558 0.45698924731182794 1.1565652578256935 1.1305373571643882
559 0.4561717352415027 1.1561549517538436 1.1305373571643882
560 0.45714285714285713 1.1566423474696985 1.1305373571643882
561 0.4563279857397504 1.1562333778068108 1.1305373571643882
562 0.45729537366548045 1.1567188864097186 1.1305373571643882
563 0.4564831261101243 1.156311244524533 1.1305373571643882
564 0.45567375886524825 1.155904990408866 1.1305373571643882
565 0.45486725663716815 1.155500115908227 1.1305373571643882
566 0.4540636042402827 1.1550966129375966 1.1305373571643882
567 0.4532627865961199 1.1546944734806415 1.1305373571643882
568 0.45422535211267606 1.1551778291467214 1.1305373571643882
569 0.45342706502636204 1.1547769726324688 1.1305373571643882
570 0.45263157894736844 1.1543774628102526 1.1305373571643882
571 0.45183887915936954 1.1539792918763827 1.1305373571643882
572 0.45104895104895104 1.1535824520926927 1.1305373571643882
573 0.450261780104712 1.1531869357858076 1.1305373571643882
574 0.44947735191637633 1.152792735346425 1.1305373571643882
575 0.4504347826086956 1.1532738667206446 1.1305373571643882
576 0.4496527777777778 1.1528808979396394 1.1305373571643882
577 0.4506065857885615 1.1533601920346628 1.1305373571643882
578 0.44982698961937717 1.1529684472971347 1.1305373571643882
579 0.44905008635578586 1.1525779941378707 1.1305373571643882
580 0.4482758620689655 1.1521888252174899 1.1305373571643882
581 0.4475043029259897 1.1518009332569983 1.1305373571643882
582 0.4484536082474227 1.1522781760387713 1.1305373571643882
583 0.44939965694682676 1.152753687700724 1.1305373571643882
584 0.4486301369863014 1.1523669115923192 1.1305373571643882
585 0.4478632478632479 1.1519813962984142 1.1305373571643882
586 0.44880546075085326 1.1524550382226497 1.1305373571643882
587 0.44804088586030666 1.1520707004630222 1.1305373571643882
588 0.4489795918367347 1.1525425621871939 1.1305373571643882
589 0.44821731748726656 1.1521593948485733 1.1305373571643882
590 0.44745762711864406 1.1517774655346058 1.1305373571643882
591 0.4467005076142132 1.151396767353097 1.1305373571643882
592 0.44763513513513514 1.1518667120043198 1.1305373571643882
593 0.448566610455312 1.1523349791393964 1.1305373571643882
594 0.4478114478114478 1.1519553541665066 1.1305373571643882
595 0.44873949579831934 1.152421881262357 1.1305373571643882
596 0.44966442953020136 1.152886753570789 1.1305373571643882
597 0.4489112227805695 1.152508198044493 1.1305373571643882
598 0.44816053511705684 1.1521308499989775 1.1305373571643882
599 0.44741235392320533 1.1517547027968338 1.1305373571643882
600 0.4483333333333333 1.1522177156791547 1.1305373571643882
601 0.4475873544093178 1.1518426894135652 1.1305373571643882
602 0.446843853820598 1.1514688500699846 1.1305373571643882
603 0.4461028192371476 1.1510961911765212 1.1305373571643882
604 0.4470198675496689 1.151557356857359 1.1305373571643882
605 0.4479338842975207 1.1520169078381686 1.1305373571643882
606 0.4471947194719472 1.1516452761356666 1.1305373571643882
607 0.4464579901153213 1.1512748105294732 1.1305373571643882
608 0.4473684210526316 1.151732613746343 1.1305373571643882
609 0.4482758620689655 1.1521888252174899 1.1305373571643882
610 0.44754098360655736 1.151819375453495 1.1305373571643882
611 0.44680851063829785 1.1514510776918545 1.1305373571643882
612 0.44607843137254904 1.151083925743708 1.1305373571643882
613 0.4469820554649266 1.151538343701226 1.1305373571643882
614 0.44625407166123776 1.1511722593755198 1.1305373571643882
615 0.44715447154471544 1.1516250389101974 1.1305373571643882
616 0.44642857142857145 1.1512600160707054 1.1305373571643882
617 0.44570502431118314 1.1508961192860843 1.1305373571643882
618 0.4449838187702265 1.150533342572729 1.1305373571643882
619 0.44426494345718903 1.1501716799930475 1.1305373571643882
620 0.4435483870967742 1.14981112565499 1.1305373571643882
621 0.4428341384863124 1.1494516737115876 1.1305373571643882
622 0.44212218649517687 1.1490933183604932 1.1305373571643882
623 0.44141252006420545 1.1487360538435305 1.1305373571643882
624 0.4423076923076923 1.149186696967099 1.1305373571643882
625 0.4416 1.1488304419382807 1.1305373571643882
626 0.44089456869009586 1.1484752656764758 1.1305373571643882
627 0.44019138755980863 1.1481211625605772 1.1305373571643882
628 0.4394904458598726 1.147768127011824 1.1305373571643882
629 0.43879173290937995 1.1474161534933784 1.1305373571643882
630 0.4396825396825397 1.1478648827974947 1.1305373571643882
631 0.43898573692551507 1.1475138882467106 1.1305373571643882
632 0.43829113924050633 1.1471639441286978 1.1305373571643882
633 0.43759873617693523 1.1468150450367434 1.1305373571643882
634 0.43690851735015773 1.1464671856043476 1.1305373571643882
635 0.43622047244094486 1.146120360504829 1.1305373571643882
636 0.43553459119496857 1.1457745644509314 1.1305373571643882
637 0.434850863422292 1.1454297921944385 1.1305373571643882
638 0.43573667711598746 1.1458764551587264 1.1305373571643882
639 0.4350547730829421 1.1455326209032666 1.1305373571643882
640 0.4359375 1.1459777037182466 1.1305373571643882
641 0.43681747269890797 1.1464212959503495 1.1305373571643882
642 0.43769470404984423 1.1468634064989272 1.1305373571643882
643 0.4385692068429238 1.1473040441840392 1.1305373571643882
644 0.43788819875776397 1.1469609114664872 1.1305373571643882
645 0.4372093023255814 1.146618784029795 1.1305373571643882
646 0.43653250773993807 1.146277656809544 1.1305373571643882
647 0.437403400309119 1.1467166050383315 1.1305373571643882
648 0.4367283950617284 1.146376396700974 1.1305373571643882
649 0.43759630200308164 1.1468138183587828 1.1305373571643882
650 0.4369230769230769 1.1464745240333873 1.1305373571643882
651 0.4377880184331797 1.1469104296511858 1.1305373571643882
652 0.4386503067484663 1.147344903282814 1.1305373571643882
653 0.43950995405819293 1.147777953309155 1.1305373571643882
654 0.44036697247706424 1.1482095880379313 1.1305373571643882
655 0.4396946564885496 1.1478709857618248 1.1305373571643882
656 0.43902439024390244 1.147533360336227 1.1305373571643882
657 0.4398782343987823 1.1479634476390983 1.1305373571643882
658 0.44072948328267475 1.14839213849258 1.1305373571643882
659 0.44157814871016693 1.1488194409684693 1.1305373571643882
660 0.4409090909090909 1.1484825780438832 1.1305373571643882
661 0.44175491679273826 1.1489084327263916 1.1305373571643882
662 0.44108761329305135 1.1485724672741304 1.1305373571643882
663 0.44042232277526394 1.1482374619565676 1.1305373571643882
664 0.44126506024096385 1.1486618112028677 1.1305373571643882
665 0.4406015037593985 1.1483276933528654 1.1305373571643882
666 0.43993993993993996 1.1479945256664443 1.1305373571643882
667 0.43928035982008995 1.1476623034942608 1.1305373571643882
668 0.43862275449101795 1.14733102221986 1.1305373571643882
669 0.43796711509715996 1.1470006772593686 1.1305373571643882
670 0.4373134328358209 1.1466712640611894 1.1305373571643882
671 0.43815201192250375 1.1470938433217137 1.1305373571643882
672 0.43898809523809523 1.147515076281322 1.1305373571643882
673 0.4398216939078752 1.1479349705811301 1.1305373571643882
674 0.4391691394658754 1.1476062779011884 1.1305373571643882
675 0.43851851851851853 1.1472785063824538 1.1305373571643882
676 0.4378698224852071 1.1469516515841696 1.1305373571643882
677 0.43722304283604135 1.1466257090965208 1.1305373571643882
678 0.4365781710914454 1.1463006745403477 1.1305373571643882
679 0.43593519882179677 1.1459765435668638 1.1305373571643882
680 0.43529411764705883 1.1456533118573766 1.1305373571643882
681 0.434654919236417 1.1453309751230112 1.1305373571643882
682 0.4340175953079179 1.1450095291044382 1.1305373571643882
683 0.43484626647144947 1.1454274739542503 1.1305373571643882
684 0.43567251461988304 1.1458441053339374 1.1305373571643882
685 0.4364963503649635 1.146259430606666 1.1305373571643882
686 0.43731778425655976 1.1466734570739696 1.1305373571643882
687 0.438136826783115 1.147086191976449 1.1305373571643882
688 0.438953488372093 1.1474976424944652 1.1305373571643882
689 0.4397677793904209 1.1479078157488196 1.1305373571643882
690 0.4391304347826087 1.147586780633975 1.1305373571643882
691 0.4384949348769899 1.1472666243573701 1.1305373571643882
692 0.43786127167630057 1.1469473427803563 1.1305373571643882
693 0.43722943722943725 1.146628931792455 1.1305373571643882
694 0.4365994236311239 1.1463113873111033 1.1305373571643882
695 0.437410071942446 1.1467199673051969 1.1305373571643882
696 0.4382183908045977 1.1471272893461408 1.1305373571643882
697 0.4375896700143472 1.14681047622948 1.1305373571643882
698 0.4369627507163324 1.1464945205878403 1.1305373571643882
699 0.4363376251788269 1.1461794184300378 1.1305373571643882
700 0.4357142857142857 1.1458651657917316 1.1305373571643882
701 0.43651925820256776 1.1462709780049454 1.1305373571643882
702 0.4373219373219373 1.146675550118088 1.1305373571643882
703 0.4366998577524893 1.1463620123596419 1.1305373571643882
704 0.4375 1.146765287304156 1.1305373571643882
705 0.43829787234042555 1.1471673366120012 1.1305373571643882
706 0.43909348441926344 1.147568166921575 1.1305373571643882
707 0.43847241867043846 1.1472552800672546 1.1305373571643882
708 0.4378531073446328 1.1469432287160577 1.1305373571643882
709 0.43723554301833567 1.146632009030352 1.1305373571643882
710 0.43661971830985913 1.14632161719798 1.1305373571643882
711 0.4360056258790436 1.1460120494320372 1.1305373571643882
712 0.43679775280898875 1.1464113563022793 1.1305373571643882
713 0.4375876577840112 1.1468094621835263 1.1305373571643882
714 0.438375350140056 1.1472063735150915 1.1305373571643882
715 0.43776223776223777 1.1468974383199666 1.1305373571643882
716 0.43854748603351956 1.1472931008411273 1.1305373571643882
717 0.43793584379358436 1.1469849198038082 1.1305373571643882
718 0.4373259052924791 1.1466775498768351 1.1305373571643882
719 0.4381084840055633 1.1470719108060616 1.1305373571643882
720 0.4388888888888889 1.1474650990254565 1.1305373571643882
721 0.43966712898751736 1.1478571207487431 1.1305373571643882
722 0.4390581717451524 1.1475503780347136 1.1305373571643882
723 0.43983402489626555 1.1479411812128513 1.1305373571643882
724 0.44060773480662985 1.1483308310938543 1.1305373571643882
725 0.44 1.1480247744974754 1.1305373571643882
726 0.4393939393939394 1.1477195159237523 1.1305373571643882
727 0.4401650618982118 1.1481079044959326 1.1305373571643882
728 0.4409340659340659 1.1484951536491814 1.1305373571643882
729 0.4403292181069959 1.148190575058294 1.1305373571643882
730 0.4397260273972603 1.1478867865031914 1.1305373571643882
731 0.44049247606019154 1.1482727899919847 1.1305373571643882
732 0.43989071038251365 1.1479697312124073 1.1305373571643882
733 0.4406548431105048 1.148354553062375 1.1305373571643882
734 0.44141689373297005 1.1487382558457373 1.1305373571643882
735 0.4421768707482993 1.1491208453557755 1.1305373571643882
736 0.44157608695652173 1.1488184029815116 1.1305373571643882
737 0.4423337856173677 1.1491998313078389 1.1305373571643882
738 0.44308943089430897 1.1495801586698808 1.1305373571643882
739 0.4438430311231394 1.1499593907214605 1.1305373571643882
740 0.44324324324324327 1.1496575665353406 1.1305373571643882
741 0.4426450742240216 1.1493565155200276 1.1305373571643882
742 0.4420485175202156 1.14905623426493 1.1305373571643882
743 0.4414535666218035 1.148756719381224 1.1305373571643882
744 0.44086021505376344 1.148457967501668 1.1305373571643882
745 0.44026845637583895 1.14815997528042 1.1305373571643882
746 0.43967828418230565 1.147862739392858 1.1305373571643882
747 0.4390896921017403 1.1475662565354012 1.1305373571643882
748 0.43983957219251335 1.147943975160728 1.1305373571643882
749 0.44058744993324434 1.148320616312277 1.1305373571643882
750 0.44 1.1480247744974754 1.1305373571643882
751 0.440745672436751 1.1484002905326391 1.1305373571643882
752 0.4401595744680851 1.1481051409192584 1.1305373571643882
753 0.4395750332005312 1.1478107333923075 1.1305373571643882
754 0.4389920424403183 1.147517064740882 1.1305373571643882
755 0.43973509933774835 1.1478913557898969 1.1305373571643882
756 0.44047619047619047 1.1482645888942657 1.1305373571643882
757 0.43989431968295906 1.1479715490457685 1.1305373571643882
758 0.44063324538258575 1.1483436772930182 1.1305373571643882
759 0.4413702239789196 1.1487147590005338 1.1305373571643882
760 0.4407894736842105 1.1484223464688523 1.1305373571643882
761 0.44021024967148487 1.1481306617985594 1.1305373571643882
762 0.4409448818897638 1.1485005997541058 1.1305373571643882
763 0.44036697247706424 1.1482095880379313 1.1305373571643882
764 0.4397905759162304 1.14791929759487 1.1305373571643882
765 0.44052287581699345 1.1482880986214525 1.1305373571643882
766 0.43994778067885115 1.1479984746251224 1.1305373571643882
767 0.4406779661016949 1.1483661968318526 1.1305373571643882
768 0.44140625 1.1487328970629374 1.1305373571643882
769 0.4408322496749025 1.148443885917301 1.1305373571643882
770 0.44155844155844154 1.1488095194100556 1.1305373571643882
771 0.44228274967574577 1.149174141757115 1.1305373571643882
772 0.4417098445595855 1.1488857420079033 1.1305373571643882
773 0.4424320827943079 1.1492493095023752 1.1305373571643882
774 0.44315245478036175 1.1496118765100571 1.1305373571643882
775 0.4425806451612903 1.1493240866858252 1.1305373571643882
776 0.44329896907216493 1.149685610535038 1.1305373571643882
777 0.444015444015444 1.1500461443889143 1.1305373571643882
778 0.44473007712082263 1.1504056930695534 1.1305373571643882
779 0.4454428754813864 1.1507642613640636 1.1305373571643882
780 0.44487179487179485 1.1504769877378695 1.1305373571643882
781 0.44558258642765686 1.150834535351267 1.1305373571643882
782 0.4462915601023018 1.1511911127568055 1.1305373571643882
783 0.44572158365261816 1.1509044481936725 1.1305373571643882
784 0.44642857142857145 1.1512600160707054 1.1305373571643882
785 0.445859872611465 1.150974002673605 1.1305373571643882
786 0.44529262086513993 1.1506886815373258 1.1305373571643882
787 0.44599745870393903 1.1510432015448249 1.1305373571643882
788 0.44543147208121825 1.1507585254086437 1.1305373571643882
789 0.4461343472750317 1.1511120475328953 1.1305373571643882
790 0.4468354430379747 1.1514646207061747 1.1305373571643882
791 0.4475347661188369 1.1518162494547999 1.1305373571643882
792 0.44696969696969696 1.1515321294111382 1.1305373571643882
793 0.44640605296343 1.1512486916230094 1.1305373571643882
794 0.44710327455919396 1.1515992960921655 1.1305373571643882
795 0.4477987421383648 1.1519489664303038 1.1305373571643882
796 0.4472361809045226 1.151666123346811 1.1305373571643882
797 0.4466750313676286 1.1513839561980657 1.1305373571643882
798 0.44611528822055135 1.1511024621996675 1.1305373571643882
799 0.44680851063829785 1.1514510776918545 1.1305373571643882
800 0.4475 1.1517987698360752 1.1305373571643882
801 0.44818976279650435 1.1521455429770757 1.1305373571643882
802 0.4488778054862843 1.152491401429176 1.1305373571643882
803 0.44831880448318806 1.1522104121456547 1.1305373571643882
804 0.4490049751243781 1.152555320392921 1.1305373571643882
805 0.4496894409937888 1.1528993231271873 1.1305373571643882
806 0.45037220843672454 1.1532424245686166 1.1305373571643882
807 0.44981412639405205 1.152961983048436 1.1305373571643882
808 0.44925742574257427 1.1526822040686786 1.1305373571643882
809 0.449938195302843 1.1530243315829063 1.1305373571643882
810 0.4506172839506173 1.1533655674029595 1.1305373571643882
811 0.45006165228113443 1.1530863710498958 1.1305373571643882
812 0.44950738916256155 1.1528078311866068 1.1305373571643882
813 0.4489544895448955 1.1525299451505349 1.1305373571643882
814 0.4484029484029484 1.1522527102947708 1.1305373571643882
815 0.44785276073619634 1.151976123987932 1.1305373571643882
816 0.4485294117647059 1.1523162805286713 1.1305373571643882
817 0.4479804161566707 1.1520403008307198 1.1305373571643882
818 0.4474327628361858 1.1517649641437044 1.1305373571643882
819 0.4481074481074481 1.1521041625227748 1.1305373571643882
820 0.44878048780487806 1.1524424857469486 1.1305373571643882
821 0.4482338611449452 1.1521677113840127 1.1305373571643882
822 0.4489051094890511 1.152505125314681 1.1305373571643882
823 0.44835965978128794 1.1522309497115948 1.1305373571643882
824 0.44902912621359226 1.1525674592063024 1.1305373571643882
825 0.4484848484848485 1.1522938797802047 1.1305373571643882
826 0.4491525423728814 1.1526294896577873 1.1305373571643882
827 0.4486094316807739 1.1523565038423247 1.1305373571643882
828 0.44806763285024154 1.1520841467205496 1.1305373571643882
829 0.4487334137515078 1.1524188241285056 1.1305373571643882
830 0.44819277108433736 1.1521470552612807 1.1305373571643882
831 0.44885679903730447 1.1524808428476336 1.1305373571643882
832 0.4495192307692308 1.1528137824058629 1.1305373571643882
833 0.4489795918367347 1.1525425621871939 1.1305373571643882
834 0.44964028776978415 1.1528746210246466 1.1305373571643882
835 0.4491017964071856 1.1526039843135278 1.1305373571643882
836 0.44976076555023925 1.152935167061523 1.1305373571643882
837 0.44922341696535245 1.1526651113720905 1.1305373571643882
838 0.4498806682577566 1.1529954226256138 1.1305373571643882
839 0.4505363528009535 1.1533249026810029 1.1305373571643882
840 0.45 1.1530553898057825 1.1305373571643882
841 0.450653983353151 1.1533840071939678 1.1305373571643882
842 0.4513064133016627 1.1537118013359609 1.1305373571643882
843 0.45195729537366547 1.1540387758910646 1.1305373571643882
844 0.4514218009478673 1.153769770055217 1.1305373571643882
845 0.450887573964497 1.1535013727608585 1.1305373571643882
846 0.450354609929078 1.1532335816326078 1.1305373571643882
847 0.4510035419126328 1.1535596378239963 1.1305373571643882
848 0.45047169811320753 1.153292415769006 1.1305373571643882
849 0.45111896348645464 1.1536176270479994 1.1305373571643882
850 0.4505882352941176 1.153350971670322 1.1305373571643882
851 0.4512338425381904 1.1536753423902064 1.1305373571643882
852 0.4507042253521127 1.1534092513088572 1.1305373571643882
853 0.451348182883939 1.1537327857894506 1.1305373571643882
854 0.4519906323185012 1.1540555217913298 1.1305373571643882
855 0.45146198830409356 1.153789959166279 1.1305373571643882
856 0.45210280373831774 1.1541118672346389 1.1305373571643882
857 0.4515752625437573 1.1538468644231687 1.1305373571643882
858 0.4522144522144522 1.1541679487816476 1.1305373571643882
859 0.45168800931315484 1.1539035034447374 1.1305373571643882
860 0.45232558139534884 1.15422376828482 1.1305373571643882
861 0.4518002322880372 1.1539598780979534 1.1305373571643882
862 0.45127610208816704 1.153696573298653 1.1305373571643882
863 0.4507531865585168 1.1534338516459812 1.1305373571643882
864 0.4513888888888889 1.153753235750893 1.1305373571643882
865 0.4508670520231214 1.153491061908547 1.1305373571643882
866 0.4503464203233256 1.1532294664912373 1.1305373571643882
867 0.44982698961937717 1.1529684472971347 1.1305373571643882
868 0.4504608294930876 1.153286954593887 1.1305373571643882
869 0.45109321058688145 1.153604688587866 1.1305373571643882
870 0.4517241379310345 1.153921652610778 1.1305373571643882
871 0.45120551090700345 1.1536611086738295 1.1305373571643882
872 0.4506880733944954 1.153401135778072 1.1305373571643882
873 0.45017182130584193 1.15314173176392 1.1305373571643882
874 0.45080091533180777 1.1534578325220328 1.1305373571643882
875 0.4514285714285714 1.15377317138458 1.1305373571643882
876 0.4520547945205479 1.1540877516099728 1.1305373571643882
877 0.45153933865450396 1.1538288175779452 1.1305373571643882
878 0.4510250569476082 1.1535704473435917 1.1305373571643882
879 0.45051194539249145 1.1533126387884964 1.1305373571643882
880 0.45 1.1530553898057825 1.1305373571643882
881 0.45062429057888764 1.153369087927398 1.1305373571643882
882 0.4501133786848073 1.153112364086629 1.1305373571643882
883 0.4507361268403171 1.1534252800947962 1.1305373571643882
884 0.4513574660633484 1.1537374495054553 1.1305373571643882
885 0.4519774011299435 1.1540488754794618 1.1305373571643882
886 0.45146726862302483 1.1537926118531 1.1305373571643882
887 0.4509582863585118 1.1535369005134595 1.1305373571643882
888 0.45157657657657657 1.1538475245426894 1.1305373571643882
889 0.45219347581552305 1.1541574123314822 1.1305373571643882
890 0.45280898876404496 1.1544665669753964 1.1305373571643882
891 0.45230078563411896 1.154211313630225 1.1305373571643882
892 0.452914798206278 1.1545197083842456 1.1305373571643882
893 0.45352743561030234 1.1548273765840362 1.1305373571643882
894 0.4541387024608501 1.155134321264625 1.1305373571643882
895 0.4547486033519553 1.155440545442201 1.1305373571643882
896 0.45424107142857145 1.1551857219386847 1.1305373571643882
897 0.45484949832775917 1.1554912003435043 1.1305373571643882
898 0.45434298440979953 1.1552368926917596 1.1305373571643882
899 0.45383759733036705 1.1549831271527449 1.1305373571643882
900 0.45444444444444443 1.1552878350652573 1.1305373571643882
901 0.4550499445061043 1.1555918327382035 1.1305373571643882
902 0.45454545454545453 1.1553385505868186 1.1305373571643882
903 0.45514950166112955 1.1556418132486321 1.1305373571643882
904 0.4557522123893805 1.1559443719563387 1.1305373571643882
905 0.4552486187845304 1.1556915719567593 1.1305373571643882
906 0.45474613686534215 1.155439307116779 1.1305373571643882
907 0.45424476295479604 1.1551875754796728 1.1305373571643882
908 0.45484581497797355 1.1554893511129976 1.1305373571643882
909 0.45544554455445546 1.1557904298537454 1.1305373571643882
910 0.45604395604395603 1.1560908145536057 1.1305373571643882
911 0.45554335894621295 1.155839531953891 1.1305373571643882
912 0.45614035087719296 1.1561391988915966 1.1305373571643882
913 0.4556407447973713 1.1558884180745963 1.1305373571643882
914 0.4562363238512035 1.1561873706627561 1.1305373571643882
915 0.4568306010928962 1.1564856384977433 1.1305373571643882
916 0.4574235807860262 1.1567832243574543 1.1305373571643882
917 0.4569247546346783 1.156532891333287 1.1305373571643882
918 0.4564270152505447 1.1562830820904333 1.1305373571643882
919 0.455930359085963 1.1560337947352508 1.1305373571643882
920 0.45543478260869563 1.1557850273840355 1.1305373571643882
921 0.4560260586319218 1.1560818310514067 1.1305373571643882
922 0.4566160520607375 1.1563779598863955 1.1305373571643882
923 0.457204767063922 1.156673416606759 1.1305373571643882
924 0.45670995670995673 1.1564250895728814 1.1305373571643882
925 0.4572972972972973 1.1567198517528765 1.1305373571643882
926 0.45680345572354214 1.1564720149082657 1.1305373571643882
927 0.45738942826321466 1.156766085797063 1.1305373571643882
928 0.45689655172413796 1.1565187372204129 1.1305373571643882
929 0.4564047362755651 1.156271900039628 1.1305373571643882
930 0.45698924731182794 1.1565652578256935 1.1305373571643882
931 0.45757250268528465 1.1568579557890308 1.1305373571643882
932 0.4570815450643777 1.1566115780291084 1.1305373571643882
933 0.4565916398713826 1.156365707556665 1.1305373571643882
934 0.45610278372591007 1.1561203425668147 1.1305373571643882
935 0.4556149732620321 1.155875481263995 1.1305373571643882
936 0.4551282051282051 1.155631121861901 1.1305373571643882
937 0.45464247598719315 1.1553872625834225 1.1305373571643882
938 0.4541577825159915 1.1551439016605813 1.1305373571643882
939 0.4536741214057508 1.1549010373344681 1.1305373571643882
940 0.4542553191489362 1.1551928758111891 1.1305373571643882
941 0.45483528161530284 1.1554840628178478 1.1305373571643882
942 0.4554140127388535 1.1557746009320622 1.1305373571643882
943 0.4559915164369035 1.1560644927163006 1.1305373571643882
944 0.4565677966101695 1.1563537407180027 1.1305373571643882
945 0.4560846560846561 1.1561112435970107 1.1305373571643882
946 0.45560253699788583 1.1558692384794 1.1305373571643882
947 0.45617740232312565 1.1561577962423613 1.1305373571643882
948 0.45675105485232065 1.1564457160249317 1.1305373571643882
949 0.45626975763962063 1.1562041519121582 1.1305373571643882
950 0.4568421052631579 1.1564914121368455 1.1305373571643882
951 0.45636172450052576 1.1562503118555414 1.1305373571643882
952 0.45588235294117646 1.1560096977789707 1.1305373571643882
953 0.45540398740818466 1.1557695682130875 1.1305373571643882
954 0.4549266247379455 1.155529921472414 1.1305373571643882
955 0.4544502617801047 1.1552907558799814 1.1305373571643882
956 0.45397489539748953 1.1550520697672748 1.1305373571643882
957 0.4535005224660397 1.1548138614741745 1.1305373571643882
958 0.453027139874739 1.1545761293489005 1.1305373571643882
959 0.45255474452554745 1.1543388717479575 1.1305373571643882
960 0.453125 1.1546252763192932 1.1305373571643882
961 0.45265348595213317 1.1543884657771835 1.1305373571643882
962 0.4521829521829522 1.1541521262922756 1.1305373571643882
963 0.4517133956386293 1.1539162562469691 1.1305373571643882
964 0.4512448132780083 1.1536808540317205 1.1305373571643882
965 0.45181347150259066 1.1539665286702832 1.1305373571643882
966 0.4523809523809524 1.15425158034412 1.1305373571643882
967 0.452947259565667 1.1545360114632528 1.1305373571643882
968 0.4535123966942149 1.1548198244238428 1.1305373571643882
969 0.45304437564499483 1.154584785503346 1.1305373571643882
970 0.4536082474226804 1.1548679578511454 1.1305373571643882
971 0.45314109165808447 1.154633357728475 1.1305373571643882
972 0.45267489711934156 1.1543992196612574 1.1305373571643882
973 0.45323741007194246 1.1546817293904916 1.1305373571643882
974 0.4527720739219713 1.154448026726779 1.1305373571643882
975 0.4523076923076923 1.1542147827869522 1.1305373571643882
976 0.45184426229508196 1.1539819960165343 1.1305373571643882
977 0.45138178096212894 1.153749664868689 1.1305373571643882
978 0.450920245398773 1.1535177878041698 1.1305373571643882
979 0.4514811031664964 1.1537995619337449 1.1305373571643882
980 0.45102040816326533 1.1535681117191472 1.1305373571643882
981 0.4505606523955148 1.1533371123412786 1.1305373571643882
982 0.4511201629327902 1.153618229657708 1.1305373571643882
983 0.4516785350966429 1.1538987440627477 1.1305373571643882
984 0.45121951219512196 1.153668142883896 1.1305373571643882
985 0.45076142131979696 1.1534379891410675 1.1305373571643882
986 0.4513184584178499 1.153717852651417 1.1305373571643882
987 0.4518743667679838 1.1539971185097184 1.1305373571643882
988 0.451417004048583 1.1537673602037442 1.1305373571643882
989 0.45197168857431747 1.1540460059340834 1.1305373571643882
990 0.45151515151515154 1.1538166667742222 1.1305373571643882
991 0.4520686175580222 1.1540946951158533 1.1305373571643882
992 0.45161290322580644 1.1538657735861702 1.1305373571643882
993 0.4511581067472306 1.1536372928053944 1.1305373571643882
994 0.4507042253521127 1.1534092513088572 1.1305373571643882
995 0.45025125628140705 1.1531816476389478 1.1305373571643882
996 0.4508032128514056 1.1534589868835416 1.1305373571643882
997 0.45135406218655966 1.153735739454966 1.1305373571643882
998 0.45090180360721444 1.1535085221448322 1.1305373571643882
999 0.45045045045045046 1.1532817394065598 1.1305373571643882
1000 0.451 1.1535578583024217 1.1305373571643882
1001 0.4515484515484515 1.1538333955738498 1.1305373571643882
1002 0.45209580838323354 1.1541083533950836 1.1305373571643882
1003 0.45164506480558325 1.1538819301586394 1.1305373571643882
1004 0.45219123505976094 1.1541562867968094 1.1305373571643882
1005 0.45174129353233833 1.1539302706608927 1.1305373571643882
1006 0.452286282306163 1.1542040287309283 1.1305373571643882
1007 0.45183714001986097 1.153978418244269 1.1305373571643882
1008 0.4523809523809524 1.15425158034412 1.1305373571643882
1009 0.4519326065411298 1.1540263740631296 1.1305373571643882
1010 0.4514851485148515 1.1538015941979909 1.1305373571643882
1011 0.45103857566765576 1.1535772393549961 1.1305373571643882
1012 0.4515810276679842 1.1538497605984617 1.1305373571643882
1013 0.4521224086870681 1.1541217149788094 1.1305373571643882
1014 0.4526627218934911 1.154393104588194 1.1305373571643882
1015 0.4522167487684729 1.154169102338688 1.1305373571643882
1016 0.452755905511811 1.154439906202794 1.1305373571643882
1017 0.4523107177974435 1.1542163024603487 1.1305373571643882
1018 0.4518664047151277 1.1539931189103447 1.1305373571643882
1019 0.4524043179587831 1.15426331645303 1.1305373571643882
1020 0.4519607843137255 1.154040528469522 1.1305373571643882
1021 0.4524975514201763 1.1543101454172129 1.1305373571643882
1022 0.45303326810176126 1.1545792070724157 1.1305373571643882
1023 0.4525904203323558 1.1543567904447065 1.1305373571643882
1024 0.4521484375 1.1541347894307612 1.1305373571643882
1025 0.4526829268292683 1.154403252618734 1.1305373571643882
1026 0.45321637426900585 1.1546711651642396 1.1305373571643882
1027 0.4527750730282376 1.1544495330140165 1.1305373571643882
1028 0.45233463035019456 1.1542283134665117 1.1305373571643882
1029 0.4518950437317784 1.1540075051955223 1.1305373571643882
1030 0.4524271844660194 1.1542748018367606 1.1305373571643882
1031 0.45295829291949563 1.1545415527252216 1.1305373571643882
1032 0.45348837209302323 1.1548077598375062 1.1305373571643882
1033 0.45401742497579867 1.1550734251395736 1.1305373571643882
1034 0.45357833655706 1.154852937583632 1.1305373571643882
1035 0.45410628019323673 1.1551180414562507 1.1305373571643882
1036 0.4546332046332046 1.1553826077099414 1.1305373571643882
1037 0.4541947926711668 1.1551624849455733 1.1305373571643882
1038 0.45375722543352603 1.154942768529457 1.1305373571643882
1039 0.45332050048123196 1.1547234571660376 1.1305373571643882
1040 0.45384615384615384 1.1549874237582718 1.1305373571643882
1041 0.45341018251681076 1.1547684945054146 1.1305373571643882
1042 0.45297504798464494 1.15454996757005 1.1305373571643882
1043 0.45254074784276127 1.1543318416754942 1.1305373571643882
1044 0.45306513409961685 1.154595210784013 1.1305373571643882
1045 0.4535885167464115 1.1548580497542993 1.1305373571643882
1046 0.4541108986615679 1.155120360478898 1.1305373571643882
1047 0.45463228271251194 1.155382144840312 1.1305373571643882
1048 0.4551526717557252 1.1556434047110744 1.1305373571643882
1049 0.4547187797902765 1.1554255721734956 1.1305373571643882
1050 0.4552380952380952 1.1556862889756916 1.1305373571643882
1051 0.45575642245480497 1.155946485279737 1.1305373571643882
1052 0.4553231939163498 1.1557290095248298 1.1305373571643882
1053 0.45489078822412155 1.1555119299043324 1.1305373571643882
1054 0.45445920303605314 1.1552952451716685 1.1305373571643882
1055 0.4549763033175355 1.1555548621964302 1.1305373571643882
1056 0.45454545454545453 1.1553385505868186 1.1305373571643882
1057 0.45411542100283825 1.1551226312323601 1.1305373571643882
1058 0.4546313799621928 1.155381691595495 1.1305373571643882
1059 0.4542020774315392 1.15516614270446 1.1305373571643882
1060 0.4537735849056604 1.1549509834620237 1.1305373571643882
1061 0.4533459000942507 1.1547362126516139 1.1305373571643882
1062 0.4529190207156309 1.1545218290621695 1.1305373571643882
1063 0.4524929444967074 1.1543078314881088 1.1305373571643882
1064 0.45300751879699247 1.1545662752100847 1.1305373571643882
1065 0.4535211267605634 1.1548242084431553 1.1305373571643882
1066 0.4530956848030019 1.1546105538389573 1.1305373571643882
1067 0.4526710402999063 1.154397282554366 1.1305373571643882
1068 0.45224719101123595 1.1541843934018579 1.1305373571643882
1069 0.45182413470533206 1.1539718851992464 1.1305373571643882
1070 0.4514018691588785 1.1537597567696505 1.1305373571643882
1071 0.45098039215686275 1.1535480069414625 1.1305373571643882
1072 0.4505597014925373 1.1533366345483176 1.1305373571643882
1073 0.451071761416589 1.1535939123050791 1.1305373571643882
1074 0.4506517690875233 1.1533828946293965 1.1305373571643882
1075 0.4502325581395349 1.1531722519271668 1.1305373571643882
1076 0.4507434944237918 1.1534289818956707 1.1305373571643882
1077 0.45125348189415043 1.1536852090900862 1.1305373571643882
1078 0.45083487940630795 1.1534748973152973 1.1305373571643882
1079 0.45041705282669137 1.1532649579332088 1.1305373571643882
1080 0.45092592592592595 1.153520641849203 1.1305373571643882
1081 0.4514338575393155 1.1537758269984448 1.1305373571643882
1082 0.4519408502772643 1.1540305151078727 1.1305373571643882
1083 0.45244690674053556 1.1542847078955316 1.1305373571643882
1084 0.45202952029520294 1.1540750559635404 1.1305373571643882
1085 0.4525345622119816 1.1543287348310132 1.1305373571643882
1086 0.4521178637200737 1.1541194320038504 1.1305373571643882
1087 0.45262189512419504 1.1543725990185552 1.1305373571643882
1088 0.453125 1.1546252763192932 1.1305373571643882
1089 0.45362718089990817 1.1548774655864418 1.1305373571643882
1090 0.4541284403669725 1.1551291684918061 1.1305373571643882
1091 0.4546287809349221 1.1553803866986794 1.1305373571643882
1092 0.4551282051282051 1.155631121861901 1.1305373571643882
1093 0.4556267154620311 1.1558813756279147 1.1305373571643882
1094 0.45612431444241314 1.156131149634827 1.1305373571643882
1095 0.4557077625570776 1.1559220594103288 1.1305373571643882
1096 0.4552919708029197 1.1557133352264706 1.1305373571643882
1097 0.45487693710118504 1.1555049759760392 1.1305373571643882
1098 0.4553734061930783 1.1557542163779617 1.1305373571643882
1099 0.45586897179253866 1.1560029809989645 1.1305373571643882
1100 0.45545454545454545 1.1557949482749361 1.1305373571643882
1101 0.4550408719346049 1.1555872780056409 1.1305373571643882
1102 0.45462794918330307 1.1553799690999909 1.1305373571643882
1103 0.4551223934723481 1.1556282042596364 1.1305373571643882
1104 0.45471014492753625 1.1554212369242254 1.1305373571643882
1105 0.45429864253393665 1.1552146286473595 1.1305373571643882
1106 0.4538878842676311 1.155008378352968 1.1305373571643882
1107 0.45438121047877145 1.155256085845169 1.1305373571643882
1108 0.453971119133574 1.155050173584157 1.1305373571643882
1109 0.45356176735798015 1.1548446170325308 1.1305373571643882
1110 0.45315315315315313 1.1546394151289627 1.1305373571643882
1111 0.4527452745274527 1.1544345668167209 1.1305373571643882
1112 0.45323741007194246 1.1546817293904916 1.1305373571643882
1113 0.4537286612758311 1.1549284249362906 1.1305373571643882
1114 0.4533213644524237 1.1547238910465667 1.1305373571643882
1115 0.452914798206278 1.1545197083842456 1.1305373571643882
1116 0.4525089605734767 1.1543158759077494 1.1305373571643882
1117 0.4529991047448523 1.1545620494759399 1.1305373571643882
1118 0.45348837209302323 1.1548077598375062 1.1305373571643882
1119 0.4539767649687221 1.1550530085384068 1.1305373571643882
1120 0.45357142857142857 1.154849468605128 1.1305373571643882
1121 0.45316681534344333 1.1546462763975232 1.1305373571643882
1122 0.45276292335115864 1.15444343088963 1.1305373571643882
1123 0.45325022261798753 1.1546881638585935 1.1305373571643882
1124 0.452846975088968 1.1544856452334933 1.1305373571643882
1125 0.4533333333333333 1.1547299017308992 1.1305373571643882
1126 0.45381882770870335 1.1549737020704556 1.1305373571643882
1127 0.453416149068323 1.1547714908155031 1.1305373571643882
1128 0.4530141843971631 1.1545696228258933 1.1305373571643882
1129 0.4526129317980514 1.1543680970952728 1.1305373571643882
1130 0.45309734513274336 1.1546113876807333 1.1305373571643882
1131 0.4526967285587975 1.1544101845842436 1.1305373571643882
1132 0.45229681978798586 1.1542093216211855 1.1305373571643882
1133 0.45189761694616065 1.1540087977986921 1.1305373571643882
1134 0.4514991181657848 1.1538086121281008 1.1305373571643882
1135 0.4511013215859031 1.1536087636249306 1.1305373571643882
1136 0.4515845070422535 1.153851508499858 1.1305373571643882
1137 0.4520668425681618 1.1540938035145545 1.1305373571643882
1138 0.45166959578207383 1.153894253381209 1.1305373571643882
1139 0.45127304653204564 1.1536950382141098 1.1305373571643882
1140 0.4517543859649123 1.1539368475744927 1.1305373571643882
1141 0.45223488168273446 1.1541782104674367 1.1305373571643882
1142 0.45183887915936954 1.1539792918763827 1.1305373571643882
1143 0.45231846019247596 1.154220191384301 1.1305373571643882
1144 0.4527972027972028 1.1544606475614132 1.1305373571643882
1145 0.4524017467248908 1.1542620249711364 1.1305373571643882
1146 0.45200698080279234 1.1540637339646522 1.1305373571643882
1147 0.45161290322580644 1.1538657735861702 1.1305373571643882
1148 0.4520905923344948 1.1541057333165026 1.1305373571643882
1149 0.4516971279373368 1.153908084186263 1.1305373571643882
1150 0.45130434782608697 1.1537107636654709 1.1305373571643882
1151 0.45091225021720244 1.153513770810928 1.1305373571643882
1152 0.4505208333333333 1.1533171046833621 1.1305373571643882
1153 0.45099739809193407 1.1535565510555092 1.1305373571643882
1154 0.4506065857885615 1.1533601920346628 1.1305373571643882
1155 0.45021645021645024 1.1531641577575273 1.1305373571643882
1156 0.44982698961937717 1.1529684472971347 1.1305373571643882
1157 0.45030250648228176 1.1532074003974504 1.1305373571643882
1158 0.45077720207253885 1.153445918044989 1.1305373571643882
1159 0.45038826574633306 1.153250493052896 1.1305373571643882
1160 0.45 1.1530553898057825 1.1305373571643882
1161 0.45047372954349696 1.1532934365041236 1.1305373571643882
1162 0.45008605851979344 1.1530986354634352 1.1305373571643882
1163 0.45055889939810834 1.1533362315259816 1.1305373571643882
1164 0.45017182130584193 1.15314173176392 1.1305373571643882
1165 0.4497854077253219 1.1529475507894134 1.1305373571643882
1166 0.44939965694682676 1.152753687700724 1.1305373571643882
1167 0.4490145672664953 1.1525601415998128 1.1305373571643882
1168 0.4486301369863014 1.1523669115923192 1.1305373571643882
1169 0.4482463644140291 1.1521739967875408 1.1305373571643882
1170 0.44871794871794873 1.1524110506297738 1.1305373571643882
1171 0.448334756618275 1.1522184311515993 1.1305373571643882
1172 0.44880546075085326 1.1524550382226497 1.1305373571643882
1173 0.4484228473998295 1.1522627131755698 1.1305373571643882
1174 0.44804088586030666 1.1520707004630222 1.1305373571643882
1175 0.44765957446808513 1.1518789992099505 1.1305373571643882
1176 0.44727891156462585 1.1516876085448522 1.1305373571643882
1177 0.4468988954970263 1.151496527599759 1.1305373571643882
1178 0.4465195246179966 1.1513057555102182 1.1305373571643882
1179 0.44614079728583544 1.1511152914152731 1.1305373571643882
1180 0.44661016949152543 1.1513513390051167 1.1305373571643882
1181 0.4470787468247248 1.1515869629808797 1.1305373571643882
1182 0.4467005076142132 1.151396767353097 1.1305373571643882
1183 0.4463229078613694 1.151206877798407 1.1305373571643882
1184 0.4467905405405405 1.1514420413464128 1.1305373571643882
1185 0.4472573839662447 1.1516767843809537 1.1305373571643882
1186 0.4477234401349072 1.1519111082388762 1.1305373571643882
1187 0.44734625105307496 1.151721466792401 1.1305373571643882
1188 0.4478114478114478 1.1519553541665066 1.1305373571643882
1189 0.4482758620689655 1.1521888252174899 1.1305373571643882
1190 0.44873949579831934 1.152421881262357 1.1305373571643882
1191 0.44836272040302266 1.1522324882496882 1.1305373571643882
1192 0.4488255033557047 1.1524651124501253 1.1305373571643882
1193 0.4484492875104778 1.1522760040966622 1.1305373571643882
1194 0.4480737018425461 1.1520871977162856 1.1305373571643882
1195 0.4485355648535565 1.1523193735027202 1.1305373571643882
1196 0.44816053511705684 1.1521308499989775 1.1305373571643882
1197 0.4477861319966583 1.1519426267052522 1.1305373571643882
1198 0.44824707846410683 1.1521743557405988 1.1305373571643882
1199 0.44787322768974147 1.1519864135571973 1.1305373571643882
1200 0.4475 1.1517987698360752 1.1305373571643882
