# parameters:
#  num_nodes=4, num_iters=1200, ntest=3, seed=19200
#  dishonest_nodes=1, dishonest_action=1
# columns:
#  iteration   running_frequency   running_estimation   average_phase
1 0.0 0.7853981633974483 1.322384909965538
2 0.5 1.1780972450961724 1.322384909965538
3 0.6666666666666666 1.2630564724597029 1.322384909965538
4 0.75 1.308996938995747 1.322384909965538
5 0.8 1.3389725222944935 1.322384909965538
6 0.8333333333333334 1.360529159152914 1.322384909965538
7 0.8571428571428571 1.3769979834673063 1.322384909965538
8 0.875 1.3901127648415426 1.322384909965538
9 0.8888888888888888 1.4008778720678356 1.322384909965538
10 0.9 1.4099210495965755 1.322384909965538
11 0.9090909090909091 1.4176576422100617 1.322384909965538
12 0.9166666666666666 1.4243749409306088 1.322384909965538
13 0.9230769230769231 1.4302788760434897 1.322384909965538
14 0.8571428571428571 1.3769979834673063 1.322384909965538
15 0.8666666666666667 1.3839002393776414 1.322384909965538
16 0.875 1.3901127648415426 1.322384909965538
17 0.8823529411764706 1.3957434379113238 1.322384909965538
18 0.8888888888888888 1.4008778720678356 1.322384909965538
19 0.8947368421052632 1.4055850028391548 1.322384909965538
20 0.9 1.4099210495965755 1.322384909965538
21 0.9047619047619048 1.413932383564099 1.322384909965538
22 0.8636363636363636 1.3816822306278038 1.322384909965538
23 0.8695652173913043 1.386041857041417 1.322384909965538
24 0.875 1.3901127648415426 1.322384909965538
25 0.88 1.3939255238500607 1.322384909965538
26 0.8846153846153846 1.397506349900708 1.322384909965538
27 0.8518518518518519 1.3732464931517019 1.322384909965538
28 0.8571428571428571 1.3769979834673063 1.322384909965538
29 0.8620689655172413 1.380543138238714 1.322384909965538
30 0.8666666666666667 1.3839002393776414 1.322384909965538
31 0.8709677419354839 1.3870853744849958 1.322384909965538
32 0.84375 1.3676074364527313 1.322384909965538
33 0.8484848484848485 1.370887994819788 1.322384909965538
34 0.8529411764705882 1.3740142591308646 1.322384909965538
35 0.8571428571428571 1.3769979834673063 1.322384909965538
36 0.8333333333333334 1.360529159152914 1.322384909965538
37 0.8108108108108109 1.3458000460019102 1.322384909965538
38 0.8157894736842105 1.3489942598892832 1.322384909965538
39 0.8205128205128205 1.3520557019355084 1.322384909965538
40 0.825 1.3549933542775112 1.322384909965538
41 0.8048780487804879 1.3420354515356139 1.322384909965538
42 0.8095238095238095 1.3449796062551307 1.322384909965538
43 0.813953488372093 1.3478125001502217 1.322384909965538
44 0.7954545454545454 1.3361435572663587 1.322384909965538
45 0.8 1.3389725222944935 1.322384909965538
46 0.782608695652174 1.328271433330155 1.322384909965538
47 0.7659574468085106 1.3183123197371014 1.322384909965538
48 0.7708333333333334 1.3212018881193774 1.322384909965538
49 0.7755102040816326 1.3239938788189092 1.322384909965538
50 0.78 1.3266936950964379 1.322384909965538
51 0.7843137254901961 1.3293063279782475 1.322384909965538
52 0.7884615384615384 1.331836396059884 1.322384909965538
53 0.7735849056603774 1.322842051363338 1.322384909965538
54 0.7777777777777778 1.3253549876502408 1.322384909965538
55 0.7818181818181819 1.3277926142287366 1.322384909965538
56 0.7857142857142857 1.3301586398237248 1.322384909965538
57 0.7894736842105263 1.3324565210000114 1.322384909965538
58 0.7758620689655172 1.324204763431562 1.322384909965538
59 0.7796610169491526 1.3264891734214492 1.322384909965538
60 0.7833333333333333 1.32871090344242 1.322384909965538
61 0.7868852459016393 1.3308727840502819 1.322384909965538
62 0.7903225806451613 1.3329774690494343 1.322384909965538
63 0.7936507936507936 1.3350274495106507 1.322384909965538
64 0.796875 1.337025066446498 1.322384909965538
65 0.8 1.3389725222944935 1.322384909965538
66 0.7878787878787878 1.331479847032645 1.322384909965538
67 0.7910447761194029 1.3334212738355664 1.322384909965538
68 0.7794117647058824 1.3263388618392271 1.322384909965538
69 0.7681159420289855 1.3195888770160484 1.322384909965538
70 0.7714285714285715 1.32155610822618 1.322384909965538
71 0.7605633802816901 1.3151398991276182 1.322384909965538
72 0.75 1.308996938995747 1.322384909965538
73 0.7534246575342466 1.3109787217202593 1.322384909965538
74 0.7567567567567568 1.3129158481757424 1.322384909965538
75 0.76 1.3148099827701585 1.322384909965538
76 0.7631578947368421 1.3166627037092544 1.322384909965538
77 0.7662337662337663 1.3184755086941742 1.322384909965538
78 0.7692307692307693 1.320249820162218 1.322384909965538
79 0.7721518987341772 1.3219869901137167 1.322384909965538
80 0.775 1.3236883045633583 1.322384909965538
81 0.7777777777777778 1.3253549876502408 1.322384909965538
82 0.7682926829268293 1.3196935865016932 1.322384909965538
83 0.7710843373493976 1.3213512185532048 1.322384909965538
84 0.7738095238095238 1.3229762519451362 1.322384909965538
85 0.7764705882352941 1.3245697478506748 1.322384909965538
86 0.7674418604651163 1.3191897752631392 1.322384909965538
87 0.7701149425287356 1.3207748112551043 1.322384909965538
88 0.7727272727272727 1.3223300814052865 1.322384909965538
89 0.7752808988764045 1.323856511600167 1.322384909965538
90 0.7666666666666667 1.3187313062321364 1.322384909965538
91 0.7692307692307693 1.320249820162218 1.322384909965538
92 0.7717391304347826 1.3217410475187086 1.322384909965538
93 0.7741935483870968 1.3232058009470273 1.322384909965538
94 0.776595744680851 1.3246448593948963 1.322384909965538
95 0.7789473684210526 1.326058969899173 1.322384909965538
96 0.7708333333333334 1.3212018881193774 1.322384909965538
97 0.7731958762886598 1.3226097328128021 1.322384909965538
98 0.7755102040816326 1.3239938788189092 1.322384909965538
99 0.7777777777777778 1.3253549876502408 1.322384909965538
100 0.78 1.3266936950964379 1.322384909965538
101 0.7821782178217822 1.3280106125039384 1.322384909965538
102 0.7745098039215687 1.323394945130075 1.322384909965538
103 0.7766990291262136 1.3247068559376038 1.322384909965538
104 0.7788461538461539 1.3259979957757633 1.322384909965538
105 0.780952380952381 1.327268910215508 1.322384909965538
106 0.7830188679245284 1.3285201248563059 1.322384909965538
107 0.7850467289719626 1.3297521462619155 1.322384909965538
108 0.7870370370370371 1.3309654628428125 1.322384909965538
109 0.7798165137614679 1.326582976676161 1.322384909965538
110 0.7818181818181819 1.3277926142287366 1.322384909965538
111 0.7837837837837838 1.328984355470416 1.322384909965538
112 0.7857142857142857 1.3301586398237248 1.322384909965538
113 0.7876106194690266 1.3313158916682428 1.322384909965538
114 0.7894736842105263 1.3324565210000114 1.322384909965538
115 0.782608695652174 1.328271433330155 1.322384909965538
116 0.7758620689655172 1.324204763431562 1.322384909965538
117 0.7777777777777778 1.3253549876502408 1.322384909965538
118 0.7796610169491526 1.3264891734214492 1.322384909965538
119 0.7815126050420168 1.3276076922015287 1.322384909965538
120 0.7833333333333333 1.32871090344242 1.322384909965538
121 0.7851239669421488 1.3297991550888242 1.322384909965538
122 0.7868852459016393 1.3308727840502819 1.322384909965538
123 0.7804878048780488 1.3269882054373436 1.322384909965538
124 0.782258064516129 1.32805897649801 1.322384909965538
125 0.784 1.3291156856889206 1.322384909965538
126 0.7777777777777778 1.3253549876502408 1.322384909965538
127 0.7795275590551181 1.3264086840504392 1.322384909965538
128 0.78125 1.32744884925751 1.322384909965538
129 0.7829457364341085 1.328475772072294 1.322384909965538
130 0.7769230769230769 1.3248413758757 1.322384909965538
131 0.7786259541984732 1.3258653766463282 1.322384909965538
132 0.7727272727272727 1.3223300814052865 1.322384909965538
133 0.7669172932330827 1.318879474978067 1.322384909965538
134 0.7686567164179104 1.3199093447284058 1.322384909965538
135 0.7703703703703704 1.320926607061402 1.322384909965538
136 0.7647058823529411 1.3175740050881464 1.322384909965538
137 0.7664233576642335 1.3185875165279421 1.322384909965538
138 0.7608695652173914 1.315319313006946 1.322384909965538
139 0.7553956834532374 1.3121235073387993 1.322384909965538
140 0.7571428571428571 1.3131408876728154 1.322384909965538
141 0.7588652482269503 1.3141462730824562 1.322384909965538
142 0.7605633802816901 1.3151398991276182 1.322384909965538
143 0.7622377622377622 1.3161219948949188 1.322384909965538
144 0.7569444444444444 1.313025227218724 1.322384909965538
145 0.7586206896551724 1.3140033719793798 1.322384909965538
146 0.7602739726027398 1.3149703883917827 1.322384909965538
147 0.7619047619047619 1.315926487379143 1.322384909965538
148 0.7635135135135135 1.3168718742694931 1.322384909965538
149 0.7651006711409396 1.3178067489864678 1.322384909965538
150 0.7666666666666667 1.3187313062321364 1.322384909965538
151 0.7615894039735099 1.3157414245170092 1.322384909965538
152 0.7631578947368421 1.3166627037092544 1.322384909965538
153 0.7647058823529411 1.3175740050881464 1.322384909965538
154 0.7662337662337663 1.3184755086941742 1.322384909965538
155 0.7677419354838709 1.3193673900208283 1.322384909965538
156 0.7692307692307693 1.320249820162218 1.322384909965538
157 0.7707006369426752 1.3211229659548316 1.322384909965538
158 0.7721518987341772 1.3219869901137167 1.322384909965538
159 0.7735849056603774 1.322842051363338 1.322384909965538
160 0.775 1.3236883045633583 1.322384909965538
161 0.7763975155279503 1.3245259008295762 1.322384909965538
162 0.7716049382716049 1.3216611246190084 1.322384909965538
163 0.7730061349693251 1.3224964751673922 1.322384909965538
164 0.774390243902439 1.3233234283592816 1.322384909965538
165 0.7757575757575758 1.324142124816622 1.322384909965538
166 0.7771084337349398 1.3249527018658167 1.322384909965538
167 0.7784431137724551 1.3257552936369956 1.322384909965538
168 0.7797619047619048 1.3265500311596268 1.322384909965538
169 0.7810650887573964 1.327337042454637 1.322384909965538
170 0.7823529411764706 1.3281164526231852 1.322384909965538
171 0.783625730994152 1.3288883839322398 1.322384909965538
172 0.7848837209302325 1.3296529558970873 1.322384909965538
173 0.7861271676300579 1.3304102853609105 1.322384909965538
174 0.7873563218390804 1.3311604865715536 1.322384909965538
175 0.7885714285714286 1.3319036712555938 1.322384909965538
176 0.7897727272727273 1.332639948689831 1.322384909965538
177 0.7909604519774012 1.3333694257703006 1.322384909965538
178 0.7921348314606742 1.3340922070789134 1.322384909965538
179 0.7932960893854749 1.3348083949478167 1.322384909965538
180 0.7888888888888889 1.332098093747692 1.322384909965538
181 0.7900552486187845 1.332813330218029 1.322384909965538
182 0.7912087912087912 1.3335221432268665 1.322384909965538
183 0.7923497267759563 1.3342246288450061 1.322384909965538
184 0.7934782608695652 1.33492088113306 1.322384909965538
185 0.7945945945945946 1.3356109921954946 1.322384909965538
186 0.7956989247311828 1.3362950522329005 1.322384909965538
187 0.7967914438502673 1.3369731495925548 1.322384909965538
188 0.7978723404255319 1.3376453708173452 1.322384909965538
189 0.798941798941799 1.3383118006931154 1.322384909965538
190 0.8 1.3389725222944935 1.322384909965538
191 0.7958115183246073 1.3363648736183904 1.322384909965538
192 0.796875 1.337025066446498 1.322384909965538
193 0.7927461139896373 1.3344690214317476 1.322384909965538
194 0.788659793814433 1.3319577781175247 1.322384909965538
195 0.7897435897435897 1.3326220720416444 1.322384909965538
196 0.7857142857142857 1.3301586398237248 1.322384909965538
197 0.7868020304568528 1.3308219855862504 1.322384909965538
198 0.7828282828282829 1.3284045501127424 1.322384909965538
199 0.7788944723618091 1.3260271027788946 1.322384909965538
200 0.78 1.3266936950964379 1.322384909965538
201 0.7810945273631841 1.3273548402673065 1.322384909965538
202 0.7821782178217822 1.3280106125039384 1.322384909965538
203 0.7832512315270936 1.32866108460262 1.322384909965538
204 0.7843137254901961 1.3293063279782475 1.322384909965538
205 0.7853658536585366 1.3299464126980471 1.322384909965538
206 0.7864077669902912 1.330581407514287 1.322384909965538
207 0.7874396135265701 1.3312113798960192 1.322384909965538
208 0.7836538461538461 1.3289054539363447 1.322384909965538
209 0.7799043062200957 1.3266359478636247 1.322384909965538
210 0.7761904761904762 1.3244016952932567 1.322384909965538
211 0.7772511848341233 1.32503846120959 1.322384909965538
212 0.7783018867924528 1.3256702871399049 1.322384909965538
213 0.7793427230046949 1.3262972370085142 1.322384909965538
214 0.780373831775701 1.326919373580606 1.322384909965538
215 0.7813953488372093 1.3275367584892939 1.322384909965538
216 0.7824074074074074 1.3281494522618942 1.322384909965538
217 0.7788018433179723 1.325971305179732 1.322384909965538
218 0.7798165137614679 1.326582976676161 1.322384909965538
219 0.7808219178082192 1.3271900605616238 1.322384909965538
220 0.7818181818181819 1.3277926142287366 1.322384909965538
221 0.7828054298642534 1.3283906940639831 1.322384909965538
222 0.7837837837837838 1.328984355470416 1.322384909965538
223 0.7802690582959642 1.3268561089791406 1.322384909965538
224 0.78125 1.32744884925751 1.322384909965538
225 0.7777777777777778 1.3253549876502408 1.322384909965538
226 0.7787610619469026 1.3259467420747884 1.322384909965538
227 0.7797356828193832 1.326534212547897 1.322384909965538
228 0.7763157894736842 1.324476867440638 1.322384909965538
229 0.777292576419214 1.3250633313400724 1.322384909965538
230 0.7782608695652173 1.3256456019255396 1.322384909965538
231 0.7792207792207793 1.3262237292287733 1.322384909965538
232 0.7801724137931034 1.3267977624446778 1.322384909965538
233 0.7811158798283262 1.3273677499493504 1.322384909965538
234 0.782051282051282 1.3279337393176258 1.322384909965538
235 0.7829787234042553 1.3284957773401636 1.322384909965538
236 0.7838983050847458 1.329053910040086 1.322384909965538
237 0.7848101265822784 1.3296081826891881 1.322384909965538
238 0.7857142857142857 1.3301586398237248 1.322384909965538
239 0.7866108786610879 1.3307053252597945 1.322384909965538
240 0.7875 1.331248282108328 1.322384909965538
241 0.7883817427385892 1.3317875527896967 1.322384909965538
242 0.7892561983471075 1.332323179047949 1.322384909965538
243 0.7860082304526749 1.3303377767669675 1.322384909965538
244 0.7868852459016393 1.3308727840502819 1.322384909965538
245 0.7877551020408163 1.3314042174017915 1.322384909965538
246 0.7886178861788617 1.33193211664966 1.322384909965538
247 0.7894736842105263 1.3324565210000114 1.322384909965538
248 0.7903225806451613 1.3329774690494343 1.322384909965538
249 0.7911646586345381 1.3334949987971803 1.322384909965538
250 0.792 1.3340091476570612 1.322384909965538
251 0.7928286852589641 1.3345199524690585 1.322384909965538
252 0.7936507936507936 1.3350274495106507 1.322384909965538
253 0.7944664031620553 1.3355316745078645 1.322384909965538
254 0.7913385826771654 1.3336019857396102 1.322384909965538
255 0.792156862745098 1.3341057807680303 1.322384909965538
256 0.7890625 1.3322044638265993 1.322384909965538
257 0.7898832684824902 1.3327077769273399 1.322384909965538
258 0.7906976744186046 1.333207902045849 1.322384909965538
259 0.7915057915057915 1.33370487287026 1.322384909965538
260 0.7884615384615384 1.331836396059884 1.322384909965538
261 0.789272030651341 1.3323328842304973 1.322384909965538
262 0.7862595419847328 1.3304910030250192 1.322384909965538
263 0.7870722433460076 1.3309869621256247 1.322384909965538
264 0.7840909090909091 1.3291709182943443 1.322384909965538
265 0.7849056603773585 1.3296663044573747 1.322384909965538
266 0.7857142857142857 1.3301586398237248 1.322384909965538
267 0.7827715355805244 1.3283701444895988 1.322384909965538
268 0.7835820895522388 1.3288618887995556 1.322384909965538
269 0.7843866171003717 1.3293506365751155 1.322384909965538
270 0.7851851851851852 1.3298364182962297 1.322384909965538
271 0.7859778597785978 1.3303192640080834 1.322384909965538
272 0.7830882352941176 1.3285621997698316 1.322384909965538
273 0.7802197802197802 1.3268263575068693 1.322384909965538
274 0.781021897810219 1.3273109318938043 1.322384909965538
275 0.7818181818181819 1.3277926142287366 1.322384909965538
276 0.782608695652174 1.328271433330155 1.322384909965538
277 0.7833935018050542 1.3287474176137506 1.322384909965538
278 0.7805755395683454 1.3270411998600393 1.322384909965538
279 0.7777777777777778 1.3253549876502408 1.322384909965538
280 0.7785714285714286 1.3258325449175363 1.322384909965538
281 0.7793594306049823 1.3263073094930506 1.322384909965538
282 0.7801418439716312 1.3267793086503035 1.322384909965538
283 0.7809187279151943 1.327248569289123 1.322384909965538
284 0.7816901408450704 1.327715117942242 1.322384909965538
285 0.7824561403508772 1.3281789807817552 1.322384909965538
286 0.7832167832167832 1.3286401836254333 1.322384909965538
287 0.7839721254355401 1.3290987519429038 1.322384909965538
288 0.78125 1.32744884925751 1.322384909965538
289 0.7820069204152249 1.3279068774101426 1.322384909965538
290 0.7827586206896552 1.3283623146979178 1.322384909965538
291 0.7835051546391752 1.328815185593564 1.322384909965538
292 0.7808219178082192 1.3271900605616238 1.322384909965538
293 0.7781569965870307 1.3255830958166712 1.322384909965538
294 0.7755102040816326 1.3239938788189092 1.322384909965538
295 0.7728813559322034 1.3224220120928776 1.322384909965538
296 0.7736486486486487 1.3228801305242526 1.322384909965538
297 0.7744107744107744 1.3233357080616013 1.322384909965538
298 0.7751677852348994 1.3237887682521785 1.322384909965538
299 0.7759197324414716 1.3242393343369183 1.322384909965538
300 0.7766666666666666 1.3246874292555704 1.322384909965538
301 0.7740863787375415 1.3231417268667254 1.322384909965538
302 0.7748344370860927 1.3235891975737744 1.322384909965538
303 0.7755775577557755 1.3240342370747085 1.322384909965538
304 0.7730263157894737 1.322508519621161 1.322384909965538
305 0.7737704918032787 1.32295292846071 1.322384909965538
306 0.7745098039215687 1.323394945130075 1.322384909965538
307 0.7752442996742671 1.3238345911467266 1.322384909965538
308 0.775974025974026 1.3242718877564168 1.322384909965538
309 0.7766990291262136 1.3247068559376038 1.322384909965538
310 0.7774193548387097 1.325139516405787 1.322384909965538
311 0.7781350482315113 1.3255698896177577 1.322384909965538
312 0.7756410256410257 1.3240722709082269 1.322384909965538
313 0.7763578274760383 1.3245020882913519 1.322384909965538
314 0.7770700636942676 1.3249296539684903 1.322384909965538
315 0.7777777777777778 1.3253549876502408 1.322384909965538
316 0.7784810126582279 1.3257781088049965 1.322384909965538
317 0.7791798107255521 1.3261990366627807 1.322384909965538
318 0.779874213836478 1.3266177902190104 1.322384909965538
319 0.780564263322884 1.3270343882381859 1.322384909965538
320 0.78125 1.32744884925751 1.322384909965538
321 0.778816199376947 1.325979952390619 1.322384909965538
322 0.7795031055900621 1.326393937892263 1.322384909965538
323 0.7801857585139319 1.3268058184147637 1.322384909965538
324 0.7808641975308642 1.327215611840722 1.322384909965538
325 0.7815384615384615 1.3276233358394975 1.322384909965538
326 0.7791411042944786 1.3261757089979522 1.322384909965538
327 0.7798165137614679 1.326582976676161 1.322384909965538
328 0.7804878048780488 1.3269882054373436 1.322384909965538
329 0.7811550151975684 1.3273914123365897 1.322384909965538
330 0.7818181818181819 1.3277926142287366 1.322384909965538
331 0.7824773413897281 1.3281918277713987 1.322384909965538
332 0.7801204819277109 1.326766413774621 1.322384909965538
333 0.7807807807807807 1.3271652015590305 1.322384909965538
334 0.781437125748503 1.3275620297072037 1.322384909965538
335 0.7820895522388059 1.3279569143087413 1.322384909965538
336 0.7827380952380952 1.328349871267812 1.322384909965538
337 0.7833827893175074 1.3287409163059063 1.322384909965538
338 0.7840236686390533 1.3291300649645423 1.322384909965538
339 0.7846607669616519 1.3295173326079217 1.322384909965538
340 0.7852941176470588 1.3299027344255365 1.322384909965538
341 0.7859237536656891 1.3302862854347317 1.322384909965538
342 0.7865497076023392 1.330668000483219 1.322384909965538
343 0.7871720116618076 1.3310478942515467 1.322384909965538
344 0.7877906976744186 1.331425981255526 1.322384909965538
345 0.7855072463768116 1.3300325187411892 1.322384909965538
346 0.7861271676300579 1.3304102853609105 1.322384909965538
347 0.7867435158501441 1.3307862699567266 1.322384909965538
348 0.7873563218390804 1.3311604865715536 1.322384909965538
349 0.7879656160458453 1.331532949093003 1.322384909965538
350 0.7885714285714286 1.3319036712555938 1.322384909965538
351 0.7891737891737892 1.3322726666429288 1.322384909965538
352 0.7869318181818182 1.3309012170285486 1.322384909965538
353 0.7875354107648725 1.3312699234299568 1.322384909965538
354 0.7853107344632768 1.3299128515195866 1.322384909965538
355 0.7859154929577464 1.3302812506630572 1.322384909965538
356 0.7837078651685393 1.3289382536136363 1.322384909965538
357 0.7843137254901961 1.3293063279782475 1.322384909965538
358 0.7849162011173184 1.3296727179079082 1.322384909965538
359 0.7855153203342619 1.3300374362826 1.322384909965538
360 0.7861111111111111 1.3304004958440583 1.322384909965538
361 0.7867036011080333 1.3307619091976857 1.322384909965538
362 0.787292817679558 1.3311216888144326 1.322384909965538
363 0.7878787878787878 1.331479847032645 1.322384909965538
364 0.7884615384615384 1.331836396059884 1.322384909965538
365 0.7890410958904109 1.3321913479747107 1.322384909965538
366 0.7896174863387978 1.3325447147284455 1.322384909965538
367 0.7901907356948229 1.3328965081468938 1.322384909965538
368 0.7907608695652174 1.3332467399320471 1.322384909965538
369 0.7913279132791328 1.3335954216637524 1.322384909965538
370 0.7918918918918919 1.3339425648013565 1.322384909965538
371 0.7897574123989218 1.3326305524945739 1.322384909965538
372 0.7903225806451613 1.3329774690494343 1.322384909965538
373 0.7908847184986595 1.3333228663711503 1.322384909965538
374 0.7914438502673797 1.3336667555737254 1.322384909965538
375 0.792 1.3340091476570612 1.322384909965538
376 0.7925531914893617 1.3343500535084665 1.322384909965538
377 0.7904509283819628 1.3330563004132798 1.322384909965538
378 0.7883597883597884 1.3317741156115206 1.322384909965538
379 0.7889182058047494 1.3321160537284649 1.322384909965538
380 0.7868421052631579 1.3308464481546198 1.322384909965538
381 0.7874015748031497 1.33118813637252 1.322384909965538
382 0.7879581151832461 1.3315283614286968 1.322384909965538
383 0.7885117493472585 1.3318671337921169 1.322384909965538
384 0.7890625 1.3322044638265993 1.322384909965538
385 0.7896103896103897 1.3325403617921778 1.322384909965538
386 0.7901554404145078 1.3328748378464406 1.322384909965538
387 0.7906976744186046 1.333207902045849 1.322384909965538
388 0.7912371134020618 1.3335395643470351 1.322384909965538
389 0.7917737789203085 1.3338698346080795 1.322384909965538
390 0.7897435897435897 1.3326220720416444 1.322384909965538
391 0.7902813299232737 1.3329521365615549 1.322384909965538
392 0.7882653061224489 1.3317162935725833 1.322384909965538
393 0.7888040712468194 1.332046138335249 1.322384909965538
394 0.7868020304568528 1.3308219855862504 1.322384909965538
395 0.7873417721518987 1.3311515970918015 1.322384909965538
396 0.7878787878787878 1.331479847032645 1.322384909965538
397 0.7884130982367759 1.3318067448075157 1.322384909965538
398 0.7864321608040201 1.3305962878290978 1.322384909965538
399 0.7844611528822055 1.3293959502303843 1.322384909965538
400 0.7825 1.3282055584913033 1.322384909965538
401 0.7830423940149626 1.328534394107466 1.322384909965538
402 0.7810945273631841 1.3273548402673065 1.322384909965538
403 0.7791563275434243 1.3261848835995476 1.322384909965538
404 0.7797029702970297 1.3265144793853143 1.322384909965538
405 0.7777777777777778 1.3253549876502408 1.322384909965538
406 0.7758620689655172 1.324204763431562 1.322384909965538
407 0.7764127764127764 1.324535057648346 1.322384909965538
408 0.7769607843137255 1.3248640204019722 1.322384909965538
409 0.7775061124694377 1.325191660668223 1.322384909965538
410 0.775609756097561 1.3240535318100748 1.322384909965538
411 0.7761557177615572 1.3243808472782257 1.322384909965538
412 0.7766990291262136 1.3247068559376038 1.322384909965538
413 0.7772397094430993 1.325031566513723 1.322384909965538
414 0.7777777777777778 1.3253549876502408 1.322384909965538
415 0.7783132530120482 1.3256771279099524 1.322384909965538
416 0.7788461538461539 1.3259979957757633 1.322384909965538
417 0.7793764988009593 1.3263175996516536 1.322384909965538
418 0.777511961722488 1.3251951765276966 1.322384909965538
419 0.7780429594272077 1.3255144854042242 1.322384909965538
420 0.7761904761904762 1.3244016952932567 1.322384909965538
421 0.7767220902612827 1.3247206997909793 1.322384909965538
422 0.7772511848341233 1.32503846120959 1.322384909965538
423 0.7777777777777778 1.3253549876502408 1.322384909965538
424 0.7783018867924528 1.3256702871399049 1.322384909965538
425 0.7764705882352941 1.3245697478506748 1.322384909965538
426 0.7769953051643192 1.3248847525028877 1.322384909965538
427 0.7775175644028103 1.325198544208572 1.322384909965538
428 0.7780373831775701 1.3255111307789413 1.322384909965538
429 0.7785547785547785 1.3258225199545302 1.322384909965538
430 0.7790697674418605 1.32613271940602 1.322384909965538
431 0.7795823665893271 1.3264417367350514 1.322384909965538
432 0.7800925925925926 1.3267495794750277 1.322384909965538
433 0.7782909930715936 1.3256637308613661 1.322384909965538
434 0.7788018433179723 1.325971305179732 1.322384909965538
435 0.7793103448275862 1.3262777180062915 1.322384909965538
436 0.7798165137614679 1.326582976676161 1.322384909965538
437 0.7803203661327232 1.326887088459373 1.322384909965538
438 0.7785388127853882 1.3258129072295881 1.322384909965538
439 0.7790432801822323 1.3261167587050244 1.322384909965538
440 0.7795454545454545 1.3264194759287546 1.322384909965538
441 0.780045351473923 1.3267210659816793 1.322384909965538
442 0.7805429864253394 1.3270215358825925 1.322384909965538
443 0.781038374717833 1.3273208925888837 1.322384909965538
444 0.7792792792792793 1.3262589912797487 1.322384909965538
445 0.7797752808988764 1.3265581006892404 1.322384909965538
446 0.7780269058295964 1.3255048277752222 1.322384909965538
447 0.7762863534675615 1.3244592082071527 1.322384909965538
448 0.7767857142857143 1.3247588966354078 1.322384909965538
449 0.77728285077951 1.32505748754207 1.322384909965538
450 0.7777777777777778 1.3253549876502408 1.322384909965538
451 0.7760532150776053 1.3243193731410356 1.322384909965538
452 0.7765486725663717 1.3246166077201247 1.322384909965538
453 0.7770419426048565 1.3249127632509732 1.322384909965538
454 0.775330396475771 1.3238861593401636 1.322384909965538
455 0.7758241758241758 1.324182047129901 1.322384909965538
456 0.7741228070175439 1.3231635052257213 1.322384909965538
457 0.774617067833698 1.3234591182227546 1.322384909965538
458 0.7751091703056768 1.3237536687438163 1.322384909965538
459 0.775599128540305 1.3240471631775472 1.322384909965538
460 0.7739130434782608 1.323038116780822 1.322384909965538
461 0.7744034707158352 1.3233313395321014 1.322384909965538
462 0.7748917748917749 1.3236235174135198 1.322384909965538
463 0.775377969762419 1.3239146566543243 1.322384909965538
464 0.7758620689655172 1.324204763431562 1.322384909965538
465 0.7763440860215054 1.3244938438706462 1.322384909965538
466 0.776824034334764 1.3247819040459128 1.322384909965538
467 0.7751605995717344 1.3237844651934512 1.322384909965538
468 0.7756410256410257 1.3240722709082269 1.322384909965538
469 0.7761194029850746 1.3243590670002792 1.322384909965538
470 0.776595744680851 1.3246448593948963 1.322384909965538
471 0.7749469214437368 1.323656528592741 1.322384909965538
472 0.7733050847457628 1.3226749351248532 1.322384909965538
473 0.7716701902748414 1.321699985697098 1.322384909965538
474 0.7721518987341772 1.3219869901137167 1.322384909965538
475 0.7726315789473684 1.3222729986833324 1.322384909965538
476 0.773109243697479 1.322558017188191 1.322384909965538
477 0.7735849056603774 1.322842051363338 1.322384909965538
478 0.7740585774058577 1.323125106897116 1.322384909965538
479 0.7745302713987474 1.3234071894316553 1.322384909965538
480 0.775 1.3236883045633583 1.322384909965538
481 0.7733887733887734 1.3227249084847599 1.322384909965538
482 0.7738589211618258 1.3230057712597365 1.322384909965538
483 0.7743271221532091 1.3232856764747536 1.322384909965538
484 0.7747933884297521 1.3235646295925105 1.322384909965538
485 0.7752577319587629 1.3238426360318978 1.322384909965538
486 0.7757201646090535 1.32411970116845 1.322384909965538
487 0.7761806981519507 1.3243958303347942 1.322384909965538
488 0.7766393442622951 1.3246710288210923 1.322384909965538
489 0.7770961145194274 1.3249453018754767 1.322384909965538
490 0.7775510204081633 1.3252186547044824 1.322384909965538
491 0.7780040733197556 1.3254910924734722 1.322384909965538
492 0.7764227642276422 1.324541050646136 1.322384909965538
493 0.7768762677484787 1.324813267327231 1.322384909965538
494 0.7773279352226721 1.3250845779802003 1.322384909965538
495 0.7757575757575758 1.324142124816622 1.322384909965538
496 0.7762096774193549 1.3244132126342705 1.322384909965538
497 0.7766599597585513 1.3246834033282058 1.322384909965538
498 0.7771084337349398 1.3249527018658167 1.322384909965538
499 0.7775551102204409 1.3252211131758311 1.322384909965538
500 0.778 1.3254886421487027 1.322384909965538
501 0.7784431137724551 1.3257552936369956 1.322384909965538
502 0.7788844621513944 1.3260210724557635 1.322384909965538
503 0.7793240556660039 1.326285983382924 1.322384909965538
504 0.7777777777777778 1.3253549876502408 1.322384909965538
505 0.7782178217821782 1.325619696426657 1.322384909965538
506 0.7786561264822134 1.3258835456450444 1.322384909965538
507 0.7790927021696252 1.3261465399749937 1.322384909965538
508 0.7775590551181102 1.3252234845512776 1.322384909965538
509 0.7779960707269156 1.3254862784911126 1.322384909965538
510 0.7764705882352941 1.3245697478506748 1.322384909965538
511 0.776908023483366 1.3248323361719094 1.322384909965538
512 0.77734375 1.3250940812615446 1.322384909965538
513 0.7777777777777778 1.3253549876502408 1.322384909965538
514 0.7782101167315175 1.3256150598344403 1.322384909965538
515 0.7786407766990291 1.3258743022766994 1.322384909965538
516 0.7790697674418605 1.32613271940602 1.322384909965538
517 0.7775628626692457 1.325225773378567 1.322384909965538
518 0.7760617760617761 1.3243245070538419 1.322384909965538
519 0.7764932562620424 1.3245833507575133 1.322384909965538
520 0.7769230769230769 1.3248413758757 1.322384909965538
521 0.7773512476007678 1.3250985867401133 1.322384909965538
522 0.7777777777777778 1.3253549876502408 1.322384909965538
523 0.7762906309751434 1.3244617743159182 1.322384909965538
524 0.7767175572519084 1.3247179785353032 1.322384909965538
525 0.7771428571428571 1.324973380326308 1.322384909965538
526 0.7756653992395437 1.3240868780732806 1.322384909965538
527 0.7760910815939279 1.324342081735556 1.322384909965538
528 0.7746212121212122 1.323461597854903 1.322384909965538
529 0.775047258979206 1.323716598828627 1.322384909965538
530 0.7754716981132076 1.3239708080129187 1.322384909965538
531 0.7740112994350282 1.323096845221439 1.322384909965538
532 0.7744360902255639 1.3233508504954046 1.322384909965538
533 0.774859287054409 1.3236040712699815 1.322384909965538
534 0.7752808988764045 1.323856511600167 1.322384909965538
535 0.7738317757009345 1.32298954914839 1.322384909965538
536 0.7723880597014925 1.3221277741529776 1.322384909965538
537 0.7728119180633147 1.3223805806415154 1.322384909965538
538 0.7732342007434945 1.3226326129551722 1.322384909965538
539 0.7717996289424861 1.3217770849597206 1.322384909965538
540 0.7722222222222223 1.32202890709122 1.322384909965538
541 0.7726432532347505 1.3222799621102626 1.322384909965538
542 0.7712177121771218 1.321430590983515 1.322384909965538
543 0.7716390423572744 1.3216814349489994 1.322384909965538
544 0.7702205882352942 1.3208375872673865 1.322384909965538
545 0.7688073394495413 1.319998651864872 1.322384909965538
546 0.7692307692307693 1.320249820162218 1.322384909965538
547 0.7678244972577697 1.319416272465326 1.322384909965538
548 0.7682481751824818 1.319667215428359 1.322384909965538
549 0.7686703096539163 1.3199174035708405 1.322384909965538
550 0.7672727272727272 1.319089700325521 1.322384909965538
551 0.7676950998185118 1.3193396626685003 1.322384909965538
552 0.7663043478260869 1.318517203572588 1.322384909965538
553 0.7667269439421338 1.318766936694146 1.322384909965538
554 0.7671480144404332 1.3190159248346327 1.322384909965538
555 0.7675675675675676 1.3192641717155238 1.322384909965538
556 0.7679856115107914 1.3195116810321408 1.322384909965538
557 0.7684021543985637 1.3197584564538882 1.322384909965538
558 0.7688172043010753 1.3200045016244895 1.322384909965538
559 0.7692307692307693 1.320249820162218 1.322384909965538
560 0.7696428571428572 1.320494415660127 1.322384909965538
561 0.7700534759358288 1.3207382916862775 1.322384909965538
562 0.7704626334519573 1.3209814517839624 1.322384909965538
563 0.7708703374777975 1.3212238994719283 1.322384909965538
564 0.7712765957446809 1.3214656382445953 1.322384909965538
565 0.7716814159292036 1.3217066715722747 1.322384909965538
566 0.7720848056537103 1.321947002901384 1.322384909965538
567 0.7724867724867724 1.3221866356546585 1.322384909965538
568 0.7711267605633803 1.3213764631843936 1.322384909965538
569 0.7715289982425307 1.3216159031669001 1.322384909965538
570 0.7701754385964912 1.3208107575435126 1.322384909965538
571 0.7705779334500875 1.3210500014150226 1.322384909965538
572 0.7709790209790209 1.3212885554232365 1.322384909965538
573 0.7696335078534031 1.3204888646750015 1.322384909965538
574 0.7700348432055749 1.3207272219705644 1.322384909965538
575 0.768695652173913 1.3199324284981762 1.322384909965538
576 0.7673611111111112 1.3191419932678852 1.322384909965538
577 0.7660311958405546 1.318355867952373 1.322384909965538
578 0.7647058823529411 1.3175740050881464 1.322384909965538
579 0.7651122625215889 1.317813584619031 1.322384909965538
580 0.7655172413793103 1.3180524809378193 1.322384909965538
581 0.76592082616179 1.318290697307751 1.322384909965538
582 0.7663230240549829 1.3185282369701334 1.322384909965538
583 0.7667238421955404 1.318765103144532 1.322384909965538
584 0.7671232876712328 1.3190012990289586 1.322384909965538
585 0.7675213675213676 1.3192368278000588 1.322384909965538
586 0.7662116040955631 1.3184624176893864 1.322384909965538
587 0.7666098807495741 1.318697742473417 1.322384909965538
588 0.7670068027210885 1.3189324058220544 1.322384909965538
589 0.767402376910017 1.3191664108488963 1.322384909965538
590 0.7677966101694915 1.3193997606469179 1.322384909965538
591 0.7681895093062606 1.3196324582886472 1.322384909965538
592 0.768581081081081 1.3198645068263413 1.322384909965538
593 0.7689713322091062 1.320095909292158 1.322384909965538
594 0.7693602693602694 1.320326668698328 1.322384909965538
595 0.7697478991596639 1.3205567880373223 1.322384909965538
596 0.7684563758389261 1.319790590637763 1.322384909965538
597 0.7688442211055276 1.3200205227697919 1.322384909965538
598 0.7692307692307693 1.320249820162218 1.322384909965538
599 0.7696160267111853 1.3204784857492848 1.322384909965538
600 0.77 1.320706522446153 1.322384909965538
601 0.7687188019966722 1.319946153934699 1.322384909965538
602 0.7691029900332226 1.320174007661901 1.322384909965538
603 0.7678275290215588 1.3194180676005964 1.322384909965538
604 0.7682119205298014 1.319645735662279 1.322384909965538
605 0.768595041322314 1.3198727823071175 1.322384909965538
606 0.768976897689769 1.3200992103756215 1.322384909965538
607 0.7693574958813838 1.3203250226900318 1.322384909965538
608 0.7680921052631579 1.3195747571455971 1.322384909965538
609 0.7684729064039408 1.3198003879534101 1.322384909965538
610 0.7672131147540984 1.319054434050791 1.322384909965538
611 0.7675941080196399 1.3192798807790904 1.322384909965538
612 0.7679738562091504 1.3195047190012459 1.322384909965538
613 0.768352365415987 1.319728951467971 1.322384909965538
614 0.7687296416938111 1.3199525809124828 1.322384909965538
615 0.7691056910569106 1.3201756100506468 1.322384909965538
616 0.7694805194805194 1.3203980415811178 1.322384909965538
617 0.7698541329011345 1.3206198781854828 1.322384909965538
618 0.7686084142394822 1.3198807097921215 1.322384909965538
619 0.7673667205169629 1.319145312347315 1.322384909965538
620 0.7661290322580645 1.318413646934425 1.322384909965538
621 0.7665056360708534 1.3186361352349447 1.322384909965538
622 0.7668810289389068 1.318858032341319 1.322384909965538
623 0.7672552166934189 1.3190793408847667 1.322384909965538
624 0.7676282051282052 1.3193000634800267 1.322384909965538
625 0.768 1.3195202027254913 1.322384909965538
626 0.768370607028754 1.3197397612033395 1.322384909965538
627 0.7687400318979266 1.3199587414796665 1.322384909965538
628 0.7691082802547771 1.3201771461046141 1.322384909965538
629 0.7694753577106518 1.3203949776124984 1.322384909965538
630 0.7698412698412699 1.3206122385219365 1.322384909965538
631 0.7702060221870047 1.3208289313359727 1.322384909965538
632 0.7705696202531646 1.3210450585422027 1.322384909965538
633 0.7693522906793049 1.3203219335178136 1.322384909965538
634 0.7697160883280757 1.3205378981893865 1.322384909965538
635 0.7700787401574803 1.3207533016772701 1.322384909965538
636 0.7688679245283019 1.3200345795968942 1.322384909965538
637 0.7692307692307693 1.320249820162218 1.322384909965538
638 0.7695924764890282 1.320464503917987 1.322384909965538
639 0.7699530516431925 1.3206786332765166 1.322384909965538
640 0.76875 1.3199646518647528 1.322384909965538
641 0.7691107644305772 1.3201786198594059 1.322384909965538
642 0.7694704049844237 1.3203920377524219 1.322384909965538
643 0.7682737169517885 1.3196823488451666 1.322384909965538
644 0.7670807453416149 1.3189761366411845 1.322384909965538
645 0.7674418604651163 1.3191897752631392 1.322384909965538
646 0.7678018575851393 1.3194028675650762 1.322384909965538
647 0.7666151468315301 1.318700854912694 1.322384909965538
648 0.7654320987654321 1.318002243590509 1.322384909965538
649 0.765793528505393 1.3182155443457244 1.322384909965538
650 0.7661538461538462 1.3184283025427472 1.322384909965538
651 0.7665130568356375 1.3186405204934228 1.322384909965538
652 0.7668711656441718 1.3188522004957326 1.322384909965538
653 0.7672281776416539 1.3190633448339015 1.322384909965538
654 0.7675840978593272 1.3192739557785045 1.322384909965538
655 0.76793893129771 1.3194840355865716 1.322384909965538
656 0.7682926829268293 1.3196935865016932 1.322384909965538
657 0.7686453576864536 1.3199026107541223 1.322384909965538
658 0.7689969604863222 1.3201111105608785 1.322384909965538
659 0.7693474962063733 1.3203190881258475 1.322384909965538
660 0.7681818181818182 1.3196279018387134 1.322384909965538
661 0.7685325264750378 1.3198357255367676 1.322384909965538
662 0.7688821752265861 1.3200430309228994 1.322384909965538
663 0.7692307692307693 1.320249820162218 1.322384909965538
664 0.7695783132530121 1.3204560954071065 1.322384909965538
665 0.7684210526315789 1.3197696561400565 1.322384909965538
666 0.7687687687687688 1.3199757806694004 1.322384909965538
667 0.7691154422788605 1.3201813950409103 1.322384909965538
668 0.7694610778443114 1.3203865013693936 1.322384909965538
669 0.7698056801195815 1.3205911017573206 1.322384909965538
670 0.7686567164179104 1.3199093447284058 1.322384909965538
671 0.7690014903129657 1.3201137974634642 1.322384909965538
672 0.7693452380952381 1.320317748004215 1.322384909965538
673 0.7696879643387816 1.3205211984167073 1.322384909965538
674 0.7700296735905044 1.3207241507550305 1.322384909965538
675 0.7703703703703704 1.320926607061402 1.322384909965538
676 0.7707100591715976 1.321128569366257 1.322384909965538
677 0.7695716395864106 1.3204521334093418 1.322384909965538
678 0.7699115044247787 1.320653954259782 1.322384909965538
679 0.7702503681885126 1.3208552847207176 1.322384909965538
680 0.7705882352941177 1.3210561267878145 1.322384909965538
681 0.7709251101321586 1.3212564824453106 1.322384909965538
682 0.7712609970674487 1.3214563536661008 1.322384909965538
683 0.7715959004392386 1.321655742411821 1.322384909965538
684 0.77046783625731 1.3209845447619353 1.322384909965538
685 0.7693430656934307 1.320316458752848 1.322384909965538
686 0.7696793002915452 1.3205160539271126 1.322384909965538
687 0.7685589519650655 1.3198513892819252 1.322384909965538
688 0.7674418604651163 1.3191897752631392 1.322384909965538
689 0.7677793904208998 1.3193895652573278 1.322384909965538
690 0.7666666666666667 1.3187313062321364 1.322384909965538
691 0.7670043415340086 1.318930950320719 1.322384909965538
692 0.7673410404624278 1.3191301177149357 1.322384909965538
693 0.7676767676767676 1.3193288103215308 1.322384909965538
694 0.7680115273775217 1.3195270300365143 1.322384909965538
695 0.7683453237410072 1.31972477874524 1.322384909965538
696 0.7672413793103449 1.3190711547371226 1.322384909965538
697 0.7675753228120517 1.3192687619128565 1.322384909965538
698 0.7664756446991404 1.3186184124991194 1.322384909965538
699 0.7668097281831188 1.3188158764547948 1.322384909965538
700 0.7657142857142857 1.3181687687868222 1.322384909965538
701 0.7660485021398002 1.318366087874583 1.322384909965538
702 0.7663817663817664 1.3185629423041194 1.322384909965538
703 0.7667140825035562 1.318759333908611 1.322384909965538
704 0.765625 1.318116071652818 1.322384909965538
705 0.7659574468085106 1.3183123197371014 1.322384909965538
706 0.7662889518413598 1.318508108282653 1.322384909965538
707 0.7666195190947667 1.3187034390922923 1.322384909965538
708 0.7655367231638418 1.318063976813449 1.322384909965538
709 0.764456981664316 1.3174273375879046 1.322384909965538
710 0.7647887323943662 1.317622837307225 1.322384909965538
711 0.7637130801687764 1.3169893044512184 1.322384909965538
712 0.7640449438202247 1.3171846574737733 1.322384909965538
713 0.7643758765778401 1.31737955709833 1.322384909965538
714 0.7647058823529411 1.3175740050881464 1.322384909965538
715 0.765034965034965 1.3177680031968264 1.322384909965538
716 0.7653631284916201 1.3179615531683893 1.322384909965538
717 0.7656903765690377 1.318154656737336 1.322384909965538
718 0.766016713091922 1.3183473156287175 1.322384909965538
719 0.7663421418636995 1.3185395315582011 1.322384909965538
720 0.7666666666666667 1.3187313062321364 1.322384909965538
721 0.7656033287101248 1.3181032821368401 1.322384909965538
722 0.7659279778393352 1.3182949198782539 1.322384909965538
723 0.7662517289073306 1.3184861194238606 1.322384909965538
724 0.7665745856353591 1.3186768824524104 1.322384909965538
725 0.766896551724138 1.3188672106336001 1.322384909965538
726 0.7672176308539945 1.319057105628137 1.322384909965538
727 0.7675378266850069 1.3192465690878008 1.322384909965538
728 0.7664835164835165 1.3186230640788814 1.322384909965538
729 0.7654320987654321 1.318002243590509 1.322384909965538
730 0.7657534246575343 1.3181918710972267 1.322384909965538
731 0.7660738714090287 1.3183810697125427 1.322384909965538
732 0.7663934426229508 1.318569841061768 1.322384909965538
733 0.7667121418826739 1.3187581867615439 1.322384909965538
734 0.7656675749318801 1.3181411988449998 1.322384909965538
735 0.7659863945578231 1.3183294125840126 1.322384909965538
736 0.7663043478260869 1.318517203572588 1.322384909965538
737 0.7666214382632293 1.31870457340168 1.322384909965538
738 0.7655826558265583 1.3180910822220575 1.322384909965538
739 0.7658998646820027 1.3182783212630547 1.322384909965538
740 0.7662162162162162 1.3184651419980964 1.322384909965538
741 0.7651821862348178 1.3178548222910842 1.322384909965538
742 0.7654986522911051 1.3180415121362363 1.322384909965538
743 0.765814266487214 1.3182277865009087 1.322384909965538
744 0.7647849462365591 1.3176206055974882 1.322384909965538
745 0.763758389261745 1.3170159702625248 1.322384909965538
746 0.7640750670241286 1.31720239433035 1.322384909965538
747 0.7630522088353414 1.3166005614550333 1.322384909965538
748 0.7633689839572193 1.3167868506943712 1.322384909965538
749 0.7636849132176236 1.3169727282138681 1.322384909965538
750 0.764 1.31715819553844 1.322384909965538
751 0.7643142476697736 1.3173432541850498 1.322384909965538
752 0.7646276595744681 1.3175279056627627 1.322384909965538
753 0.7649402390438247 1.3177121514727976 1.322384909965538
754 0.7639257294429708 1.317114470479942 1.322384909965538
755 0.7629139072847683 1.3165192559560461 1.322384909965538
756 0.7632275132275133 1.3167036439100976 1.322384909965538
757 0.7635402906208718 1.3168876286244573 1.322384909965538
758 0.7638522427440633 1.3170712115769914 1.322384909965538
759 0.7628458498023716 1.316479251938907 1.322384909965538
760 0.7618421052631579 1.3158897116084725 1.322384909965538
761 0.7621550591327201 1.3160734303668264 1.322384909965538
762 0.7611548556430446 1.315486554314398 1.322384909965538
763 0.7614678899082569 1.3156701383388354 1.322384909965538
764 0.7617801047120419 1.3158533241975736 1.322384909965538
765 0.7607843137254902 1.3152693506489688 1.322384909965538
766 0.7597911227154047 1.3146877312740686 1.322384909965538
767 0.7601043024771839 1.314871042447833 1.322384909965538
768 0.7604166666666666 1.3150539578379097 1.322384909965538
769 0.7607282184655396 1.3152364788767228 1.322384909965538
770 0.7610389610389611 1.3154186069893952 1.322384909965538
771 0.7613488975356679 1.315600343593796 1.322384909965538
772 0.7616580310880829 1.3157816901005897 1.322384909965538
773 0.7619663648124192 1.3159626479132827 1.322384909965538
774 0.7622739018087855 1.3161432184282702 1.322384909965538
775 0.7625806451612903 1.3163234030348832 1.322384909965538
776 0.7615979381443299 1.3157464315538487 1.322384909965538
777 0.7619047619047619 1.315926487379143 1.322384909965538
778 0.7622107969151671 1.3161061598067167 1.322384909965538
779 0.7625160462130937 1.3162854502048977 1.322384909965538
780 0.7628205128205128 1.316464359935137 1.322384909965538
781 0.7631241997439181 1.3166428903520533 1.322384909965538
782 0.7634271099744245 1.3168210428034777 1.322384909965538
783 0.7637292464878672 1.316998818630497 1.322384909965538
784 0.7627551020408163 1.3164259167856507 1.322384909965538
785 0.7617834394904459 1.3158552812578679 1.322384909965538
786 0.7620865139949109 1.316033184015577 1.322384909965538
787 0.7623888182973316 1.316210712328492 1.322384909965538
788 0.7626903553299492 1.316387867517583 1.322384909965538
789 0.7629911280101395 1.316564650897258 1.322384909965538
790 0.7632911392405063 1.3167410637754038 1.322384909965538
791 0.7635903919089759 1.3169171074534298 1.322384909965538
792 0.7638888888888888 1.317092783226308 1.322384909965538
793 0.7641866330390921 1.3172680923826148 1.322384909965538
794 0.7632241813602015 1.3167016844608193 1.322384909965538
795 0.7635220125786164 1.3168768746416653 1.322384909965538
796 0.7638190954773869 1.3170517005283562 1.322384909965538
797 0.7641154328732748 1.3172261633904678 1.322384909965538
798 0.7631578947368421 1.3166627037092544 1.322384909965538
799 0.7634543178973717 1.31683704861649 1.322384909965538
800 0.76375 1.3170110327876807 1.322384909965538
801 0.762796504369538 1.3164502492912435 1.322384909965538
802 0.7630922693266833 1.316624115498846 1.322384909965538
803 0.763387297633873 1.31679762323795 1.322384909965538
804 0.763681592039801 1.3169707737472631 1.322384909965538
805 0.7639751552795031 1.3171435682594668 1.322384909965538
806 0.7630272952853598 1.316585913928464 1.322384909965538
807 0.7620817843866171 1.3160304071680768 1.322384909965538
808 0.7611386138613861 1.31547703131206 1.322384909965538
809 0.761433868974042 1.3156501822059186 1.322384909965538
810 0.7617283950617284 1.3158229788870481 1.322384909965538
811 0.7620221948212084 1.3159954225700705 1.322384909965538
812 0.7623152709359606 1.316167514463742 1.322384909965538
813 0.7626076260762608 1.3163392557709894 1.322384909965538
814 0.7628992628992629 1.3165106476889474 1.322384909965538
815 0.7631901840490798 1.3166816914089934 1.322384909965538
816 0.7634803921568627 1.3168523881167842 1.322384909965538
817 0.7637698898408812 1.3170227389922917 1.322384909965538
818 0.7628361858190709 1.3164735717945635 1.322384909965538
819 0.7631257631257631 1.3166438096316202 1.322384909965538
820 0.7634146341463415 1.3168137037650411 1.322384909965538
821 0.7637028014616322 1.3169832553578968 1.322384909965538
822 0.7639902676399026 1.3171524655677156 1.322384909965538
823 0.764277035236938 1.317321335546518 1.322384909965538
824 0.7645631067961165 1.3174898664408499 1.322384909965538
825 0.7648484848484849 1.3176580593918166 1.322384909965538
826 0.7651331719128329 1.3178259155351169 1.322384909965538
827 0.7654171704957679 1.317993436001075 1.322384909965538
828 0.7657004830917874 1.3181606219146742 1.322384909965538
829 0.7659831121833535 1.318327474395589 1.322384909965538
830 0.7650602409638554 1.3177829075442071 1.322384909965538
831 0.7653429602888087 1.3179496553087897 1.322384909965538
832 0.765625 1.318116071652818 1.322384909965538
833 0.765906362545018 1.3182821576802066 1.322384909965538
834 0.7661870503597122 1.318447914489693 1.322384909965538
835 0.7664670658682635 1.318613343174869 1.322384909965538
836 0.7667464114832536 1.3187784448242117 1.322384909965538
837 0.7670250896057348 1.3189432205211142 1.322384909965538
838 0.766109785202864 1.3184022795911108 1.322384909965538
839 0.766388557806913 1.3185669549161554 1.322384909965538
840 0.7666666666666667 1.3187313062321364 1.322384909965538
841 0.7657550535077289 1.3181928325779417 1.322384909965538
842 0.7660332541567696 1.3183570834400542 1.322384909965538
843 0.7663107947805456 1.3185210122196696 1.322384909965538
844 0.7665876777251185 1.318684619975189 1.322384909965538
845 0.7668639053254438 1.3188479077601176 1.322384909965538
846 0.7671394799054374 1.3190108766230928 1.322384909965538
847 0.7674144037780402 1.319173527607913 1.322384909965538
848 0.7676886792452831 1.3193358617535675 1.322384909965538
849 0.767962308598351 1.3194978800942647 1.322384909965538
850 0.7670588235294118 1.3189631712355228 1.322384909965538
851 0.7673325499412456 1.3191250940866908 1.322384909965538
852 0.7676056338028169 1.3192867029850288 1.322384909965538
853 0.7667057444314185 1.318754405099763 1.322384909965538
854 0.765807962529274 1.3182240650752894 1.322384909965538
855 0.7660818713450293 1.3183857941968293 1.322384909965538
856 0.7663551401869159 1.318547211005939 1.322384909965538
857 0.7666277712952159 1.3187083165133182 1.322384909965538
858 0.7668997668997669 1.3188691117250595 1.322384909965538
859 0.7671711292200233 1.3190295976426782 1.322384909965538
860 0.7674418604651163 1.3191897752631392 1.322384909965538
861 0.7677119628339141 1.3193496455788816 1.322384909965538
862 0.7679814385150812 1.3195092095778478 1.322384909965538
863 0.7682502896871379 1.3196684682435085 1.322384909965538
864 0.7673611111111112 1.3191419932678852 1.322384909965538
865 0.7676300578034682 1.319301160141905 1.322384909965538
866 0.7678983833718245 1.3194600234431202 1.322384909965538
867 0.7681660899653979 1.319618584141741 1.322384909965538
868 0.7684331797235023 1.3197768432036114 1.322384909965538
869 0.7686996547756041 1.319934801590236 1.322384909965538
870 0.7689655172413793 1.320092460258805 1.322384909965538
871 0.7692307692307693 1.320249820162218 1.322384909965538
872 0.7694954128440367 1.3204068822491104 1.322384909965538
873 0.7697594501718213 1.320563647463877 1.322384909965538
874 0.7700228832951945 1.3207201167466978 1.322384909965538
875 0.7702857142857142 1.3208762910335599 1.322384909965538
876 0.7705479452054794 1.3210321712562845 1.322384909965538
877 0.7708095781071835 1.3211877583425493 1.322384909965538
878 0.7710706150341685 1.3213430532159125 1.322384909965538
879 0.770193401592719 1.3208214316538838 1.322384909965538
880 0.7704545454545455 1.3209766436579788 1.322384909965538
881 0.7707150964812712 1.321131565093852 1.322384909965538
882 0.7698412698412699 1.3206122385219365 1.322384909965538
883 0.768969422423556 1.3200947765371986 1.322384909965538
884 0.7692307692307693 1.320249820162218 1.322384909965538
885 0.768361581920904 1.3197344130081634 1.322384909965538
886 0.7686230248306998 1.3198893711551556 1.322384909965538
887 0.7688838782412627 1.3200440409018948 1.322384909965538
888 0.7691441441441441 1.3201984231477832 1.322384909965538
889 0.7694038245219348 1.320352518788275 1.322384909965538
890 0.7696629213483146 1.3205063287148975 1.322384909965538
891 0.7699214365881033 1.3206598538152743 1.322384909965538
892 0.7690582959641256 1.320147493750844 1.322384909965538
893 0.7693169092945129 1.320300936095851 1.322384909965538
894 0.7695749440715883 1.320454095198886 1.322384909965538
895 0.7698324022346369 1.3206069719360034 1.322384909965538
896 0.7700892857142857 1.3207595671794445 1.322384909965538
897 0.770345596432553 1.320911881797657 1.322384909965538
898 0.7694877505567929 1.3204023339071855 1.322384909965538
899 0.7697441601779755 1.3205545677148511 1.322384909965538
900 0.77 1.320706522446153 1.322384909965538
901 0.7702552719200888 1.3208581989583024 1.322384909965538
902 0.770509977827051 1.3210095981048042 1.322384909965538
903 0.770764119601329 1.3211607207354774 1.322384909965538
904 0.7710176991150443 1.3213115676964757 1.322384909965538
905 0.7712707182320442 1.3214621398303081 1.322384909965538
906 0.7715231788079471 1.3216124379758591 1.322384909965538
907 0.7717750826901875 1.321762462968409 1.322384909965538
908 0.7720264317180616 1.3219122156396539 1.322384909965538
909 0.7722772277227723 1.3220616968177252 1.322384909965538
910 0.7725274725274726 1.32221090732721 1.322384909965538
911 0.7727771679473107 1.3223598479891696 1.322384909965538
912 0.7730263157894737 1.322508519621161 1.322384909965538
913 0.7732749178532311 1.322656923037254 1.322384909965538
914 0.7724288840262582 1.3221521162202945 1.322384909965538
915 0.7715846994535519 1.3216490721082481 1.322384909965538
916 0.7718340611353712 1.32179759685425 1.322384909965538
917 0.772082878953108 1.3219458546566762 1.322384909965538
918 0.7723311546840959 1.3220938463193184 1.322384909965538
919 0.7714907508161044 1.321593129248284 1.322384909965538
920 0.7717391304347826 1.3217410475187086 1.322384909965538
921 0.7709011943539631 1.3212422551705092 1.322384909965538
922 0.7711496746203904 1.3213900992551617 1.322384909965538
923 0.771397616468039 1.3215376792552218 1.322384909965538
924 0.7716450216450217 1.3216849959610197 1.322384909965538
925 0.7718918918918919 1.3218320501595553 1.322384909965538
926 0.7710583153347732 1.321335734539299 1.322384909965538
927 0.7713052858683926 1.3214827156398754 1.322384909965538
928 0.7704741379310345 1.3209882910311443 1.322384909965538
929 0.7707212055974165 1.3211351982641864 1.322384909965538
930 0.7698924731182796 1.3206426501996484 1.322384909965538
931 0.7701396348012889 1.3207894828087348 1.322384909965538
932 0.7703862660944206 1.3209360555392924 1.322384909965538
933 0.7706323687031083 1.3210823691620086 1.322384909965538
934 0.7708779443254818 1.321228424444354 1.322384909965538
935 0.7700534759358288 1.3207382916862775 1.322384909965538
936 0.7692307692307693 1.320249820162218 1.322384909965538
937 0.7694770544290288 1.3203959847628195 1.322384909965538
938 0.7686567164179104 1.3199093447284058 1.322384909965538
939 0.7689030883919062 1.3200554337312742 1.322384909965538
940 0.7680851063829788 1.3195706114075008 1.322384909965538
941 0.7683315621679064 1.3197166241046787 1.322384909965538
942 0.7685774946921444 1.3198623808817382 1.322384909965538
943 0.767762460233298 1.319379541566737 1.322384909965538
944 0.7680084745762712 1.3195252219447404 1.322384909965538
945 0.7682539682539683 1.319670647753661 1.322384909965538
946 0.7684989429175476 1.3198158197389844 1.322384909965538
947 0.7687434002111933 1.3199607386431225 1.322384909965538
948 0.7689873417721519 1.320105405205429 1.322384909965538
949 0.7692307692307693 1.320249820162218 1.322384909965538
950 0.7694736842105263 1.3203939842467771 1.322384909965538
951 0.7697160883280757 1.3205378981893865 1.322384909965538
952 0.7689075630252101 1.320058087518238 1.322384909965538
953 0.7691500524658972 1.3202019285009077 1.322384909965538
954 0.7693920335429769 1.3203455206460435 1.322384909965538
955 0.7696335078534031 1.3204888646750015 1.322384909965538
956 0.7698744769874477 1.3206319613061939 1.322384909965538
957 0.7701149425287356 1.3207748112551043 1.322384909965538
958 0.7703549060542797 1.3209174152343035 1.322384909965538
959 0.7695516162669447 1.3204402462801252 1.322384909965538
960 0.7697916666666667 1.3205827794705414 1.322384909965538
961 0.7700312174817898 1.320725067962545 1.322384909965538
962 0.7702702702702703 1.3208671124600713 1.322384909965538
963 0.770508826583593 1.321008913664203 1.322384909965538
964 0.770746887966805 1.3211504722731884 1.322384909965538
965 0.7709844559585493 1.3212917889824536 1.322384909965538
966 0.7712215320910973 1.3214328644846192 1.322384909965538
967 0.7714581178903827 1.3215736994695133 1.322384909965538
968 0.7716942148760331 1.3217142946241873 1.322384909965538
969 0.7708978328173375 1.321240255465361 1.322384909965538
970 0.7711340206185567 1.3213807835644855 1.322384909965538
971 0.7713697219361483 1.3215210730560931 1.322384909965538
972 0.7705761316872428 1.3210489301148896 1.322384909965538
973 0.7708119218910586 1.321189152418925 1.322384909965538
974 0.771047227926078 1.3213291373291465 1.322384909965538
975 0.7712820512820513 1.3214688855189731 1.322384909965538
976 0.7715163934426229 1.3216083976591344 1.322384909965538
977 0.7717502558853634 1.3217476744176844 1.322384909965538
978 0.7719836400817995 1.3218867164600159 1.322384909965538
979 0.7722165474974464 1.322025524448874 1.322384909965538
980 0.7714285714285715 1.32155610822618 1.322384909965538
981 0.7716615698267074 1.321694851532397 1.322384909965538
982 0.7718940936863544 1.3218333619634661 1.322384909965538
983 0.7721261444557477 1.321971640174292 1.322384909965538
984 0.7713414634146342 1.3215042508930908 1.322384909965538
985 0.7715736040609137 1.3216424647999434 1.322384909965538
986 0.7718052738336714 1.3217804476511663 1.322384909965538
987 0.7720364741641338 1.3219182000939458 1.322384909965538
988 0.7722672064777328 1.3220557227729162 1.322384909965538
989 0.7724974721941354 1.3221930163301732 1.322384909965538
990 0.7727272727272727 1.3223300814052865 1.322384909965538
991 0.7729566094853683 1.322466918635313 1.322384909965538
992 0.7721774193548387 1.3220022013928248 1.322384909965538
993 0.771399798590131 1.3215389783482758 1.322384909965538
994 0.7716297786720322 1.3216759179529411 1.322384909965538
995 0.771859296482412 1.3218126307097962 1.322384909965538
996 0.7720883534136547 1.3219491172484794 1.322384909965538
997 0.7723169508525577 1.3220853781961683 1.322384909965538
998 0.7725450901803608 1.3222214141775932 1.322384909965538
999 0.7727727727727728 1.3223572258150489 1.322384909965538
1000 0.773 1.3224928137284069 1.322384909965538
1001 0.7732267732267732 1.3226281785351284 1.322384909965538
1002 0.7734530938123753 1.3227633208502754 1.322384909965538
1003 0.7726819541375872 1.322303047154874 1.322384909965538
1004 0.7729083665338645 1.3224381297004153 1.322384909965538
1005 0.7731343283582089 1.3225729908454222 1.322384909965538
1006 0.7733598409542743 1.3227076311978585 1.322384909965538
1007 0.7735849056603774 1.322842051363338 1.322384909965538
1008 0.7728174603174603 1.3223838873707703 1.322384909965538
1009 0.7730426164519326 1.322518248569079 1.322384909965538
1010 0.7732673267326733 1.3226523906544587 1.322384909965538
1011 0.7734915924826904 1.3227863142255696 1.322384909965538
1012 0.7737154150197628 1.3229200198787694 1.322384909965538
1013 0.773938795656466 1.323053508208125 1.322384909965538
1014 0.7741617357001972 1.3231867798054235 1.322384909965538
1015 0.774384236453202 1.3233198352601845 1.322384909965538
1016 0.7746062992125984 1.3234526751596696 1.322384909965538
1017 0.7748279252704031 1.3235853000888957 1.322384909965538
1018 0.775049115913556 1.3237177106306446 1.322384909965538
1019 0.7752698724239451 1.323849907365474 1.322384909965538
1020 0.7754901960784314 1.3239818908717291 1.322384909965538
1021 0.7747306562193927 1.323527086881709 1.322384909965538
1022 0.773972602739726 1.3230737147911649 1.322384909965538
1023 0.7741935483870968 1.3232058009470273 1.322384909965538
1024 0.7744140625 1.3233376747694647 1.322384909965538
1025 0.7746341463414634 1.3234693368303132 1.322384909965538
1026 0.7748538011695907 1.3236007876992422 1.322384909965538
1027 0.7740993184031159 1.3231494626010065 1.322384909965538
1028 0.7733463035019456 1.3226995474432197 1.322384909965538
1029 0.7725947521865889 1.3222510332477615 1.322384909965538
1030 0.7728155339805826 1.3223827380383442 1.322384909965538
1031 0.7730358874878759 1.3225142323992711 1.322384909965538
1032 0.7732558139534884 1.3226455168938511 1.322384909965538
1033 0.7734753146176185 1.3227765920832706 1.322384909965538
1034 0.7727272727272727 1.3223300814052865 1.322384909965538
1035 0.7729468599033816 1.3224611004074978 1.322384909965538
1036 0.7731660231660231 1.3225919111001272 1.322384909965538
1037 0.7733847637415622 1.322722514038078 1.322384909965538
1038 0.7736030828516378 1.3228529097741726 1.322384909965538
1039 0.7738209817131858 1.3229830988591627 1.322384909965538
1040 0.7740384615384616 1.3231130818417391 1.322384909965538
1041 0.7742555235350624 1.3232428592685428 1.322384909965538
1042 0.77447216890595 1.3233724316841733 1.322384909965538
1043 0.7746883988494727 1.3235017996311995 1.322384909965538
1044 0.774904214559387 1.323630963650169 1.322384909965538
1045 0.7741626794258373 1.3231873440552966 1.322384909965538
1046 0.7743785850860421 1.323316455167313 1.322384909965538
1047 0.7745940783190067 1.3234453633075698 1.322384909965538
1048 0.7748091603053435 1.3235740690106377 1.322384909965538
1049 0.7740705433746425 1.3231322602080484 1.322384909965538
1050 0.7742857142857142 1.3232609132704927 1.322384909965538
1051 0.774500475737393 1.3233893648416686 1.322384909965538
1052 0.7737642585551331 1.3229492039296458 1.322384909965538
1053 0.7739791073124407 1.3230776027141893 1.322384909965538
1054 0.7741935483870968 1.3232058009470273 1.322384909965538
1055 0.7744075829383886 1.3233337991529723 1.322384909965538
1056 0.7736742424242424 1.3228954209514816 1.322384909965538
1057 0.7738883632923368 1.323023366638542 1.322384909965538
1058 0.7731568998109641 1.3225864648063206 1.322384909965538
1059 0.7724268177525968 1.3221508841390945 1.322384909965538
1060 0.7726415094339623 1.3222789219677213 1.322384909965538
1061 0.7728557964184731 1.3224067609932066 1.322384909965538
1062 0.7721280602636534 1.3219727820037255 1.322384909965538
1063 0.7723424270931326 1.322100566902485 1.322384909965538
1064 0.7725563909774437 1.3222281539202678 1.322384909965538
1065 0.7727699530516432 1.3223555435705154 1.322384909965538
1066 0.7729831144465291 1.3224827363647937 1.322384909965538
1067 0.7731958762886598 1.3226097328128021 1.322384909965538
1068 0.7724719101123596 1.3221777727852226 1.322384909965538
1069 0.7726847521047708 1.3223047161928818 1.322384909965538
1070 0.77196261682243 1.3218741894925063 1.322384909965538
1071 0.7721755368814193 1.3220010793451846 1.322384909965538
1072 0.7723880597014925 1.3221277741529776 1.322384909965538
1073 0.7726001863932899 1.3222542744182426 1.322384909965538
1074 0.7728119180633147 1.3223805806415154 1.322384909965538
1075 0.7730232558139535 1.322506693321519 1.322384909965538
1076 0.7732342007434945 1.3226326129551722 1.322384909965538
1077 0.7725162488393686 1.3222042138717827 1.322384909965538
1078 0.7727272727272727 1.3223300814052865 1.322384909965538
1079 0.772937905468026 1.3224557567745945 1.322384909965538
1080 0.7731481481481481 1.3225812404712807 1.322384909965538
1081 0.7733580018501388 1.3227065329851488 1.322384909965538
1082 0.7726432532347505 1.3222799621102626 1.322384909965538
1083 0.7728531855955678 1.322405203176066 1.322384909965538
1084 0.7730627306273062 1.3225302539283834 1.322384909965538
1085 0.7723502304147466 1.3221052192928002 1.322384909965538
1086 0.7725598526703499 1.3222302184814096 1.322384909965538
1087 0.7718491260349586 1.3218065716365628 1.322384909965538
1088 0.7720588235294118 1.3219315187717255 1.322384909965538
1089 0.7722681359044995 1.3220562768356152 1.322384909965538
1090 0.7724770642201835 1.3221808463076403 1.322384909965538
1091 0.7717690192483959 1.3217588511135985 1.322384909965538
1092 0.7710622710622711 1.3213380882964056 1.322384909965538
1093 0.7712717291857274 1.3214627415681168 1.322384909965538
1094 0.7714808043875686 1.3215872070002064 1.322384909965538
1095 0.771689497716895 1.3217114850669995 1.322384909965538
1096 0.7709854014598541 1.3212923515143662 1.322384909965538
1097 0.7702825888787602 1.3208744335472473 1.322384909965538
1098 0.7704918032786885 1.320998793060266 1.322384909965538
1099 0.7697907188353048 1.3205822165803942 1.322384909965538
1100 0.77 1.320706522446153 1.322384909965538
1101 0.7702089009990918 1.3208306420661011 1.322384909965538
1102 0.7704174228675136 1.3209545759078942 1.322384909965538
1103 0.7697189483227561 1.3205395964686157 1.322384909965538
1104 0.769927536231884 1.3206634769561072 1.322384909965538
1105 0.7692307692307693 1.320249820162218 1.322384909965538
1106 0.7694394213381555 1.3203736468512566 1.322384909965538
1107 0.7696476964769647 1.3204972889652722 1.322384909965538
1108 0.76985559566787 1.3206207469653637 1.322384909965538
1109 0.7700631199278629 1.3207440213110089 1.322384909965538
1110 0.7702702702702703 1.3208671124600713 1.322384909965538
1111 0.7695769576957696 1.3204552906416311 1.322384909965538
1112 0.7697841726618705 1.3205783290159423 1.322384909965538
1113 0.7699910152740341 1.3207011850112733 1.322384909965538
1114 0.770197486535009 1.3208238590806936 1.322384909965538
1115 0.7704035874439462 1.3209463516756874 1.322384909965538
1116 0.7697132616487455 1.320536219700242 1.322384909965538
1117 0.7699194270367055 1.3206586601647916 1.322384909965538
1118 0.7701252236135957 1.3207809199609408 1.322384909965538
1119 0.7703306523681859 1.3209029995354682 1.322384909965538
1120 0.7705357142857143 1.3210248993335978 1.322384909965538
1121 0.7707404103479036 1.3211466197990045 1.322384909965538
1122 0.7700534759358288 1.3207382916862775 1.322384909965538
1123 0.7702582368655387 1.320859961005684 1.322384909965538
1124 0.7704626334519573 1.3209814517839624 1.322384909965538
1125 0.7706666666666667 1.3211027644601914 1.322384909965538
1126 0.7708703374777975 1.3212238994719283 1.322384909965538
1127 0.7710736468500443 1.3213448572552169 1.322384909965538
1128 0.7712765957446809 1.3214656382445953 1.322384909965538
1129 0.7714791851195748 1.3215862428730998 1.322384909965538
1130 0.7716814159292036 1.3217066715722747 1.322384909965538
1131 0.7718832891246684 1.3218269247721772 1.322384909965538
1132 0.7712014134275619 1.321420890594342 1.322384909965538
1133 0.7714033539276258 1.321541094973488 1.322384909965538
1134 0.7716049382716049 1.3216611246190084 1.322384909965538
1135 0.771806167400881 1.3217809799565505 1.322384909965538
1136 0.7720070422535211 1.3219006614103022 1.322384909965538
1137 0.772207563764292 1.3220201694029976 1.322384909965538
1138 0.7715289982425307 1.3216159031669001 1.322384909965538
1139 0.7708516242317822 1.3212127680260424 1.322384909965538
1140 0.7701754385964912 1.3208107575435126 1.322384909965538
1141 0.7703768624014022 1.320930465921222 1.322384909965538
1142 0.7705779334500875 1.3210500014150226 1.322384909965538
1143 0.7699037620297463 1.320649355455613 1.322384909965538
1144 0.7692307692307693 1.320249820162218 1.322384909965538
1145 0.7685589519650655 1.3198513892819252 1.322384909965538
1146 0.768760907504363 1.319971119351533 1.322384909965538
1147 0.7689625108979947 1.3200906771174614 1.322384909965538
1148 0.769163763066202 1.3202100629953182 1.322384909965538
1149 0.7693646649260226 1.3203292773992998 1.322384909965538
1150 0.768695652173913 1.3199324284981762 1.322384909965538
1151 0.7688966116420504 1.3200515925736325 1.322384909965538
1152 0.7690972222222222 1.320170585916223 1.322384909965538
1153 0.769297484822203 1.3202894089359487 1.322384909965538
1154 0.7694974003466204 1.320408062041424 1.322384909965538
1155 0.7696969696969697 1.3205265456398836 1.322384909965538
1156 0.7698961937716263 1.3206448601371865 1.322384909965538
1157 0.77009507346586 1.3207630059378248 1.322384909965538
1158 0.7694300518134715 1.3203680855715962 1.322384909965538
1159 0.7696289905090595 1.320486182605206 1.322384909965538
1160 0.7698275862068965 1.320604111664824 1.322384909965538
1161 0.7700258397932817 1.3207218731508767 1.322384909965538
1162 0.770223752151463 1.3208394674624466 1.322384909965538
1163 0.7704213241616509 1.3209568949972779 1.322384909965538
1164 0.770618556701031 1.321074156151782 1.322384909965538
1165 0.7699570815450644 1.3206810271183542 1.322384909965538
1166 0.7701543739279588 1.3207982407062873 1.322384909965538
1167 0.7703513281919452 1.320915288621446 1.322384909965538
1168 0.7705479452054794 1.3210321712562845 1.322384909965538
1169 0.7707442258340462 1.321148889001949 1.322384909965538
1170 0.770940170940171 1.3212654422482815 1.322384909965538
1171 0.771135781383433 1.3213818313838266 1.322384909965538
1172 0.7713310580204779 1.3214980567958365 1.322384909965538
1173 0.7715260017050298 1.3216141188702768 1.322384909965538
1174 0.7708688245315162 1.3212229994943534 1.322384909965538
1175 0.7710638297872341 1.3213390157807923 1.322384909965538
1176 0.7712585034013606 1.3214548694173958 1.322384909965538
1177 0.7714528462192014 1.3215705607863109 1.322384909965538
1178 0.7707979626485568 1.321180849572765 1.322384909965538
1179 0.7709923664122137 1.3212964953814712 1.322384909965538
1180 0.7703389830508475 1.3209079509952526 1.322384909965538
1181 0.7705334462320068 1.3210235508717834 1.322384909965538
1182 0.7707275803722504 1.3211389894614305 1.322384909965538
1183 0.7709213863060017 1.3212542671413325 1.322384909965538
1184 0.7711148648648649 1.3213693842873855 1.322384909965538
1185 0.770464135021097 1.32098234443837 1.322384909965538
1186 0.7706576728499157 1.3210974161797329 1.322384909965538
1187 0.7708508845829823 1.3212123280575951 1.322384909965538
1188 0.7710437710437711 1.3213270804441666 1.322384909965538
1189 0.7703952901597981 1.3209414195796978 1.322384909965538
1190 0.7705882352941177 1.3210561267878145 1.322384909965538
1191 0.7707808564231738 1.3211706751685142 1.322384909965538
1192 0.7709731543624161 1.3212850650903682 1.322384909965538
1193 0.7711651299245599 1.3213992969207435 1.322384909965538
1194 0.7713567839195979 1.321513371025808 1.322384909965538
1195 0.7715481171548118 1.3216272877705348 1.322384909965538
1196 0.7709030100334449 1.321243335283097 1.322384909965538
1197 0.77109440267335 1.321357207940921 1.322384909965538
1198 0.7712854757929883 1.321470923888761 1.322384909965538
1199 0.7714762301918265 1.3215844834880457 1.322384909965538
1200 0.7716666666666666 1.3216978870990306 1.322384909965538
