# parameters:
#  num_nodes=4, num_iters=1000, ntest=3, state=ghz
# columns:
#  sensing_iteration   running_frequency   running_estimation   average_phase
12 0.0 2.356194490192345 2.2234921750649996
21 0.5 1.9634954084936207 2.2234921750649996
35 0.6666666666666666 1.8785361811300902 2.2234921750649996
37 0.75 1.8325957145940461 2.2234921750649996
38 0.8 1.8026201312952996 2.2234921750649996
39 0.6666666666666666 1.8785361811300902 2.2234921750649996
44 0.7142857142857143 1.8527676474752108 2.2234921750649996
45 0.625 1.900325344708101 2.2234921750649996
47 0.5555555555555556 1.9356601549083798 2.2234921750649996
53 0.5 1.9634954084936207 2.2234921750649996
61 0.5454545454545454 1.940736713984267 2.2234921750649996
66 0.5 1.9634954084936207 2.2234921750649996
69 0.46153846153846156 1.9827451936578266 2.2234921750649996
74 0.42857142857142855 1.9993323007199622 2.2234921750649996
75 0.4666666666666667 1.980174445596177 2.2234921750649996
81 0.5 1.9634954084936207 2.2234921750649996
82 0.5294117647058824 1.9487810320068504 2.2234921750649996
83 0.5 1.9634954084936207 2.2234921750649996
92 0.47368421052631576 1.976659385559013 2.2234921750649996
107 0.45 1.9885372637840106 2.2234921750649996
109 0.47619047619047616 1.9754046741497215 2.2234921750649996
110 0.45454545454545453 1.9862541030029746 2.2234921750649996
118 0.43478260869565216 1.9961972825130476 2.2234921750649996
124 0.4166666666666667 2.005357428298543 2.2234921750649996
128 0.4 2.0138348886912034 2.2234921750649996
155 0.4230769230769231 2.0021103081146667 2.2234921750649996
162 0.4074074074074074 2.01006048438776 2.2234921750649996
163 0.39285714285714285 2.0174855331648596 2.2234921750649996
169 0.41379310344827586 2.006815317598006 2.2234921750649996
179 0.4 2.0138348886912034 2.2234921750649996
181 0.41935483870967744 2.003994897136402 2.2234921750649996
194 0.40625 2.0106495050374718 2.2234921750649996
195 0.3939393939393939 2.016931673046558 2.2234921750649996
201 0.38235294117647056 2.0228757011889824 2.2234921750649996
216 0.37142857142857144 2.028511526672219 2.2234921750649996
219 0.3611111111111111 2.033865426801332 2.2234921750649996
225 0.35135135135135137 2.0389605857537947 2.2234921750649996
227 0.34210526315789475 2.0438175558098233 2.2234921750649996
230 0.358974358974359 2.03497829079894 2.2234921750649996
233 0.375 2.0266654722791406 2.2234921750649996
234 0.36585365853658536 2.0314004832529133 2.2234921750649996
239 0.38095238095238093 2.0235964626859357 2.2234921750649996
243 0.3953488372093023 2.0162107654857895 2.2234921750649996
266 0.4090909090909091 2.009204192741848 2.2234921750649996
271 0.4222222222222222 2.0025428660087328 2.2234921750649996
272 0.43478260869565216 1.9961972825130476 2.2234921750649996
273 0.44680851063829785 1.9901415758979386 2.2234921750649996
280 0.4375 1.994827366285637 2.2234921750649996
283 0.42857142857142855 1.9993323007199622 2.2234921750649996
285 0.42 2.003668071731598 2.2234921750649996
287 0.43137254901960786 1.997917796569678 2.2234921750649996
289 0.4423076923076923 1.9924059566226942 2.2234921750649996
293 0.4528301886792453 1.987115439148475 2.2234921750649996
304 0.46296296296296297 1.9820309040520614 2.2234921750649996
305 0.4727272727272727 1.9771385430322903 2.2234921750649996
306 0.48214285714285715 1.9724258790931404 2.2234921750649996
307 0.47368421052631576 1.976659385559013 2.2234921750649996
316 0.4827586206896552 1.9721178074840404 2.2234921750649996
317 0.4745762711864407 1.976212756961132 2.2234921750649996
319 0.48333333333333334 1.9718302858089463 2.2234921750649996
321 0.47540983606557374 1.9757954522251886 2.2234921750649996
327 0.46774193548387094 1.97963565082299 2.2234921750649996
328 0.47619047619047616 1.9754046741497215 2.2234921750649996
339 0.46875 1.9791305989427435 2.2234921750649996
344 0.46153846153846156 1.9827451936578266 2.2234921750649996
350 0.45454545454545453 1.9862541030029746 2.2234921750649996
355 0.44776119402985076 1.9896625644502077 2.2234921750649996
362 0.4411764705882353 1.992975446499933 2.2234921750649996
369 0.43478260869565216 1.9961972825130476 2.2234921750649996
370 0.44285714285714284 1.9921294018016957 2.2234921750649996
386 0.43661971830985913 1.9952710363918131 2.2234921750649996
399 0.4444444444444444 1.9913306620788618 2.2234921750649996
400 0.4383561643835616 1.9943959466766676 2.2234921750649996
401 0.44594594594594594 1.9905753601224 2.2234921750649996
404 0.4533333333333333 1.986862751858894 2.2234921750649996
409 0.4473684210526316 1.98986003984345 2.2234921750649996
410 0.45454545454545453 1.9862541030029746 2.2234921750649996
413 0.46153846153846156 1.9827451936578266 2.2234921750649996
418 0.45569620253164556 1.9856763970110056 2.2234921750649996
420 0.4625 1.9822630312627998 2.2234921750649996
422 0.4691358024691358 1.9789373244998267 2.2234921750649996
437 0.4634146341463415 1.9818044539095268 2.2234921750649996
441 0.46987951807228917 1.9785647732346143 2.2234921750649996
445 0.4642857142857143 1.9813677709650008 2.2234921750649996
448 0.4588235294117647 1.9841069866907994 2.2234921750649996
450 0.46511627906976744 1.9809514497394614 2.2234921750649996
460 0.47126436781609193 1.9778711457186107 2.2234921750649996
469 0.4659090909090909 1.9805540974489155 2.2234921750649996
472 0.47191011235955055 1.9775477508583588 2.2234921750649996
475 0.4666666666666667 1.980174445596177 2.2234921750649996
479 0.4725274725274725 1.9772385931726486 2.2234921750649996
480 0.4782608695652174 1.9743684011911498 2.2234921750649996
482 0.4731182795698925 1.976942752296981 2.2234921750649996
503 0.4787234042553192 1.9741369195773166 2.2234921750649996
506 0.47368421052631576 1.976659385559013 2.2234921750649996
507 0.46875 1.9791305989427435 2.2234921750649996
516 0.4639175257731959 1.98155234155003 2.2234921750649996
517 0.46938775510204084 1.9788111094506344 2.2234921750649996
526 0.47474747474747475 1.9761270450518054 2.2234921750649996
540 0.47 1.9785044231049405 2.2234921750649996
545 0.4752475247524752 1.975876706857544 2.2234921750649996
546 0.4803921568627451 1.9733018446624038 2.2234921750649996
547 0.4854368932038835 1.9707779918192705 2.2234921750649996
554 0.4807692307692308 1.9731131653454528 2.2234921750649996
556 0.47619047619047616 1.9754046741497215 2.2234921750649996
567 0.4811320754716981 1.9729316111784794 2.2234921750649996
574 0.4766355140186916 1.9751819072188086 2.2234921750649996
576 0.48148148148148145 1.9727567859466437 2.2234921750649996
577 0.48623853211009177 1.9703770114412484 2.2234921750649996
585 0.4909090909090909 1.9680411135146048 2.2234921750649996
587 0.4954954954954955 1.9657476912132932 2.2234921750649996
589 0.5 1.9634954084936207 2.2234921750649996
597 0.49557522123893805 1.9657078267522596 2.2234921750649996
599 0.49122807017543857 1.9678815984275746 2.2234921750649996
602 0.4956521739130435 1.965669348934541 2.2234921750649996
603 0.5 1.9634954084936207 2.2234921750649996
605 0.5042735042735043 1.9613586303405735 2.2234921750649996
606 0.5 1.9634954084936207 2.2234921750649996
607 0.5042016806722689 1.9613945434310416 2.2234921750649996
616 0.5 1.9634954084936207 2.2234921750649996
619 0.5041322314049587 1.9614292692706714 2.2234921750649996
625 0.5 1.9634954084936207 2.2234921750649996
634 0.5040650406504065 1.9614628657767548 2.2234921750649996
635 0.5080645161290323 1.9594629755795478 2.2234921750649996
656 0.512 1.9574948323442702 2.2234921750649996
659 0.5158730158730159 1.9555575668694634 2.2234921750649996
661 0.5118110236220472 1.9575893473309467 2.2234921750649996
665 0.515625 1.9556816363687468 2.2234921750649996
672 0.5193798449612403 1.9538030581543155 2.2234921750649996
673 0.5153846153846153 1.955801886507548 2.2234921750649996
678 0.5114503816793893 1.9577697171112063 2.2234921750649996
687 0.5075757575757576 1.9597073847612152 2.2234921750649996
704 0.5112781954887218 1.9578558324529254 2.2234921750649996
705 0.5149253731343284 1.956031613189463 2.2234921750649996
711 0.5185185185185185 1.9542340310405977 2.2234921750649996
726 0.5147058823529411 1.9561414067916376 2.2234921750649996
728 0.5109489051094891 1.9580205183315842 2.2234921750649996
734 0.5144927536231884 1.9562480166126668 2.2234921750649996
735 0.5179856115107914 1.9545006622662828 2.2234921750649996
739 0.5142857142857142 1.9563515791762975 2.2234921750649996
742 0.5177304964539007 1.9546283012328072 2.2234921750649996
747 0.5211267605633803 1.9529288824444069 2.2234921750649996
748 0.5174825174825175 1.954752367662113 2.2234921750649996
751 0.5208333333333334 1.9530757253879762 2.2234921750649996
752 0.5241379310344828 1.9514217501473503 2.2234921750649996
762 0.5273972602739726 1.949789914193767 2.2234921750649996
767 0.5238095238095238 1.9515861428375199 2.2234921750649996
781 0.5202702702702703 1.9533574950609152 2.2234921750649996
787 0.5167785234899329 1.9551045714600561 2.2234921750649996
791 0.52 1.9534927399051234 2.2234921750649996
795 0.5231788079470199 1.9519018495073581 2.2234921750649996
799 0.5197368421052632 1.9536244228598802 2.2234921750649996
802 0.5163398692810458 1.9553240189526533 2.2234921750649996
834 0.5194805194805194 1.9537526828436378 2.2234921750649996
837 0.5161290322580645 1.955429493076559 2.2234921750649996
848 0.5128205128205128 1.9570844494585913 2.2234921750649996
852 0.5095541401273885 1.958718047676439 2.2234921750649996
858 0.5063291139240507 1.9603307670156214 2.2234921750649996
863 0.5031446540880503 1.9619230710837408 2.2234921750649996
864 0.50625 1.9603703271076898 2.2234921750649996
879 0.5031055900621118 1.9619426034782408 2.2234921750649996
892 0.5061728395061729 1.9604089103319722 2.2234921750649996
912 0.5030674846625767 1.9619616565410425 2.2234921750649996
913 0.5060975609756098 1.9604465524311445 2.2234921750649996
918 0.503030303030303 1.9619802477028245 2.2234921750649996
925 0.5 1.9634954084936207 2.2234921750649996
928 0.5029940119760479 1.961998393559237 2.2234921750649996
931 0.5059523809523809 1.9605191477136628 2.2234921750649996
936 0.5029585798816568 1.9620161099203142 2.2234921750649996
937 0.5058823529411764 1.9605541641715982 2.2234921750649996
941 0.5087719298245614 1.9591092185596668 2.2234921750649996
942 0.5058139534883721 1.9605883662375898 2.2234921750649996
943 0.5028901734104047 1.9620503137409926 2.2234921750649996
951 0.5 1.9634954084936207 2.2234921750649996
953 0.49714285714285716 1.9649239876968447 2.2234921750649996
956 0.4943181818181818 1.966336378730238 2.2234921750649996
964 0.4971751412429379 1.9649078453862212 2.2234921750649996
969 0.5 1.9634954084936207 2.2234921750649996
978 0.5027932960893855 1.9620987531839256 2.2234921750649996
981 0.5 1.9634954084936207 2.2234921750649996
982 0.5027624309392266 1.9621141859971847 2.2234921750649996
994 0.5 1.9634954084936207 2.2234921750649996
