# parameters:
#  num_nodes=4, num_iters=1200, ntest=3
#  dishonest_nodes=2, dishonest_action=3
# columns:
#  iteration   running_frequency   running_estimation   average_phase
1 1.0 1.5707963267948966 1.8050966955145964
2 1.0 1.5707963267948966 1.8050966955145964
3 0.6666666666666666 1.8785361811300902 1.8050966955145964
4 0.75 1.8325957145940461 1.8050966955145964
5 0.8 1.8026201312952996 1.8050966955145964
6 0.6666666666666666 1.8785361811300902 1.8050966955145964
7 0.5714285714285714 1.9276585162672795 1.8050966955145964
8 0.625 1.900325344708101 1.8050966955145964
9 0.6666666666666666 1.8785361811300902 1.8050966955145964
10 0.7 1.8606161969767487 1.8050966955145964
11 0.7272727272727273 1.8455299491737103 1.8050966955145964
12 0.6666666666666666 1.8785361811300902 1.8050966955145964
13 0.6153846153846154 1.9052783639291002 1.8050966955145964
14 0.6428571428571429 1.8910574831346088 1.8050966955145964
15 0.6666666666666666 1.8785361811300902 1.8050966955145964
16 0.6875 1.867396214869711 1.8050966955145964
17 0.7058823529411765 1.857397981345324 1.8050966955145964
18 0.7222222222222222 1.84835691057329 1.8050966955145964
19 0.7368421052631579 1.84012805983529 1.8050966955145964
20 0.7 1.8606161969767487 1.8050966955145964
21 0.7142857142857143 1.8527676474752108 1.8050966955145964
22 0.6818181818181818 1.8704532750035392 1.8050966955145964
23 0.6956521739130435 1.86298327521912 1.8050966955145964
24 0.7083333333333334 1.8560515506674888 1.8050966955145964
25 0.72 1.849595740144665 1.8050966955145964
26 0.7307692307692307 1.8435632490746825 1.8050966955145964
27 0.7037037037037037 1.8585920626011596 1.8050966955145964
28 0.6785714285714286 1.872193603171029 1.8050966955145964
29 0.6551724137931034 1.8846064712190307 1.8050966955145964
30 0.6666666666666666 1.8785361811300902 1.8050966955145964
31 0.6451612903225806 1.889854428381047 1.8050966955145964
32 0.625 1.900325344708101 1.8050966955145964
33 0.6363636363636364 1.8944387508027227 1.8050966955145964
34 0.6470588235294118 1.8888623581974016 1.8050966955145964
35 0.6285714285714286 1.8984792903150225 1.8050966955145964
36 0.6388888888888888 1.8931253901859095 1.8050966955145964
37 0.6216216216216216 1.9020683770290048 1.8050966955145964
38 0.631578947368421 1.896921904214075 1.8050966955145964
39 0.6410256410256411 1.8920125261883012 1.8050966955145964
40 0.65 1.8873222449897713 1.8050966955145964
41 0.6341463414634146 1.895590333734328 1.8050966955145964
42 0.6190476190476191 1.9033943543013059 1.8050966955145964
43 0.627906976744186 1.8988230138250664 1.8050966955145964
44 0.6363636363636364 1.8944387508027227 1.8050966955145964
45 0.6222222222222222 1.9017587298535124 1.8050966955145964
46 0.6304347826086957 1.8975146964611738 1.8050966955145964
47 0.6170212765957447 1.9044369952614986 1.8050966955145964
48 0.625 1.900325344708101 1.8050966955145964
49 0.6122448979591837 1.9068905491959627 1.8050966955145964
50 0.6 1.913155928296038 1.8050966955145964
51 0.6078431372549019 1.9091467604267012 1.8050966955145964
52 0.6153846153846154 1.9052783639291002 1.8050966955145964
53 0.6226415094339622 1.901542503778358 1.8050966955145964
54 0.6296296296296297 1.8979316187746567 1.8050966955145964
55 0.6363636363636364 1.8944387508027227 1.8050966955145964
56 0.6428571428571429 1.8910574831346088 1.8050966955145964
57 0.6491228070175439 1.887781886417124 1.8050966955145964
58 0.6379310344827587 1.8936237942140202 1.8050966955145964
59 0.6271186440677966 1.8992306593006856 1.8050966955145964
60 0.6333333333333333 1.8960122095352698 1.8050966955145964
61 0.6229508196721312 1.9013829624153025 1.8050966955145964
62 0.6290322580645161 1.8982408275989293 1.8050966955145964
63 0.6349206349206349 1.8951883628584612 1.8050966955145964
64 0.625 1.900325344708101 1.8050966955145964
65 0.6307692307692307 1.8973414581701569 1.8050966955145964
66 0.6212121212121212 1.9022794449422153 1.8050966955145964
67 0.6268656716417911 1.8993614338296987 1.8050966955145964
68 0.6323529411764706 1.8965206803921233 1.8050966955145964
69 0.6231884057971014 1.901260398612555 1.8050966955145964
70 0.6285714285714286 1.8984792903150225 1.8050966955145964
71 0.6197183098591549 1.9030490208360142 1.8050966955145964
72 0.625 1.900325344708101 1.8050966955145964
73 0.6164383561643836 1.9047367384527418 1.8050966955145964
74 0.6216216216216216 1.9020683770290048 1.8050966955145964
75 0.6266666666666667 1.8994642971815199 1.8050966955145964
76 0.631578947368421 1.896921904214075 1.8050966955145964
77 0.6363636363636364 1.8944387508027227 1.8050966955145964
78 0.6282051282051282 1.8986687944254264 1.8050966955145964
79 0.6329113924050633 1.8962310800365914 1.8050966955145964
80 0.625 1.900325344708101 1.8050966955145964
81 0.6296296296296297 1.8979316187746567 1.8050966955145964
82 0.6341463414634146 1.895590333734328 1.8050966955145964
83 0.6265060240963856 1.8995473233687894 1.8050966955145964
84 0.6190476190476191 1.9033943543013059 1.8050966955145964
85 0.6235294117647059 1.901084456799267 1.8050966955145964
86 0.6162790697674418 1.904818630034578 1.8050966955145964
87 0.6206896551724138 1.9025486738765367 1.8050966955145964
88 0.625 1.900325344708101 1.8050966955145964
89 0.6292134831460674 1.8981470334920207 1.8050966955145964
90 0.6333333333333333 1.8960122095352698 1.8050966955145964
91 0.6263736263736264 1.8996157461244176 1.8050966955145964
92 0.6304347826086957 1.8975146964611738 1.8050966955145964
93 0.6236559139784946 1.9010191800381824 1.8050966955145964
94 0.6170212765957447 1.9044369952614986 1.8050966955145964
95 0.6105263157894737 1.9077719907577684 1.8050966955145964
96 0.6041666666666666 1.9110277604279364 1.8050966955145964
97 0.6082474226804123 1.9089397261763892 1.8050966955145964
98 0.6122448979591837 1.9068905491959627 1.8050966955145964
99 0.6161616161616161 1.904879010627474 1.8050966955145964
100 0.62 1.9029039457338799 1.8050966955145964
101 0.6237623762376238 1.900964240778921 1.8050966955145964
102 0.6274509803921569 1.8990588301276807 1.8050966955145964
103 0.6213592233009708 1.9022036295626985 1.8050966955145964
104 0.6153846153846154 1.9052783639291002 1.8050966955145964
105 0.6095238095238096 1.9082858391533508 1.8050966955145964
106 0.6132075471698113 1.9063965049216787 1.8050966955145964
107 0.616822429906542 1.90453925380684 1.8050966955145964
108 0.6203703703703703 1.902713167153472 1.8050966955145964
109 0.6238532110091743 1.9009173635595573 1.8050966955145964
110 0.6181818181818182 1.9038399756651867 1.8050966955145964
111 0.6216216216216216 1.9020683770290048 1.8050966955145964
112 0.625 1.900325344708101 1.8050966955145964
113 0.6283185840707964 1.89861010254094 1.8050966955145964
114 0.631578947368421 1.896921904214075 1.8050966955145964
115 0.6347826086956522 1.8952600317711954 1.8050966955145964
116 0.6379310344827587 1.8936237942140202 1.8050966955145964
117 0.6324786324786325 1.8964555077303409 1.8050966955145964
118 0.6271186440677966 1.8992306593006856 1.8050966955145964
119 0.6218487394957983 1.9019512948946158 1.8050966955145964
120 0.625 1.900325344708101 1.8050966955145964
121 0.628099173553719 1.8987236025541177 1.8050966955145964
122 0.6311475409836066 1.8971454608827938 1.8050966955145964
123 0.6341463414634146 1.895590333734328 1.8050966955145964
124 0.6290322580645161 1.8982408275989293 1.8050966955145964
125 0.632 1.8967036603116065 1.8050966955145964
126 0.6349206349206349 1.8951883628584612 1.8050966955145964
127 0.6377952755905512 1.8936944110379565 1.8050966955145964
128 0.640625 1.8922212984304343 1.8050966955145964
129 0.6434108527131783 1.8907685356145545 1.8050966955145964
130 0.6461538461538462 1.889335649426327 1.8050966955145964
131 0.6412213740458015 1.891910511958874 1.8050966955145964
132 0.6439393939393939 1.8904926287725194 1.8050966955145964
133 0.6466165413533834 1.8890937002747006 1.8050966955145964
134 0.6417910447761194 1.8916135350409422 1.8050966955145964
135 0.6370370370370371 1.8940887141181952 1.8050966955145964
136 0.6323529411764706 1.8965206803921233 1.8050966955145964
137 0.6277372262773723 1.898910806321541 1.8050966955145964
138 0.6231884057971014 1.901260398612555 1.8050966955145964
139 0.6258992805755396 1.899860846531291 1.8050966955145964
140 0.6285714285714286 1.8984792903150225 1.8050966955145964
141 0.6312056737588653 1.8971153393970874 1.8050966955145964
142 0.6338028169014085 1.8957686152297235 1.8050966955145964
143 0.6293706293706294 1.8980656939183926 1.8050966955145964
144 0.6319444444444444 1.896732459364758 1.8050966955145964
145 0.6344827586206897 1.8954157064986892 1.8050966955145964
146 0.636986301369863 1.8941150916016152 1.8050966955145964
147 0.6326530612244898 1.896365056299991 1.8050966955145964
148 0.6283783783783784 1.898579168859461 1.8050966955145964
149 0.6241610738255033 1.9007584676645695 1.8050966955145964
150 0.62 1.9029039457338799 1.8050966955145964
151 0.6225165562913907 1.9016069469544263 1.8050966955145964
152 0.618421052631579 1.9037168628276027 1.8050966955145964
153 0.6143790849673203 1.9057949497494937 1.8050966955145964
154 0.6168831168831169 1.9045080460964885 1.8050966955145964
155 0.6193548387096774 1.903236183851225 1.8050966955145964
156 0.6217948717948718 1.901979065620613 1.8050966955145964
157 0.6242038216560509 1.9007364023673268 1.8050966955145964
158 0.6265822784810127 1.8995079131036117 1.8050966955145964
159 0.6226415094339622 1.901542503778358 1.8050966955145964
160 0.625 1.900325344708101 1.8050966955145964
161 0.6211180124223602 1.9023279449352573 1.8050966955145964
162 0.6172839506172839 1.9043018975449688 1.8050966955145964
163 0.6196319018404908 1.9030935182379762 1.8050966955145964
164 0.6219512195121951 1.9018984606412936 1.8050966955145964
165 0.6242424242424243 1.9007164763061328 1.8050966955145964
166 0.6204819277108434 1.9026556966539316 1.8050966955145964
167 0.6227544910179641 1.9014842311804716 1.8050966955145964
168 0.625 1.900325344708101 1.8050966955145964
169 0.6272189349112426 1.899178808801255 1.8050966955145964
170 0.6294117647058823 1.898044400918475 1.8050966955145964
171 0.6257309941520468 1.899947787195317 1.8050966955145964
172 0.622093023255814 1.9018253481470404 1.8050966955145964
173 0.6242774566473989 1.9006983927650056 1.8050966955145964
174 0.6206896551724138 1.9025486738765367 1.8050966955145964
175 0.6228571428571429 1.9014312833803 1.8050966955145964
176 0.625 1.900325344708101 1.8050966955145964
177 0.6271186440677966 1.8992306593006856 1.8050966955145964
178 0.6292134831460674 1.8981470334920207 1.8050966955145964
179 0.6312849162011173 1.8970742783519763 1.8050966955145964
180 0.6333333333333333 1.8960122095352698 1.8050966955145964
181 0.6353591160220995 1.8949606471363811 1.8050966955145964
182 0.6373626373626373 1.8939194155501506 1.8050966955145964
183 0.639344262295082 1.8928883433377977 1.8050966955145964
184 0.6413043478260869 1.8918672630981055 1.8050966955145964
185 0.6378378378378379 1.8936722723250432 1.8050966955145964
186 0.6344086021505376 1.8954542025226444 1.8050966955145964
187 0.6363636363636364 1.8944387508027227 1.8050966955145964
188 0.6382978723404256 1.8934329498844855 1.8050966955145964
189 0.6402116402116402 1.8924366448223706 1.8050966955145964
190 0.6421052631578947 1.8914496842016097 1.8050966955145964
191 0.643979057591623 1.8904719200333933 1.8050966955145964
192 0.6458333333333334 1.8895032076538878 1.8050966955145964
193 0.6476683937823834 1.888543405626937 1.8050966955145964
194 0.6443298969072165 1.8902887212824346 1.8050966955145964
195 0.6461538461538462 1.889335649426327 1.8050966955145964
196 0.6479591836734694 1.888391207939379 1.8050966955145964
197 0.6446700507614214 1.8901110635371698 1.8050966955145964
198 0.6414141414141414 1.891810031418955 1.8050966955145964
199 0.6432160804020101 1.8908701868244733 1.8050966955145964
200 0.64 1.8925468811915387 1.8050966955145964
201 0.6417910447761194 1.8916135350409422 1.8050966955145964
202 0.6435643564356436 1.8906884136641589 1.8050966955145964
203 0.645320197044335 1.889771394656304 1.8050966955145964
204 0.6470588235294118 1.8888623581974016 1.8050966955145964
205 0.6487804878048781 1.8879611869812711 1.8050966955145964
206 0.6504854368932039 1.8870677661468334 1.8050966955145964
207 0.6473429951690821 1.8887136833634504 1.8050966955145964
208 0.6490384615384616 1.8878260687684754 1.8050966955145964
209 0.645933014354067 1.8894510999160739 1.8050966955145964
210 0.6476190476190476 1.8885692302691655 1.8050966955145964
211 0.6445497630331753 1.8901738925428193 1.8050966955145964
212 0.6462264150943396 1.8892977069510606 1.8050966955145964
213 0.647887323943662 1.888428821559552 1.8050966955145964
214 0.6448598130841121 1.8900119366703012 1.8050966955145964
215 0.6465116279069767 1.889148567125738 1.8050966955145964
216 0.6481481481481481 1.8882922896794656 1.8050966955145964
217 0.6451612903225806 1.889854428381047 1.8050966955145964
218 0.6467889908256881 1.8890035059100603 1.8050966955145964
219 0.6438356164383562 1.8905468094727675 1.8050966955145964
220 0.6454545454545455 1.8897011868809963 1.8050966955145964
221 0.6470588235294118 1.8888623581974016 1.8050966955145964
222 0.6486486486486487 1.888030231233447 1.8050966955145964
223 0.6502242152466368 1.887204715575759 1.8050966955145964
224 0.6473214285714286 1.8887249676768336 1.8050966955145964
225 0.6444444444444445 1.8902288989126022 1.8050966955145964
226 0.6460176991150443 1.8894068287915742 1.8050966955145964
227 0.6431718061674009 1.890893291718926 1.8050966955145964
228 0.6447368421052632 1.8900761748443993 1.8050966955145964
229 0.6462882096069869 1.8892653964680863 1.8050966955145964
230 0.6434782608695652 1.8907333525749326 1.8050966955145964
231 0.645021645021645 1.8899273905049876 1.8050966955145964
232 0.646551724137931 1.8891275983340317 1.8050966955145964
233 0.648068669527897 1.888333896263007 1.8050966955145964
234 0.6452991452991453 1.8897823953317792 1.8050966955145964
235 0.6425531914893617 1.8912160545331105 1.8050966955145964
236 0.6440677966101694 1.890425586748772 1.8050966955145964
237 0.6455696202531646 1.889641046340447 1.8050966955145964
238 0.6470588235294118 1.8888623581974016 1.8050966955145964
239 0.6443514644351465 1.8902774579862263 1.8050966955145964
240 0.6458333333333334 1.8895032076538878 1.8050966955145964
241 0.6431535269709544 1.8909028306904587 1.8050966955145964
242 0.640495867768595 1.8922885777623886 1.8050966955145964
243 0.6378600823045267 1.893660701662903 1.8050966955145964
244 0.639344262295082 1.8928883433377977 1.8050966955145964
245 0.6408163265306123 1.892121605417064 1.8050966955145964
246 0.6382113821138211 1.8934779494754383 1.8050966955145964
247 0.6396761133603239 1.8927155555660584 1.8050966955145964
248 0.6411290322580645 1.8919586411657414 1.8050966955145964
249 0.6385542168674698 1.8932995639005274 1.8050966955145964
250 0.64 1.8925468811915387 1.8050966955145964
251 0.6414342629482072 1.8917995423258849 1.8050966955145964
252 0.6428571428571429 1.8910574831346088 1.8050966955145964
253 0.6403162055335968 1.8923821749727952 1.8050966955145964
254 0.6377952755905512 1.8936944110379565 1.8050966955145964
255 0.6352941176470588 1.8949944063211268 1.8050966955145964
256 0.6328125 1.896282370161503 1.8050966955145964
257 0.6342412451361867 1.895541074631138 1.8050966955145964
258 0.6356589147286822 1.8948049195620817 1.8050966955145964
259 0.637065637065637 1.894073844608104 1.8050966955145964
260 0.6384615384615384 1.8933477904306952 1.8050966955145964
261 0.6398467432950191 1.8926266986770877 1.8050966955145964
262 0.6374045801526718 1.8938976046713694 1.8050966955145964
263 0.6387832699619772 1.8931803613410625 1.8050966955145964
264 0.6401515151515151 1.892467963415805 1.8050966955145964
265 0.6377358490566037 1.8937253207535616 1.8050966955145964
266 0.6390977443609023 1.8930166775334232 1.8050966955145964
267 0.6367041198501873 1.8942617833729587 1.8050966955145964
268 0.6380597014925373 1.8935568610443607 1.8050966955145964
269 0.6356877323420075 1.8947899490884974 1.8050966955145964
270 0.6333333333333333 1.8960122095352698 1.8050966955145964
271 0.6309963099630996 1.89722381658571 1.8050966955145964
272 0.6323529411764706 1.8965206803921233 1.8050966955145964
273 0.6336996336996337 1.8958221580833137 1.8050966955145964
274 0.635036496350365 1.8951281983771464 1.8050966955145964
275 0.6363636363636364 1.8944387508027227 1.8050966955145964
276 0.6340579710144928 1.8956361993819955 1.8050966955145964
277 0.6353790613718412 1.8949502875627324 1.8050966955145964
278 0.6366906474820144 1.8942687863573127 1.8050966955145964
279 0.6379928315412187 1.8935916477424803 1.8050966955145964
280 0.6357142857142857 1.8947761546426536 1.8050966955145964
281 0.6370106761565836 1.8941024192441387 1.8050966955145964
282 0.6347517730496454 1.8952760421251231 1.8050966955145964
283 0.6360424028268551 1.8946056804554774 1.8050966955145964
284 0.6338028169014085 1.8957686152297235 1.8050966955145964
285 0.6350877192982456 1.8951015980487969 1.8050966955145964
286 0.6363636363636364 1.8944387508027227 1.8050966955145964
287 0.6341463414634146 1.895590333734328 1.8050966955145964
288 0.6354166666666666 1.8949307551214631 1.8050966955145964
289 0.6366782006920415 1.8942752561929643 1.8050966955145964
290 0.6379310344827587 1.8936237942140202 1.8050966955145964
291 0.6391752577319587 1.8929763270868336 1.8050966955145964
292 0.6404109589041096 1.8923328133382142 1.8050966955145964
293 0.6416382252559727 1.8916932121074734 1.8050966955145964
294 0.6394557823129252 1.8928302811135413 1.8050966955145964
295 0.6372881355932203 1.8939581562452852 1.8050966955145964
296 0.6351351351351351 1.8950769740640003 1.8050966955145964
297 0.6363636363636364 1.8944387508027227 1.8050966955145964
298 0.6375838926174496 1.8938043533696873 1.8050966955145964
299 0.6387959866220736 1.8931737429254194 1.8050966955145964
300 0.64 1.8925468811915387 1.8050966955145964
301 0.6411960132890365 1.8919237304401688 1.8050966955145964
302 0.6390728476821192 1.8930296373759372 1.8050966955145964
303 0.6402640264026402 1.8924093564006048 1.8050966955145964
304 0.6414473684210527 1.891792710544157 1.8050966955145964
305 0.6426229508196721 1.89117966374504 1.8050966955145964
306 0.6405228758169934 1.8922745067067224 1.8050966955145964
307 0.6416938110749185 1.8916642316324601 1.8050966955145964
308 0.6396103896103896 1.8927497792772836 1.8050966955145964
309 0.6375404530744336 1.8938269449819976 1.8050966955145964
310 0.6387096774193548 1.8932186617589029 1.8050966955145964
311 0.6366559485530546 1.894286822725915 1.8050966955145964
312 0.6346153846153846 1.8953468537118396 1.8050966955145964
313 0.6357827476038339 1.8947405877807784 1.8050966955145964
314 0.6337579617834395 1.895791891415526 1.8050966955145964
315 0.6317460317460317 1.896835305720253 1.8050966955145964
316 0.6329113924050633 1.8962310800365914 1.8050966955145964
317 0.6340694006309149 1.8956302673638716 1.8050966955145964
318 0.6352201257861635 1.8950328350285979 1.8050966955145964
319 0.6332288401253918 1.8960664175070916 1.8050966955145964
320 0.63125 1.8970923711010699 1.8050966955145964
321 0.6292834890965732 1.8981107989806176 1.8050966955145964
322 0.6304347826086957 1.8975146964611738 1.8050966955145964
323 0.631578947368421 1.896921904214075 1.8050966955145964
324 0.6296296296296297 1.8979316187746567 1.8050966955145964
325 0.6276923076923077 1.898934036203269 1.8050966955145964
326 0.6288343558282209 1.8983432423302262 1.8050966955145964
327 0.6299694189602446 1.897755692742746 1.8050966955145964
328 0.6310975609756098 1.897171357225157 1.8050966955145964
329 0.6291793313069909 1.898164709696645 1.8050966955145964
330 0.6303030303030303 1.897582932937845 1.8050966955145964
331 0.6314199395770392 1.8970043090798323 1.8050966955145964
332 0.6295180722891566 1.8979893703722723 1.8050966955145964
333 0.6276276276276276 1.8989674848362714 1.8050966955145964
334 0.6287425149700598 1.8983907663229775 1.8050966955145964
335 0.6298507462686567 1.897817139348218 1.8050966955145964
336 0.6279761904761905 1.8987872151389393 1.8050966955145964
337 0.6261127596439169 1.899750546978606 1.8050966955145964
338 0.6272189349112426 1.899178808801255 1.8050966955145964
339 0.6283185840707964 1.89861010254094 1.8050966955145964
340 0.6294117647058823 1.898044400918475 1.8050966955145964
341 0.6275659824046921 1.8989993629323618 1.8050966955145964
342 0.6286549707602339 1.8984360647301024 1.8050966955145964
343 0.6297376093294461 1.8978757158581274 1.8050966955145964
344 0.6308139534883721 1.897318290120764 1.8050966955145964
345 0.6289855072463768 1.898265022234188 1.8050966955145964
346 0.630057803468208 1.8977099261777095 1.8050966955145964
347 0.6311239193083573 1.8971577001671527 1.8050966955145964
348 0.6293103448275862 1.8980968982993276 1.8050966955145964
349 0.6303724928366762 1.897546957886519 1.8050966955145964
350 0.6314285714285715 1.8969998358628561 1.8050966955145964
351 0.6324786324786325 1.8964555077303409 1.8050966955145964
352 0.6306818181818182 1.8973867394962185 1.8050966955145964
353 0.6317280453257791 1.896844628331069 1.8050966955145964
354 0.632768361581921 1.8963052614282583 1.8050966955145964
355 0.6338028169014085 1.8957686152297235 1.8050966955145964
356 0.6320224719101124 1.8966920109984824 1.8050966955145964
357 0.6330532212885154 1.8961575160242554 1.8050966955145964
358 0.6340782122905028 1.895625694049412 1.8050966955145964
359 0.6323119777158774 1.896541919499697 1.8050966955145964
360 0.6305555555555555 1.8974521419360935 1.8050966955145964
361 0.631578947368421 1.896921904214075 1.8050966955145964
362 0.6325966850828729 1.896394291586362 1.8050966955145964
363 0.6336088154269972 1.8958692820115137 1.8050966955145964
364 0.6346153846153846 1.8953468537118396 1.8050966955145964
365 0.6356164383561644 1.8948269851692694 1.8050966955145964
366 0.6366120218579235 1.8943096551213041 1.8050966955145964
367 0.6348773841961853 1.895210821038796 1.8050966955145964
368 0.6358695652173914 1.8946954828227154 1.8050966955145964
369 0.6341463414634146 1.895590333734328 1.8050966955145964
370 0.6351351351351351 1.8950769740640003 1.8050966955145964
371 0.6361185983827493 1.8945660881358592 1.8050966955145964
372 0.6370967741935484 1.8940576557419229 1.8050966955145964
373 0.6380697050938338 1.8935516569093709 1.8050966955145964
374 0.6363636363636364 1.8944387508027227 1.8050966955145964
375 0.6346666666666667 1.8953202292133315 1.8050966955145964
376 0.6356382978723404 1.8948156296660406 1.8050966955145964
377 0.6339522546419099 1.895691064759697 1.8050966955145964
378 0.6349206349206349 1.8951883628584612 1.8050966955145964
379 0.633245382585752 1.8960578359866864 1.8050966955145964
380 0.631578947368421 1.896921904214075 1.8050966955145964
381 0.6299212598425197 1.897780629165855 1.8050966955145964
382 0.6282722513089005 1.8986340713962893 1.8050966955145964
383 0.6292428198433421 1.8981318492268398 1.8050966955145964
384 0.6276041666666666 1.8989796171399254 1.8050966955145964
385 0.625974025974026 1.8998222288048803 1.8050966955145964
386 0.6269430051813472 1.8993214580300035 1.8050966955145964
387 0.6253229974160207 1.900158535178324 1.8050966955145964
388 0.6262886597938144 1.8996596540269084 1.8050966955145964
389 0.6272493573264781 1.8991630798129187 1.8050966955145964
390 0.6282051282051282 1.8986687944254264 1.8050966955145964
391 0.629156010230179 1.8981767799563425 1.8050966955145964
392 0.6301020408163265 1.8976870186974426 1.8050966955145964
393 0.6310432569974554 1.8971994931374452 1.8050966955145964
394 0.631979695431472 1.8967141859591439 1.8050966955145964
395 0.6329113924050633 1.8962310800365914 1.8050966955145964
396 0.6338383838383839 1.8957501584323335 1.8050966955145964
397 0.6322418136020151 1.8965782976772854 1.8050966955145964
398 0.6331658291457286 1.8960991041606834 1.8050966955145964
399 0.631578947368421 1.896921904214075 1.8050966955145964
400 0.6325 1.896444427913677 1.8050966955145964
401 0.6309226932668329 1.8972619564001922 1.8050966955145964
402 0.6293532338308457 1.8980746982746843 1.8050966955145964
403 0.630272952853598 1.8975985097907633 1.8050966955145964
404 0.6311881188118812 1.8971244355933017 1.8050966955145964
405 0.6320987654320988 1.8966524597524332 1.8050966955145964
406 0.6330049261083743 1.896182566509439 1.8050966955145964
407 0.6339066339066339 1.8957147402743393 1.8050966955145964
408 0.6323529411764706 1.8965206803921233 1.8050966955145964
409 0.6308068459657702 1.8973219721234955 1.8050966955145964
410 0.6317073170731707 1.896855371953829 1.8050966955145964
411 0.6326034063260341 1.8963908061636423 1.8050966955145964
412 0.6310679611650486 1.8971866935502886 1.8050966955145964
413 0.6319612590799032 1.8967237430401132 1.8050966955145964
414 0.6328502415458938 1.8962627960116103 1.8050966955145964
415 0.6313253012048192 1.8970533513544017 1.8050966955145964
416 0.6322115384615384 1.8965939940627372 1.8050966955145964
417 0.6330935251798561 1.896136610052943 1.8050966955145964
418 0.631578947368421 1.896921904214075 1.8050966955145964
419 0.630071599045346 1.8977027824577517 1.8050966955145964
420 0.6309523809523809 1.8972465758019106 1.8050966955145964
421 0.6294536817102138 1.898022702801077 1.8050966955145964
422 0.6303317535545023 1.897568057167868 1.8050966955145964
423 0.6312056737588653 1.8971153393970874 1.8050966955145964
424 0.6320754716981132 1.8966645356147698 1.8050966955145964
425 0.6329411764705882 1.8962156320893446 1.8050966955145964
426 0.6314553990610329 1.8969859330492884 1.8050966955145964
427 0.6323185011709602 1.8965385371925318 1.8050966955145964
428 0.633177570093458 1.896093013688012 1.8050966955145964
429 0.634032634032634 1.8956493492405508 1.8050966955145964
430 0.6325581395348837 1.8964142798223012 1.8050966955145964
431 0.6334106728538283 1.8959720859955094 1.8050966955145964
432 0.6342592592592593 1.8955317242181695 1.8050966955145964
433 0.6351039260969977 1.8950931816132417 1.8050966955145964
434 0.6359447004608295 1.894656445432719 1.8050966955145964
435 0.6367816091954023 1.894221503055935 1.8050966955145964
436 0.6376146788990825 1.8937883419878985 1.8050966955145964
437 0.6384439359267735 1.893356949857656 1.8050966955145964
438 0.639269406392694 1.8929273144166805 1.8050966955145964
439 0.6400911161731208 1.8924994235372865 1.8050966955145964
440 0.6386363636363637 1.8932568154147766 1.8050966955145964
441 0.6394557823129252 1.8928302811135413 1.8050966955145964
442 0.6402714932126696 1.8924054668035486 1.8050966955145964
443 0.6410835214446953 1.8919823607274737 1.8050966955145964
444 0.6396396396396397 1.8927345483524574 1.8050966955145964
445 0.6404494382022472 1.8923127667880797 1.8050966955145964
446 0.6412556053811659 1.8918926696465619 1.8050966955145964
447 0.639821029082774 1.89264009014514 1.8050966955145964
448 0.6383928571428571 1.8933835280046032 1.8050966955145964
449 0.6391982182628062 1.8929643743650815 1.8050966955145964
450 0.6377777777777778 1.8937035123457808 1.8050966955145964
451 0.6363636363636364 1.8944387508027227 1.8050966955145964
452 0.6349557522123894 1.8951701275926103 1.8050966955145964
453 0.6357615894039735 1.8947515798993282 1.8050966955145964
454 0.6343612334801763 1.895478791627964 1.8050966955145964
455 0.6329670329670329 1.896202221020553 1.8050966955145964
456 0.6337719298245614 1.8957846431941145 1.8050966955145964
457 0.6323851203501094 1.8965039954941656 1.8050966955145964
458 0.6331877729257642 1.89608772106056 1.8050966955145964
459 0.6339869281045751 1.8956730700673299 1.8050966955145964
460 0.6347826086956522 1.8952600317711954 1.8050966955145964
461 0.6355748373101953 1.8948485955302528 1.8050966955145964
462 0.6341991341991342 1.8955629323591512 1.8050966955145964
463 0.6349892008639308 1.8951527584505758 1.8050966955145964
464 0.6357758620689655 1.894744164972257 1.8050966955145964
465 0.6365591397849463 1.8943371415935635 1.8050966955145964
466 0.6373390557939914 1.8939316780801323 1.8050966955145964
467 0.6381156316916489 1.8935277642926922 1.8050966955145964
468 0.6367521367521367 1.8942368235649076 1.8050966955145964
469 0.6375266524520256 1.8938341221523354 1.8050966955145964
470 0.6382978723404256 1.8934329498844855 1.8050966955145964
471 0.6390658174097664 1.8930332969140764 1.8050966955145964
472 0.6398305084745762 1.8926351534841992 1.8050966955145964
473 0.638477801268499 1.8933393280411879 1.8050966955145964
474 0.6392405063291139 1.8929423597415065 1.8050966955145964
475 0.6378947368421053 1.893642675483179 1.8050966955145964
476 0.6386554621848739 1.8932468763890065 1.8050966955145964
477 0.639412997903564 1.892852557020938 1.8050966955145964
478 0.6380753138075314 1.8935487390962193 1.8050966955145964
479 0.6388308977035491 1.8931555731106968 1.8050966955145964
480 0.6395833333333333 1.8927638676425198 1.8050966955145964
481 0.6403326403326404 1.892373613491762 1.8050966955145964
482 0.6410788381742739 1.8919848015410747 1.8050966955145964
483 0.6418219461697723 1.8915974227547188 1.8050966955145964
484 0.640495867768595 1.8922885777623886 1.8050966955145964
485 0.6412371134020619 1.8919023082206063 1.8050966955145964
486 0.6399176954732511 1.892589747060899 1.8050966955145964
487 0.6386036960985626 1.8932738155785165 1.8050966955145964
488 0.639344262295082 1.8928883433377977 1.8050966955145964
489 0.6380368098159509 1.8935687697760502 1.8050966955145964
490 0.6387755102040816 1.8931843999004319 1.8050966955145964
491 0.639511201629328 1.8928014259243187 1.8050966955145964
492 0.6402439024390244 1.8924198392509475 1.8050966955145964
493 0.6389452332657201 1.8930960633734473 1.8050966955145964
494 0.6396761133603239 1.8927155555660584 1.8050966955145964
495 0.6383838383838384 1.8933882207080228 1.8050966955145964
496 0.6391129032258065 1.893008786566266 1.8050966955145964
497 0.6378269617706237 1.8936779295546526 1.8050966955145964
498 0.6385542168674698 1.8932995639005274 1.8050966955145964
499 0.6372745490981964 1.8939652209968298 1.8050966955145964
500 0.638 1.8935879186749653 1.8050966955145964
501 0.6387225548902196 1.8932119599451722 1.8050966955145964
502 0.6394422310756972 1.8928373366923974 1.8050966955145964
503 0.6381709741550696 1.893498972342632 1.8050966955145964
504 0.6369047619047619 1.894157482324899 1.8050966955145964
505 0.6356435643564357 1.8948128938300008 1.8050966955145964
506 0.6363636363636364 1.8944387508027227 1.8050966955145964
507 0.6351084812623274 1.8950908160327196 1.8050966955145964
508 0.6358267716535433 1.8947177159473845 1.8050966955145964
509 0.6345776031434185 1.8953664685032283 1.8050966955145964
510 0.6333333333333333 1.8960122095352698 1.8050966955145964
511 0.6340508806262231 1.8956398793031002 1.8050966955145964
512 0.6328125 1.896282370161503 1.8050966955145964
513 0.631578947368421 1.896921904214075 1.8050966955145964
514 0.632295719844358 1.8965503488915119 1.8050966955145964
515 0.6330097087378641 1.896180085812685 1.8050966955145964
516 0.6337209302325582 1.8958111073480728 1.8050966955145964
517 0.632495164410058 1.8964469353501516 1.8050966955145964
518 0.6332046332046332 1.896078974874741 1.8050966955145964
519 0.6339113680154143 1.8957122834717746 1.8050966955145964
520 0.6326923076923077 1.8963447034875447 1.8050966955145964
521 0.6314779270633397 1.896974258259033 1.8050966955145964
522 0.632183908045977 1.896608319033859 1.8050966955145964
523 0.6309751434034416 1.89723478285569 1.8050966955145964
524 0.6297709923664122 1.8978584322158178 1.8050966955145964
525 0.6304761904761905 1.8974932496721244 1.8050966955145964
526 0.6311787072243346 1.8971293122241781 1.8050966955145964
527 0.6299810246679317 1.8977496832958893 1.8050966955145964
528 0.6306818181818182 1.8973867394962185 1.8050966955145964
529 0.6294896030245747 1.898004107919485 1.8050966955145964
530 0.630188679245283 1.8976421529744356 1.8050966955145964
531 0.6308851224105462 1.8972814207441207 1.8050966955145964
532 0.6296992481203008 1.8978955764892838 1.8050966955145964
533 0.6303939962476548 1.8975358208611675 1.8050966955145964
534 0.6310861423220974 1.897177273515695 1.8050966955145964
535 0.6317757009345795 1.896819927561252 1.8050966955145964
536 0.6305970149253731 1.8974306670186487 1.8050966955145964
537 0.6294227188081937 1.89803873063359 1.8050966955145964
538 0.6301115241635687 1.8976821078504789 1.8050966955145964
539 0.6307977736549165 1.8973266719497828 1.8050966955145964
540 0.6296296296296297 1.8979316187746567 1.8050966955145964
541 0.6284658040665434 1.8985339386703055 1.8050966955145964
542 0.6291512915129152 1.898179222197806 1.8050966955145964
543 0.6279926335174953 1.8987787102792006 1.8050966955145964
544 0.6286764705882353 1.8984249401767566 1.8050966955145964
545 0.6293577981651376 1.8980723356721734 1.8050966955145964
546 0.6282051282051282 1.8986687944254264 1.8050966955145964
547 0.6270566727605119 1.8992626971357767 1.8050966955145964
548 0.6259124087591241 1.8998540638769512 1.8050966955145964
549 0.6265938069216758 1.8995019547617762 1.8050966955145964
550 0.6254545454545455 1.900090589951621 1.8050966955145964
551 0.6261343012704175 1.8997394162287953 1.8050966955145964
552 0.6268115942028986 1.8993893869252507 1.8050966955145964
553 0.6256781193490054 1.8999751019209608 1.8050966955145964
554 0.6245487364620939 1.9005583481952195 1.8050966955145964
555 0.6252252252252253 1.9002090319115392 1.8050966955145964
556 0.6258992805755396 1.899860846531291 1.8050966955145964
557 0.6247755834829444 1.9004412259689099 1.8050966955145964
558 0.6254480286738351 1.9000939560144354 1.8050966955145964
559 0.6261180679785331 1.8997478041269398 1.8050966955145964
560 0.625 1.900325344708101 1.8050966955145964
561 0.6256684491978609 1.8999800973644825 1.8050966955145964
562 0.6263345195729537 1.899635955468462 1.8050966955145964
563 0.6269982238010657 1.8992929130042027 1.8050966955145964
564 0.6276595744680851 1.8989509640026268 1.8050966955145964
565 0.6283185840707964 1.89861010254094 1.8050966955145964
566 0.6289752650176679 1.8982703227421613 1.8050966955145964
567 0.6278659611992945 1.89884422722116 1.8050966955145964
568 0.6285211267605634 1.8985053160283702 1.8050966955145964
569 0.6274165202108963 1.8990766486577038 1.8050966955145964
570 0.6263157894736842 1.8996456345295074 1.8050966955145964
571 0.626970227670753 1.8993073855892009 1.8050966955145964
572 0.6276223776223776 1.8989701997708675 1.8050966955145964
573 0.6282722513089005 1.8986340713962893 1.8050966955145964
574 0.6289198606271778 1.8982989948305593 1.8050966955145964
575 0.6278260869565218 1.8988648498749887 1.8050966955145964
576 0.6284722222222222 1.8985306181143695 1.8050966955145964
577 0.6273830155979203 1.899093972765484 1.8050966955145964
578 0.6262975778546713 1.8996550455642487 1.8050966955145964
579 0.6252158894645942 1.9002138534452926 1.8050966955145964
580 0.6258620689655172 1.8998800715879083 1.8050966955145964
581 0.6265060240963856 1.8995473233687894 1.8050966955145964
582 0.6254295532646048 1.9001034989121663 1.8050966955145964
583 0.6243567753001715 1.900657447657758 1.8050966955145964
584 0.6232876712328768 1.9012091859255973 1.8050966955145964
585 0.6239316239316239 1.900876895092722 1.8050966955145964
586 0.6245733788395904 1.900545625898943 1.8050966955145964
587 0.6235093696763203 1.9010947983744444 1.8050966955145964
588 0.6224489795918368 1.901641797126704 1.8050966955145964
589 0.6230899830220713 1.9013111739238926 1.8050966955145964
590 0.6237288135593221 1.9009815609459806 1.8050966955145964
591 0.622673434856176 1.9015260379274417 1.8050966955145964
592 0.6233108108108109 1.9011972474494725 1.8050966955145964
593 0.6222596964586846 1.9017394063410955 1.8050966955145964
594 0.622895622895623 1.9014114346509934 1.8050966955145964
595 0.6235294117647059 1.901084456799267 1.8050966955145964
596 0.62248322147651 1.9016241383001984 1.8050966955145964
597 0.6231155778894473 1.9012979700435229 1.8050966955145964
598 0.6220735785953178 1.9018353739245013 1.8050966955145964
599 0.6227045075125208 1.901510011635349 1.8050966955145964
600 0.6216666666666667 1.9020451568330226 1.8050966955145964
601 0.6206322795341098 1.9025782353825806 1.8050966955145964
602 0.6196013289036545 1.9031092618678471 1.8050966955145964
603 0.6202321724709784 1.902784357407905 1.8050966955145964
604 0.6208609271523179 1.902460424670842 1.8050966955145964
605 0.6198347107438017 1.9029890749666465 1.8050966955145964
606 0.6204620462046204 1.9026659391612846 1.8050966955145964
607 0.6210873146622735 1.9023437648531223 1.8050966955145964
608 0.6217105263157895 1.9020225471749275 1.8050966955145964
609 0.6206896551724138 1.9025486738765367 1.8050966955145964
610 0.6213114754098361 1.9022282391193843 1.8050966955145964
611 0.6202945990180033 1.9027522000756407 1.8050966955145964
612 0.619281045751634 1.9032741780152858 1.8050966955145964
613 0.6199021207177814 1.9029543575471881 1.8050966955145964
614 0.6188925081433225 1.903474203023216 1.8050966955145964
615 0.6195121951219512 1.9031551601949697 1.8050966955145964
616 0.6201298701298701 1.9028370534521606 1.8050966955145964
617 0.6191247974068071 1.9033546217331379 1.8050966955145964
618 0.6197411003236246 1.9030372841407797 1.8050966955145964
619 0.6187399030694669 1.9035527556894631 1.8050966955145964
620 0.6193548387096774 1.903236183851225 1.8050966955145964
621 0.6183574879227053 1.9037495754085216 1.8050966955145964
622 0.6189710610932476 1.9034337659464913 1.8050966955145964
623 0.6195826645264848 1.9031188730274335 1.8050966955145964
624 0.6201923076923077 1.9028048921247005 1.8050966955145964
625 0.6192 1.9033159048285597 1.8050966955145964
626 0.6182108626198083 1.9038250298458674 1.8050966955145964
627 0.6188197767145136 1.9035116419001854 1.8050966955145964
628 0.6178343949044586 1.9040187374874777 1.8050966955145964
629 0.6184419713831478 1.9037060970918684 1.8050966955145964
630 0.6190476190476191 1.9033943543013059 1.8050966955145964
631 0.6196513470681458 1.9030835047297978 1.8050966955145964
632 0.620253164556962 1.9027735440220046 1.8050966955145964
633 0.6208530805687204 1.9024644678529574 1.8050966955145964
634 0.6198738170347003 1.9029689346276117 1.8050966955145964
635 0.6204724409448819 1.9026605840365771 1.8050966955145964
636 0.6194968553459119 1.9031630590117128 1.8050966955145964
637 0.6200941915227629 1.9028554308937642 1.8050966955145964
638 0.6206896551724138 1.9025486738765367 1.8050966955145964
639 0.621283255086072 1.9022427837629052 1.8050966955145964
640 0.621875 1.901937756384661 1.8050966955145964
641 0.6224648985959438 1.90163358760225 1.8050966955145964
642 0.6214953271028038 1.9021334774990613 1.8050966955145964
643 0.6220839813374806 1.901830010224113 1.8050966955145964
644 0.6226708074534162 1.9015273930466539 1.8050966955145964
645 0.6217054263565891 1.9020251762313016 1.8050966955145964
646 0.6207430340557275 1.9025211708277991 1.8050966955145964
647 0.6213292117465224 1.9022190977731386 1.8050966955145964
648 0.6219135802469136 1.901917866140742 1.8050966955145964
649 0.6224961479198767 1.9016174719432304 1.8050966955145964
650 0.6215384615384615 1.9021112436624052 1.8050966955145964
651 0.6221198156682027 1.9018115336610801 1.8050966955145964
652 0.6226993865030674 1.9015126529077437 1.8050966955145964
653 0.6232771822358346 1.901214597499461 1.8050966955145964
654 0.6238532110091743 1.9009173635595573 1.8050966955145964
655 0.6244274809160305 1.9006209472373867 1.8050966955145964
656 0.6234756097560976 1.9011122180068192 1.8050966955145964
657 0.6225266362252664 1.9016017484977885 1.8050966955145964
658 0.6231003039513677 1.9013058495841255 1.8050966955145964
659 0.6236722306525038 1.9010107601089397 1.8050966955145964
660 0.6227272727272727 1.9014982698934668 1.8050966955145964
661 0.6232980332829047 1.9012038398180673 1.8050966955145964
662 0.6238670694864048 1.9009102113995333 1.8050966955145964
663 0.6229260935143288 1.9013957170479154 1.8050966955145964
664 0.6219879518072289 1.9018795223789888 1.8050966955145964
665 0.6225563909774436 1.9015864031197978 1.8050966955145964
666 0.6216216216216216 1.9020683770290048 1.8050966955145964
667 0.6221889055472264 1.9017759092117916 1.8050966955145964
668 0.6227544910179641 1.9014842311804716 1.8050966955145964
669 0.6233183856502242 1.9011933393069351 1.8050966955145964
670 0.6238805970149254 1.9009032299868989 1.8050966955145964
671 0.624441132637854 1.9006138996397017 1.8050966955145964
672 0.6235119047619048 1.9010934902943233 1.8050966955145964
673 0.6225854383358098 1.9015714223353382 1.8050966955145964
674 0.6216617210682492 1.902047706257832 1.8050966955145964
675 0.6222222222222222 1.9017587298535124 1.8050966955145964
676 0.6227810650887574 1.9014705245520818 1.8050966955145964
677 0.6233382570162481 1.9011830868532034 1.8050966955145964
678 0.6238938053097345 1.9008964132792572 1.8050966955145964
679 0.6244477172312224 1.9006105003751452 1.8050966955145964
680 0.6235294117647059 1.901084456799267 1.8050966955145964
681 0.6240822320117474 1.9007991624100617 1.8050966955145964
682 0.624633431085044 1.900514621599566 1.8050966955145964
683 0.6251830161054173 1.9002308309824996 1.8050966955145964
684 0.6242690058479532 1.9007027550534488 1.8050966955145964
685 0.6248175182481752 1.900419573296663 1.8050966955145964
686 0.6239067055393586 1.9008897555159927 1.8050966955145964
687 0.6244541484716157 1.9006071802668565 1.8050966955145964
688 0.625 1.900325344708101 1.8050966955145964
689 0.625544267053701 1.9000442455468232 1.8050966955145964
690 0.6260869565217392 1.89976387951107 1.8050966955145964
691 0.6266280752532561 1.899484243349665 1.8050966955145964
692 0.6271676300578035 1.8992053338320343 1.8050966955145964
693 0.6277056277056277 1.8989271477480352 1.8050966955145964
694 0.6268011527377522 1.8993947841144283 1.8050966955145964
695 0.6258992805755396 1.899860846531291 1.8050966955145964
696 0.6264367816091954 1.8995831082940513 1.8050966955145964
697 0.6269727403156384 1.8993060866877205 1.8050966955145964
698 0.6260744985673352 1.899770316498382 1.8050966955145964
699 0.6251788268955651 1.9002329944900862 1.8050966955145964
700 0.6257142857142857 1.8999564187324003 1.8050966955145964
701 0.6262482168330956 1.899680552896689 1.8050966955145964
702 0.6267806267806267 1.8994053938844475 1.8050966955145964
703 0.6273115220483642 1.899130938616497 1.8050966955145964
704 0.6278409090909091 1.8988571840328246 1.8050966955145964
705 0.6269503546099291 1.8993176588241605 1.8050966955145964
706 0.6274787535410765 1.8990444690574364 1.8050966955145964
707 0.6265912305516266 1.8995032863322003 1.8050966955145964
708 0.6271186440677966 1.8992306593006856 1.8050966955145964
709 0.6276445698166432 1.8989587234709722 1.8050966955145964
710 0.6281690140845071 1.8986874758638401 1.8050966955145964
711 0.6272855133614628 1.899144386091468 1.8050966955145964
712 0.6278089887640449 1.8988736927917378 1.8050966955145964
713 0.6283309957924264 1.898603681607911 1.8050966955145964
714 0.6274509803921569 1.8990588301276807 1.8050966955145964
715 0.627972027972028 1.8987893681052674 1.8050966955145964
716 0.6284916201117319 1.898520582172915 1.8050966955145964
717 0.6276150627615062 1.8989739824910303 1.8050966955145964
718 0.628133704735376 1.898705740644866 1.8050966955145964
719 0.6286509040333796 1.8984381689423362 1.8050966955145964
720 0.6291666666666667 1.898171264537566 1.8050966955145964
721 0.6282940360610264 1.8986228017885556 1.8050966955145964
722 0.6274238227146814 1.8990728727367712 1.8050966955145964
723 0.627939142461964 1.898806377260029 1.8050966955145964
724 0.6284530386740331 1.8985405430560993 1.8050966955145964
725 0.6289655172413793 1.8982753673356765 1.8050966955145964
726 0.628099173553719 1.8987236025541177 1.8050966955145964
727 0.6286107290233838 1.8984589561060958 1.8050966955145964
728 0.6277472527472527 1.8989056210022237 1.8050966955145964
729 0.6268861454046639 1.899350850550772 1.8050966955145964
730 0.6273972602739726 1.899086607361553 1.8050966955145964
731 0.6265389876880985 1.899530287119797 1.8050966955145964
732 0.6270491803278688 1.8992665704894567 1.8050966955145964
733 0.6275579809004093 1.8990035006069703 1.8050966955145964
734 0.6280653950953679 1.8987410747756872 1.8050966955145964
735 0.6272108843537415 1.8991829710546009 1.8050966955145964
736 0.626358695652174 1.89962346197053 1.8050966955145964
737 0.6255088195386703 1.9000625557183526 1.8050966955145964
738 0.6246612466124661 1.9005002604200398 1.8050966955145964
739 0.625169147496617 1.9002379933744167 1.8050966955145964
740 0.6256756756756757 1.8999763642854874 1.8050966955145964
741 0.6248313090418354 1.9004124524277808 1.8050966955145964
742 0.623989218328841 1.9008471698817129 1.8050966955145964
743 0.6244952893674294 1.9005859411364128 1.8050966955145964
744 0.6236559139784946 1.9010191800381824 1.8050966955145964
745 0.6228187919463087 1.901451065105684 1.8050966955145964
746 0.6233243967828418 1.9011902379280654 1.8050966955145964
747 0.6224899598393574 1.9016206632329737 1.8050966955145964
748 0.6216577540106952 1.9020497512462806 1.8050966955145964
749 0.6208277703604806 1.902477509568382 1.8050966955145964
750 0.6213333333333333 1.9022169734864205 1.8050966955145964
751 0.6218375499334221 1.9019570635779028 1.8050966955145964
752 0.6210106382978723 1.9023832784945536 1.8050966955145964
753 0.6201859229747676 1.9028081809130422 1.8050966955145964
754 0.6193633952254642 1.9032317782216275 1.8050966955145964
755 0.6185430463576159 1.9036540777452544 1.8050966955145964
756 0.6190476190476191 1.9033943543013059 1.8050966955145964
757 0.619550858652576 1.9031352511478254 1.8050966955145964
758 0.6200527704485488 1.902876765762896 1.8050966955145964
759 0.619235836627141 1.9032974543715664 1.8050966955145964
760 0.618421052631579 1.9037168628276027 1.8050966955145964
761 0.6189224704336399 1.9034587793810644 1.8050966955145964
762 0.6194225721784777 1.9032013083185289 1.8050966955145964
763 0.6199213630406291 1.9029444471662638 1.8050966955145964
764 0.6204188481675392 1.9026881934648328 1.8050966955145964
765 0.6209150326797386 1.9024325447689885 1.8050966955145964
766 0.6214099216710183 1.9021774986475635 1.8050966955145964
767 0.621903520208605 1.9019230526833644 1.8050966955145964
768 0.6223958333333334 1.9016692044730665 1.8050966955145964
769 0.6215864759427828 1.902086493841404 1.8050966955145964
770 0.6220779220779221 1.9018331344089663 1.8050966955145964
771 0.622568093385214 1.9015803677876624 1.8050966955145964
772 0.6217616580310881 1.9019961881173368 1.8050966955145964
773 0.6209573091849935 1.9024107596750892 1.8050966955145964
774 0.6214470284237726 1.9021583726801161 1.8050966955145964
775 0.6206451612903225 1.9025715984233422 1.8050966955145964
776 0.6211340206185567 1.9023196951023058 1.8050966955145964
777 0.6216216216216216 1.9020683770290048 1.8050966955145964
778 0.622107969151671 1.901817641889378 1.8050966955145964
779 0.6213093709884467 1.9022293237371666 1.8050966955145964
780 0.6217948717948718 1.901979065620613 1.8050966955145964
781 0.6222791293213829 1.9017293856773996 1.8050966955145964
782 0.6214833759590793 1.9021396376815953 1.8050966955145964
783 0.6206896551724138 1.9025486738765367 1.8050966955145964
784 0.6211734693877551 1.9022993648666215 1.8050966955145964
785 0.621656050955414 1.9020506291572317 1.8050966955145964
786 0.6221374045801527 1.901802464504689 1.8050966955145964
787 0.6213468869123253 1.9022099878713208 1.8050966955145964
788 0.6218274111675127 1.9019622905031683 1.8050966955145964
789 0.6210392902408112 1.902368513467203 1.8050966955145964
790 0.620253164556962 1.9027735440220046 1.8050966955145964
791 0.6194690265486725 1.9031773885667151 1.8050966955145964
792 0.6199494949494949 1.9029299582037582 1.8050966955145964
793 0.6204287515762925 1.9026830915758794 1.8050966955145964
794 0.6209068010075567 1.9024367864967209 1.8050966955145964
795 0.6213836477987421 1.9021910407920544 1.8050966955145964
796 0.621859296482412 1.9019458522996944 1.8050966955145964
797 0.6210790464240903 1.9023480258004117 1.8050966955145964
798 0.6215538847117794 1.9021032935988837 1.8050966955145964
799 0.6220275344180225 1.9018591141603851 1.8050966955145964
800 0.6225 1.9016154853601668 1.8050966955145964
801 0.6229712858926342 1.9013724050851601 1.8050966955145964
802 0.6234413965087282 1.901129871233894 1.8050966955145964
803 0.6226650062266501 1.9015303851027894 1.8050966955145964
804 0.6231343283582089 1.9012882969391236 1.8050966955145964
805 0.6236024844720497 1.901046750877625 1.8050966955145964
806 0.6228287841191067 1.9014459110963413 1.8050966955145964
807 0.6232961586121437 1.9012048070218328 1.8050966955145964
808 0.6237623762376238 1.900964240778921 1.8050966955145964
809 0.6242274412855378 1.900724210326339 1.8050966955145964
810 0.6234567901234568 1.9011219285317993 1.8050966955145964
811 0.623921085080148 1.9008823342319712 1.8050966955145964
812 0.624384236453202 1.9006432715258854 1.8050966955145964
813 0.6248462484624846 1.9004047384069616 1.8050966955145964
814 0.6253071253071253 1.9001667328794478 1.8050966955145964
815 0.6245398773006134 1.9005629219371114 1.8050966955145964
816 0.625 1.900325344708101 1.8050966955145964
817 0.6254589963280294 1.9000882909692878 1.8050966955145964
818 0.6259168704156479 1.8998517587585846 1.8050966955145964
819 0.6263736263736264 1.8996157461244176 1.8050966955145964
820 0.625609756097561 1.9000104167138556 1.8050966955145964
821 0.6260657734470159 1.899774824715912 1.8050966955145964
822 0.6265206812652068 1.8995397482858343 1.8050966955145964
823 0.6269744835965978 1.899305185504729 1.8050966955145964
824 0.6262135922330098 1.8996984447707217 1.8050966955145964
825 0.6254545454545455 1.900090589951621 1.8050966955145964
826 0.62590799031477 1.899856346664266 1.8050966955145964
827 0.6251511487303507 1.900247288691828 1.8050966955145964
828 0.6243961352657005 1.9006371289980963 1.8050966955145964
829 0.6248492159227985 1.9004032061413985 1.8050966955145964
830 0.6253012048192771 1.9001697907029145 1.8050966955145964
831 0.6257521058965102 1.8999368808102983 1.8050966955145964
832 0.625 1.900325344708101 1.8050966955145964
833 0.6242496998799519 1.9007127206883478 1.8050966955145964
834 0.6247002398081535 1.900480127843676 1.8050966955145964
835 0.6251497005988024 1.9002480365637817 1.8050966955145964
836 0.6255980861244019 1.9000164450087478 1.8050966955145964
837 0.6248506571087217 1.900402461975708 1.8050966955145964
838 0.6241050119331742 1.9007874045710071 1.8050966955145964
839 0.6245530393325387 1.9005561267335558 1.8050966955145964
840 0.625 1.900325344708101 1.8050966955145964
841 0.6254458977407847 1.9000950566864099 1.8050966955145964
842 0.6258907363420427 1.8998652608696773 1.8050966955145964
843 0.6263345195729537 1.899635955468462 1.8050966955145964
844 0.6267772511848341 1.899407138702623 1.8050966955145964
845 0.6272189349112426 1.899178808801255 1.8050966955145964
846 0.6264775413711584 1.8995620435711067 1.8050966955145964
847 0.6269185360094451 1.8993341069886467 1.8050966955145964
848 0.6261792452830188 1.8997161928421482 1.8050966955145964
849 0.6266195524146054 1.899488648365967 1.8050966955145964
850 0.6258823529411764 1.8998695920949258 1.8050966955145964
851 0.6251468860164512 1.9002494901228926 1.8050966955145964
852 0.6244131455399061 1.900628347711466 1.8050966955145964
853 0.6248534583821805 1.9004010155183715 1.8050966955145964
854 0.6241217798594848 1.9007787497281095 1.8050966955145964
855 0.623391812865497 1.901155454658379 1.8050966955145964
856 0.6238317757009346 1.9009284259096462 1.8050966955145964
857 0.6242707117852976 1.9007018744530377 1.8050966955145964
858 0.6235431235431236 1.901077381556211 1.8050966955145964
859 0.6239813736903376 1.9008512186540019 1.8050966955145964
860 0.6232558139534884 1.9012256219158825 1.8050966955145964
861 0.6225319396051103 1.9015990134103307 1.8050966955145964
862 0.6218097447795824 1.9019713981426176 1.8050966955145964
863 0.6210892236384704 1.9023427810802715 1.8050966955145964
864 0.6215277777777778 1.9021167507005141 1.8050966955145964
865 0.6219653179190752 1.9018911918942716 1.8050966955145964
866 0.6224018475750578 1.901666102986954 1.8050966955145964
867 0.6228373702422145 1.9014414823124774 1.8050966955145964
868 0.6232718894009217 1.9012173282132079 1.8050966955145964
869 0.6237054085155351 1.9009936390399038 1.8050966955145964
870 0.6241379310344828 1.9007704131516612 1.8050966955145964
871 0.6234213547646383 1.9011402121526835 1.8050966955145964
872 0.6238532110091743 1.9009173635595573 1.8050966955145964
873 0.6242840778923253 1.900694974875877 1.8050966955145964
874 0.6247139588100686 1.9004730444866846 1.8050966955145964
875 0.6251428571428571 1.9002515707851317 1.8050966955145964
876 0.6255707762557078 1.9000305521724254 1.8050966955145964
877 0.6259977194982896 1.8998099870577754 1.8050966955145964
878 0.6264236902050114 1.8995898738583408 1.8050966955145964
879 0.626848691695108 1.8993702109991792 1.8050966955145964
880 0.6272727272727273 1.8991509969131937 1.8050966955145964
881 0.6276958002270148 1.8989322300410822 1.8050966955145964
882 0.6281179138321995 1.898713908831287 1.8050966955145964
883 0.6274065685164213 1.8990817943770204 1.8050966955145964
884 0.6266968325791855 1.8994487054861304 1.8050966955145964
885 0.6271186440677966 1.8992306593006856 1.8050966955145964
886 0.626410835214447 1.8995965171988367 1.8050966955145964
887 0.6268320180383314 1.8993788297645193 1.8050966955145964
888 0.6272522522522522 1.8991615830656623 1.8050966955145964
889 0.6276715410573678 1.8989447755846478 1.8050966955145964
890 0.6269662921348315 1.8993094200448124 1.8050966955145964
891 0.6273849607182941 1.8990929670178502 1.8050966955145964
892 0.6266816143497758 1.8994565712835743 1.8050966955145964
893 0.6259798432250839 1.8998192232168134 1.8050966955145964
894 0.6252796420581656 1.9001809273920007 1.8050966955145964
895 0.6245810055865921 1.9005416883500326 1.8050966955145964
896 0.6238839285714286 1.900901510598606 1.8050966955145964
897 0.6231884057971014 1.901260398612555 1.8050966955145964
898 0.623608017817372 1.9010438955817148 1.8050966955145964
899 0.6229143492769744 1.9014017750859018 1.8050966955145964
900 0.6222222222222222 1.9017587298535124 1.8050966955145964
901 0.6226415094339622 1.901542503778358 1.8050966955145964
902 0.6219512195121951 1.9018984606412936 1.8050966955145964
903 0.6223698781838317 1.9016825891804543 1.8050966955145964
904 0.6227876106194691 1.9014671484064314 1.8050966955145964
905 0.6232044198895028 1.9012521368567925 1.8050966955145964
906 0.6225165562913907 1.9016069469544263 1.8050966955145964
907 0.6218302094818081 1.9019608478668546 1.8050966955145964
908 0.6211453744493393 1.9023138438579938 1.8050966955145964
909 0.6204620462046204 1.9026659391612846 1.8050966955145964
910 0.6197802197802198 1.903017137979991 1.8050966955145964
911 0.6201975850713501 1.902802173721858 1.8050966955145964
912 0.6195175438596491 1.9031524059878449 1.8050966955145964
913 0.6188389923329682 1.903501750695138 1.8050966955145964
914 0.6192560175054704 1.9032870641163686 1.8050966955145964
915 0.6196721311475409 1.903072801657661 1.8050966955145964
916 0.6200873362445415 1.9028589618922935 1.8050966955145964
917 0.6194111232279171 1.903207203394446 1.8050966955145964
918 0.6187363834422658 1.9035545673279985 1.8050966955145964
919 0.6191512513601741 1.9033410024877195 1.8050966955145964
920 0.6195652173913043 1.9031278572899624 1.8050966955145964
921 0.6188925081433225 1.903474203023216 1.8050966955145964
922 0.6182212581344902 1.9038196804216974 1.8050966955145964
923 0.6186348862405201 1.9036068090494387 1.8050966955145964
924 0.6190476190476191 1.9033943543013059 1.8050966955145964
925 0.6194594594594595 1.9031823147886682 1.8050966955145964
926 0.6198704103671706 1.9029706891295197 1.8050966955145964
927 0.6202804746494067 1.9027594759484365 1.8050966955145964
928 0.6196120689655172 1.903103731267084 1.8050966955145964
929 0.6189451022604952 1.9034471290758561 1.8050966955145964
930 0.6182795698924731 1.9037896732786639 1.8050966955145964
931 0.6186895810955961 1.9035786573398916 1.8050966955145964
932 0.619098712446352 1.9033680508323263 1.8050966955145964
933 0.6184351554126474 1.9037096049109956 1.8050966955145964
934 0.6177730192719486 1.9040503142426373 1.8050966955145964
935 0.6181818181818182 1.9038399756651867 1.8050966955145964
936 0.6175213675213675 1.9041797748358986 1.8050966955145964
937 0.6168623265741728 1.9045187374239463 1.8050966955145964
938 0.6162046908315565 1.9048568671899857 1.8050966955145964
939 0.6166134185303515 1.90464672879278 1.8050966955145964
940 0.6170212765957447 1.9044369952614986 1.8050966955145964
941 0.6163655685441021 1.9047741604821051 1.8050966955145964
942 0.6157112526539278 1.905110501417867 1.8050966955145964
943 0.616118769883351 1.9049010361906806 1.8050966955145964
944 0.6154661016949152 1.905236489717136 1.8050966955145964
945 0.6158730158730159 1.9050273595844254 1.8050966955145964
946 0.6152219873150105 1.9053619303237732 1.8050966955145964
947 0.6156282998944034 1.9051531342967862 1.8050966955145964
948 0.6160337552742616 1.9049447374398645 1.8050966955145964
949 0.6153846153846154 1.9052783639291002 1.8050966955145964
950 0.6147368421052631 1.9056111828179945 1.8050966955145964
951 0.6151419558359621 1.905403052050951 1.8050966955145964
952 0.6144957983193278 1.9057350018059964 1.8050966955145964
953 0.614900314795383 1.905527202200523 1.8050966955145964
954 0.6153039832285115 1.9053197975706804 1.8050966955145964
955 0.6146596858638743 1.9056508178849476 1.8050966955145964
956 0.6150627615062761 1.9054437420589663 1.8050966955145964
957 0.6154649947753396 1.9052370585524827 1.8050966955145964
958 0.615866388308977 1.9050307660989125 1.8050966955145964
959 0.616266944734098 1.9048248634375278 1.8050966955145964
960 0.6166666666666667 1.9046193493134207 1.8050966955145964
961 0.6170655567117586 1.9044142224774687 1.8050966955145964
962 0.6174636174636174 1.904209481686299 1.8050966955145964
963 0.616822429906542 1.90453925380684 1.8050966955145964
964 0.6172199170124482 1.9043348327391572 1.8050966955145964
965 0.6176165803108808 1.9041307951489954 1.8050966955145964
966 0.6169772256728778 1.9044596496784894 1.8050966955145964
967 0.6173733195449845 1.9042559295710189 1.8050966955145964
968 0.6177685950413223 1.9040525903992926 1.8050966955145964
969 0.6171310629514963 1.904380532411669 1.8050966955145964
970 0.6175257731958763 1.9041775085050556 1.8050966955145964
971 0.6179196704428425 1.9039748630175604 1.8050966955145964
972 0.6172839506172839 1.9043018975449688 1.8050966955145964
973 0.6176772867420349 1.904099565127908 1.8050966955145964
974 0.6170431211498973 1.904425760906337 1.8050966955145964
975 0.6174358974358974 1.9042237406714242 1.8050966955145964
976 0.617827868852459 1.9040220950800193 1.8050966955145964
977 0.617195496417605 1.9043473930094168 1.8050966955145964
978 0.6165644171779141 1.9046719239972638 1.8050966955145964
979 0.616956077630235 1.904470525474359 1.8050966955145964
980 0.6173469387755102 1.9042694990467286 1.8050966955145964
981 0.617737003058104 1.9040688435432085 1.8050966955145964
982 0.6181262729124236 1.903868557797911 1.8050966955145964
983 0.6185147507629705 1.9036686406501966 1.8050966955145964
984 0.6189024390243902 1.9034690909446392 1.8050966955145964
985 0.6192893401015228 1.9032699075309987 1.8050966955145964
986 0.6186612576064908 1.9035932356750143 1.8050966955145964
987 0.6180344478216818 1.9039158068290643 1.8050966955145964
988 0.618421052631579 1.9037168628276027 1.8050966955145964
989 0.6188068756319515 1.9035182826555181 1.8050966955145964
990 0.6191919191919192 1.9033200651795372 1.8050966955145964
991 0.6185671039354188 1.9036416958592883 1.8050966955145964
992 0.6189516129032258 1.9034437775332356 1.8050966955145964
993 0.6193353474320241 1.903246219564618 1.8050966955145964
994 0.6197183098591549 1.9030490208360142 1.8050966955145964
995 0.6201005025125628 1.9028521802349627 1.8050966955145964
996 0.6194779116465864 1.9031728134897938 1.8050966955145964
997 0.6198595787362087 1.9029762676158848 1.8050966955145964
998 0.6192384769539078 1.903296094988353 1.8050966955145964
999 0.6196196196196196 1.9030998430355552 1.8050966955145964
1000 0.62 1.9029039457338799 1.8050966955145964
1001 0.6203796203796204 1.9027084019919296 1.8050966955145964
1002 0.6207584830339321 1.9025132107231135 1.8050966955145964
1003 0.6201395812562313 1.902832051358823 1.8050966955145964
1004 0.6205179282868526 1.902637149697179 1.8050966955145964
1005 0.6199004975124378 1.9029551935428208 1.8050966955145964
1006 0.6202783300198808 1.9027605807048507 1.8050966955145964
1007 0.6196623634558094 1.9030778316904857 1.8050966955145964
1008 0.6200396825396826 1.9028835068952725 1.8050966955145964
1009 0.6194251734390486 1.903199968922133 1.8050966955145964
1010 0.6198019801980198 1.9030059313913372 1.8050966955145964
1011 0.6201780415430267 1.9028122406488608 1.8050966955145964
1012 0.6205533596837944 1.9026188956392696 1.8050966955145964
1013 0.6209279368213229 1.9024258953117261 1.8050966955145964
1014 0.6203155818540433 1.9027413911100122 1.8050966955145964
1015 0.6206896551724138 1.9025486738765367 1.8050966955145964
1016 0.6200787401574803 1.9028633895245872 1.8050966955145964
1017 0.6204523107177975 1.9026709546283656 1.8050966955145964
1018 0.6198428290766208 1.9029848939337977 1.8050966955145964
1019 0.619234543670265 1.9032981200551276 1.8050966955145964
1020 0.6186274509803922 1.90361063595442 1.8050966955145964
1021 0.6190009794319294 1.90341836431928 1.8050966955145964
1022 0.6183953033268101 1.9037301144293324 1.8050966955145964
1023 0.6187683284457478 1.9035381243327427 1.8050966955145964
1024 0.6181640625 1.9038491123578338 1.8050966955145964
1025 0.6185365853658537 1.9036574030446898 1.8050966955145964
1026 0.6189083820662769 1.903466031657305 1.8050966955145964
1027 0.6183057448880234 1.9037762033801497 1.8050966955145964
1028 0.617704280155642 1.9040856782418107 1.8050966955145964
1029 0.6180758017492711 1.9038945282402557 1.8050966955145964
1030 0.6174757281553398 1.9042032519709082 1.8050966955145964
1031 0.6168768186226964 1.9045112849615788 1.8050966955145964
1032 0.6172480620155039 1.904320356701329 1.8050966955145964
1033 0.6176185866408519 1.9041297630209315 1.8050966955145964
1034 0.6170212765957447 1.9044369952614986 1.8050966955145964
1035 0.6173913043478261 1.9042466786264869 1.8050966955145964
1036 0.6177606177606177 1.9040566944991804 1.8050966955145964
1037 0.6181292189006751 1.9038670418899013 1.8050966955145964
1038 0.617533718689788 1.9041734212368713 1.8050966955145964
1039 0.6179018286814244 1.9039840428013257 1.8050966955145964
1040 0.6182692307692308 1.9037949938398921 1.8050966955145964
1041 0.6176753121998079 1.9041005809329292 1.8050966955145964
1042 0.6180422264875239 1.9039118043641952 1.8050966955145964
1043 0.6184084372003835 1.9037233552444741 1.8050966955145964
1044 0.6187739463601533 1.903535232606235 1.8050966955145964
1045 0.6191387559808612 1.9033474354860385 1.8050966955145964
1046 0.6185468451242829 1.9036521226167424 1.8050966955145964
1047 0.6189111747851003 1.9034645940520682 1.8050966955145964
1048 0.6183206106870229 1.903768553221692 1.8050966955145964
1049 0.6186844613918017 1.9035812925093432 1.8050966955145964
1050 0.6180952380952381 1.9038845271514753 1.8050966955145964
1051 0.6184586108468125 1.9036975335905293 1.8050966955145964
1052 0.6188212927756654 1.9035108615139127 1.8050966955145964
1053 0.6182336182336182 1.903813320006474 1.8050966955145964
1054 0.6176470588235294 1.9041151157982592 1.8050966955145964
1055 0.6170616113744076 1.9044162515420027 1.8050966955145964
1056 0.6164772727272727 1.9047167298742753 1.8050966955145964
1057 0.6168401135288553 1.9045301602660547 1.8050966955145964
1058 0.6172022684310019 1.9043439099678832 1.8050966955145964
1059 0.6166194523135033 1.9046436263383364 1.8050966955145964
1060 0.6169811320754717 1.904457640721852 1.8050966955145964
1061 0.6173421300659755 1.904271972483365 1.8050966955145964
1062 0.6177024482109228 1.904086620700128 1.8050966955145964
1063 0.6180620884289746 1.9039015844532357 1.8050966955145964
1064 0.618421052631579 1.9037168628276027 1.8050966955145964
1065 0.6178403755868545 1.9040156604728793 1.8050966955145964
1066 0.6181988742964353 1.903831198878311 1.8050966955145964
1067 0.6185567010309279 1.9036470500150582 1.8050966955145964
1068 0.6179775280898876 1.9039450940548175 1.8050966955145964
1069 0.617399438727783 1.9042424944724088 1.8050966955145964
1070 0.6177570093457944 1.904058550927785 1.8050966955145964
1071 0.6181139122315593 1.9038749181706516 1.8050966955145964
1072 0.6184701492537313 1.903691595306463 1.8050966955145964
1073 0.6188257222739981 1.903508581444361 1.8050966955145964
1074 0.6191806331471136 1.9033258756971534 1.8050966955145964
1075 0.6195348837209302 1.9031434771812938 1.8050966955145964
1076 0.6198884758364313 1.9029613850168638 1.8050966955145964
1077 0.6202414113277623 1.9027795983275517 1.8050966955145964
1078 0.6205936920222634 1.902598116240634 1.8050966955145964
1079 0.6200185356811863 1.9028943988208384 1.8050966955145964
1080 0.6203703703703703 1.902713167153472 1.8050966955145964
1081 0.6197964847363552 1.9030087615590991 1.8050966955145964
1082 0.6201478743068392 1.9028277796809454 1.8050966955145964
1083 0.6195752539242844 1.903122689067401 1.8050966955145964
1084 0.6199261992619927 1.902941956350056 1.8050966955145964
1085 0.6193548387096774 1.903236183851225 1.8050966955145964
1086 0.6187845303867403 1.9035297846351777 1.8050966955145964
1087 0.6191352345906164 1.9033492483966592 1.8050966955145964
1088 0.6194852941176471 1.903169012123445 1.8050966955145964
1089 0.6189164370982553 1.9034618851705845 1.8050966955145964
1090 0.618348623853211 1.9037541370800575 1.8050966955145964
1091 0.617781851512374 1.9040457702595162 1.8050966955145964
1092 0.6172161172161172 1.9043367871024017 1.8050966955145964
1093 0.616651418115279 1.904627189988061 1.8050966955145964
1094 0.6170018281535649 1.9044469972268085 1.8050966955145964
1095 0.617351598173516 1.9042671024052287 1.8050966955145964
1096 0.6167883211678832 1.9045567934958687 1.8050966955145964
1097 0.6162260711030082 1.904845876039003 1.8050966955145964
1098 0.6165755919854281 1.9046661782592313 1.8050966955145964
1099 0.6169244767970883 1.9044867766107196 1.8050966955145964
1100 0.6172727272727273 1.9043076702619324 1.8050966955145964
1101 0.6176203451407811 1.9041288583846776 1.8050966955145964
1102 0.617059891107078 1.904417136264453 1.8050966955145964
1103 0.6165004533091568 1.9047048116175955 1.8050966955145964
1104 0.6168478260869565 1.9045261941724196 1.8050966955145964
1105 0.616289592760181 1.9048132202004473 1.8050966955145964
1106 0.6166365280289331 1.9046348462861102 1.8050966955145964
1107 0.6160794941282746 1.904921225883272 1.8050966955145964
1108 0.6155234657039711 1.9052070104828704 1.8050966955145964
1109 0.6149684400360685 1.9054922023412253 1.8050966955145964
1110 0.6144144144144145 1.905776803701641 1.8050966955145964
1111 0.6147614761476148 1.9055985280285634 1.8050966955145964
1112 0.6151079136690647 1.9054205430917017 1.8050966955145964
1113 0.6154537286612758 1.905242848082902 1.8050966955145964
1114 0.6149012567324955 1.905526718281074 1.8050966955145964
1115 0.6152466367713004 1.9053492646321288 1.8050966955145964
1116 0.6155913978494624 1.9051720992395682 1.8050966955145964
1117 0.6159355416293644 1.9049952213053454 1.8050966955145964
1118 0.6162790697674418 1.904818630034578 1.8050966955145964
1119 0.6157283288650581 1.9051017250269626 1.8050966955145964
1120 0.6151785714285715 1.905384238447545 1.8050966955145964
1121 0.6155218554861731 1.9052078379814066 1.8050966955145964
1122 0.6158645276292335 1.9050317224713127 1.8050966955145964
1123 0.616206589492431 1.9048558911327593 1.8050966955145964
1124 0.6156583629893239 1.9051376838196106 1.8050966955145964
1125 0.616 1.9049620886302985 1.8050966955145964
1126 0.6163410301953819 1.904786775990194 1.8050966955145964
1127 0.616681455190772 1.9046117451245093 1.8050966955145964
1128 0.6161347517730497 1.9048928205926363 1.8050966955145964
1129 0.6164747564216121 1.9047180236203538 1.8050966955145964
1130 0.6168141592920354 1.9045435068205372 1.8050966955145964
1131 0.6171529619805481 1.904369269427954 1.8050966955145964
1132 0.6174911660777385 1.9041953106803655 1.8050966955145964
1133 0.617828773168579 1.9040216298185104 1.8050966955145964
1134 0.6181657848324515 1.90384822608609 1.8050966955145964
1135 0.6185022026431718 1.9036750987297535 1.8050966955145964
1136 0.6179577464788732 1.9039552722019168 1.8050966955145964
1137 0.6182937554969217 1.9037823732553352 1.8050966955145964
1138 0.6186291739894552 1.903609749128353 1.8050966955145964
1139 0.6180860403863038 1.9038892599000772 1.8050966955145964
1140 0.618421052631579 1.9037168628276027 1.8050966955145964
1141 0.6187554776511832 1.9035447390313367 1.8050966955145964
1142 0.6190893169877408 1.9033728877733407 1.8050966955145964
1143 0.6194225721784777 1.9032013083185289 1.8050966955145964
1144 0.6197552447552448 1.9030299999346543 1.8050966955145964
1145 0.6200873362445415 1.9028589618922935 1.8050966955145964
1146 0.6195462478184991 1.9031376254293295 1.8050966955145964
1147 0.6198779424585876 1.9029668099477344 1.8050966955145964
1148 0.6202090592334495 1.902796263301566 1.8050966955145964
1149 0.6205395996518712 1.9026259847702227 1.8050966955145964
1150 0.62 1.9029039457338799 1.8050966955145964
1151 0.6203301476976543 1.902733887685205 1.8050966955145964
1152 0.6206597222222222 1.9025640962637471 1.8050966955145964
1153 0.6209887250650477 1.902394570757585 1.8050966955145964
1154 0.621317157712305 1.9022253104575173 1.8050966955145964
1155 0.6207792207792208 1.9025025254756263 1.8050966955145964
1156 0.620242214532872 1.902779184582914 1.8050966955145964
1157 0.6205704407951599 1.9026100954277592 1.8050966955145964
1158 0.6208981001727115 1.9024412699614581 1.8050966955145964
1159 0.6212251941328731 1.9022727074837271 1.8050966955145964
1160 0.6206896551724138 1.9025486738765367 1.8050966955145964
1161 0.6201550387596899 1.90282408931936 1.8050966955145964
1162 0.6204819277108434 1.9026556966539316 1.8050966955145964
1163 0.6199484092863284 1.9029305173638662 1.8050966955145964
1164 0.6202749140893471 1.902762340340146 1.8050966955145964
1165 0.6206008583690987 1.9025944240622372 1.8050966955145964
1166 0.6200686106346484 1.902868606966902 1.8050966955145964
1167 0.6195372750642674 1.9031422458018423 1.8050966955145964
1168 0.6190068493150684 1.903415342541598 1.8050966955145964
1169 0.6184773310521814 1.903687899149791 1.8050966955145964
1170 0.617948717948718 1.9039599175792086 1.8050966955145964
1171 0.6182749786507259 1.903792035956566 1.8050966955145964
1172 0.6186006825938567 1.9036244134402358 1.8050966955145964
1173 0.618073316283035 1.9038958071448524 1.8050966955145964
1174 0.6183986371379898 1.9037283987290463 1.8050966955145964
1175 0.6187234042553191 1.90356124800645 1.8050966955145964
1176 0.6181972789115646 1.903832019839445 1.8050966955145964
1177 0.6176720475785896 1.904102260418053 1.8050966955145964
1178 0.6171477079796265 1.9043719716468903 1.8050966955145964
1179 0.6174724342663274 1.9042049463444863 1.8050966955145964
1180 0.6177966101694915 1.9040381772276027 1.8050966955145964
1181 0.6172734970364098 1.9043072743357166 1.8050966955145964
1182 0.6175972927241963 1.904140717322436 1.8050966955145964
1183 0.6179205409974641 1.9039744151054772 1.8050966955145964
1184 0.6182432432432432 1.9038083670207235 1.8050966955145964
1185 0.6177215189873417 1.9040768095475933 1.8050966955145964
1186 0.6180438448566611 1.9039109716403106 1.8050966955145964
1187 0.6183656276326874 1.9037453864926197 1.8050966955145964
1188 0.6178451178451179 1.9040132206113407 1.8050966955145964
1189 0.6173254835996635 1.9042805348138507 1.8050966955145964
1190 0.6168067226890757 1.9045473309440601 1.8050966955145964
1191 0.6171284634760705 1.9043818693509242 1.8050966955145964
1192 0.6166107382550335 1.904648106935479 1.8050966955145964
1193 0.6169321039396479 1.904482854277469 1.8050966955145964
1194 0.6172529313232831 1.904317852211957 1.8050966955145964
1195 0.6167364016736402 1.9045834914174544 1.8050966955145964
1196 0.6162207357859532 1.904848618824875 1.8050966955145964
1197 0.6165413533834586 1.9046837825820582 1.8050966955145964
1198 0.6168614357262103 1.904519195536245 1.8050966955145964
1199 0.6171809841534612 1.9043548570454392 1.8050966955145964
1200 0.6175 1.9041907664700117 1.8050966955145964
