# parameters:
#  num_nodes=4, num_iters=1000, ntest=3, state=ghz
# columns:
#  iteration   running_frequency   running_estimation   average_phase
1 0.0 0.7853981633974483 0.6928267366088495
2 0.0 0.7853981633974483 0.6928267366088495
3 0.0 0.7853981633974483 0.6928267366088495
4 0.0 0.7853981633974483 0.6928267366088495
5 0.0 0.7853981633974483 0.6928267366088495
6 0.0 0.7853981633974483 0.6928267366088495
7 0.0 0.7853981633974483 0.6928267366088495
8 0.0 0.7853981633974483 0.6928267366088495
9 0.0 0.7853981633974483 0.6928267366088495
10 0.0 0.7853981633974483 0.6928267366088495
11 0.0 0.7853981633974483 0.6928267366088495
12 0.0 0.7853981633974483 0.6928267366088495
13 0.0 0.7853981633974483 0.6928267366088495
14 0.0 0.7853981633974483 0.6928267366088495
15 0.0 0.7853981633974483 0.6928267366088495
16 0.0 0.7853981633974483 0.6928267366088495
17 0.0 0.7853981633974483 0.6928267366088495
18 0.0 0.7853981633974483 0.6928267366088495
19 0.0 0.7853981633974483 0.6928267366088495
20 0.0 0.7853981633974483 0.6928267366088495
21 0.0 0.7853981633974483 0.6928267366088495
22 0.0 0.7853981633974483 0.6928267366088495
23 0.0 0.7853981633974483 0.6928267366088495
24 0.0 0.7853981633974483 0.6928267366088495
25 0.0 0.7853981633974483 0.6928267366088495
26 0.0 0.7853981633974483 0.6928267366088495
27 0.0 0.7853981633974483 0.6928267366088495
28 0.0 0.7853981633974483 0.6928267366088495
29 0.0 0.7853981633974483 0.6928267366088495
30 0.0 0.7853981633974483 0.6928267366088495
31 0.0 0.7853981633974483 0.6928267366088495
32 0.0 0.7853981633974483 0.6928267366088495
33 0.0 0.7853981633974483 0.6928267366088495
34 0.0 0.7853981633974483 0.6928267366088495
35 0.0 0.7853981633974483 0.6928267366088495
36 0.0 0.7853981633974483 0.6928267366088495
37 0.0 0.7853981633974483 0.6928267366088495
38 0.02631578947368421 0.7039274240921887 0.6928267366088495
39 0.02564102564102564 0.704987923060216 0.6928267366088495
40 0.025 0.706008056074568 0.6928267366088495
41 0.024390243902439025 0.7069903207252479 0.6928267366088495
42 0.023809523809523808 0.7079370034620415 0.6928267366088495
43 0.023255813953488372 0.708850202004021 0.6928267366088495
44 0.022727272727272728 0.7097318449088404 0.6928267366088495
45 0.022222222222222223 0.7105837087176896 0.6928267366088495
46 0.021739130434782608 0.7114074330230564 0.6928267366088495
47 0.02127659574468085 0.7122045337503238 0.6928267366088495
48 0.020833333333333332 0.7129764148981684 0.6928267366088495
49 0.02040816326530612 0.7137243789447656 0.6928267366088495
50 0.02 0.7144496360953663 0.6928267366088495
51 0.0196078431372549 0.7151533125206881 0.6928267366088495
52 0.019230769230769232 0.715836457713749 0.6928267366088495
53 0.018867924528301886 0.7165000510745058 0.6928267366088495
54 0.018518518518518517 0.7171450078162958 0.6928267366088495
55 0.01818181818181818 0.7177721842751206 0.6928267366088495
56 0.017857142857142856 0.7183823826918388 0.6928267366088495
57 0.017543859649122806 0.7189763555280156 0.6928267366088495
58 0.017241379310344827 0.7195548093682402 0.6928267366088495
59 0.01694915254237288 0.7201184084549377 0.6928267366088495
60 0.016666666666666666 0.720667777895893 0.6928267366088495
61 0.01639344262295082 0.7212035065797074 0.6928267366088495
62 0.016129032258064516 0.7217261498301073 0.6928267366088495
63 0.015873015873015872 0.7222362318263075 0.6928267366088495
64 0.015625 0.7227342478134157 0.6928267366088495
65 0.015384615384615385 0.7232206661240675 0.6928267366088495
66 0.015151515151515152 0.7236959300300552 0.6928267366088495
67 0.014925373134328358 0.7241604594405884 0.6928267366088495
68 0.014705882352941176 0.7246146524619836 0.6928267366088495
69 0.014492753623188406 0.7250588868319434 0.6928267366088495
70 0.014285714285714285 0.7254935212401762 0.6928267366088495
71 0.014084507042253521 0.7259188965458474 0.6928267366088495
72 0.013888888888888888 0.7263353369012557 0.6928267366088495
73 0.0136986301369863 0.7267431507901517 0.6928267366088495
74 0.013513513513513514 0.7271426319882589 0.6928267366088495
75 0.013333333333333334 0.727534060452792 0.6928267366088495
76 0.013157894736842105 0.7279177031470951 0.6928267366088495
77 0.012987012987012988 0.7282938148059181 0.6928267366088495
78 0.01282051282051282 0.7286626386463165 0.6928267366088495
79 0.012658227848101266 0.7290244070286832 0.6928267366088495
80 0.0125 0.7293793420719935 0.6928267366088495
81 0.012345679012345678 0.7297276562269663 0.6928267366088495
82 0.012195121951219513 0.7300695528105005 0.6928267366088495
83 0.012048192771084338 0.7304052265044411 0.6928267366088495
84 0.011904761904761904 0.7307348638214561 0.6928267366088495
85 0.011764705882352941 0.7310586435405574 0.6928267366088495
86 0.011627906976744186 0.7313767371145716 0.6928267366088495
87 0.022988505747126436 0.7092948535003188 0.6928267366088495
88 0.022727272727272728 0.7097318449088404 0.6928267366088495
89 0.02247191011235955 0.7101613936797183 0.6928267366088495
90 0.022222222222222223 0.7105837087176896 0.6928267366088495
91 0.02197802197802198 0.7109989908090902 0.6928267366088495
92 0.021739130434782608 0.7114074330230564 0.6928267366088495
93 0.021505376344086023 0.7118092210887563 0.6928267366088495
94 0.02127659574468085 0.7122045337503238 0.6928267366088495
95 0.021052631578947368 0.7125935431010384 0.6928267366088495
96 0.020833333333333332 0.7129764148981684 0.6928267366088495
97 0.020618556701030927 0.7133533088597867 0.6928267366088495
98 0.02040816326530612 0.7137243789447656 0.6928267366088495
99 0.020202020202020204 0.7140897736170688 0.6928267366088495
100 0.02 0.7144496360953663 0.6928267366088495
101 0.019801980198019802 0.7148041045889296 0.6928267366088495
102 0.0196078431372549 0.7151533125206881 0.6928267366088495
103 0.019417475728155338 0.7154973887382649 0.6928267366088495
104 0.019230769230769232 0.715836457713749 0.6928267366088495
105 0.01904761904761905 0.7161706397329102 0.6928267366088495
106 0.018867924528301886 0.7165000510745058 0.6928267366088495
107 0.018691588785046728 0.7168248041802915 0.6928267366088495
108 0.018518518518518517 0.7171450078162958 0.6928267366088495
109 0.01834862385321101 0.7174607672258869 0.6928267366088495
110 0.02727272727272727 0.7024458699575954 0.6928267366088495
111 0.02702702702702703 0.7028238246901349 0.6928267366088495
112 0.026785714285714284 0.7031966595048729 0.6928267366088495
113 0.02654867256637168 0.7035644889689957 0.6928267366088495
114 0.02631578947368421 0.7039274240921887 0.6928267366088495
115 0.02608695652173913 0.7042855724674252 0.6928267366088495
116 0.02586206896551724 0.7046390384050043 0.6928267366088495
117 0.02564102564102564 0.704987923060216 0.6928267366088495
118 0.025423728813559324 0.7053323245549907 0.6928267366088495
119 0.025210084033613446 0.705672338093864 0.6928267366088495
120 0.025 0.706008056074568 0.6928267366088495
121 0.024793388429752067 0.7063395681935413 0.6928267366088495
122 0.03278688524590164 0.6943602414839158 0.6928267366088495
123 0.032520325203252036 0.6947351966704423 0.6928267366088495
124 0.03225806451612903 0.6951055563020992 0.6928267366088495
125 0.032 0.6954714135012091 0.6928267366088495
126 0.031746031746031744 0.6958328587692941 0.6928267366088495
127 0.031496062992125984 0.6961899800811613 0.6928267366088495
128 0.03125 0.6965428629748924 0.6928267366088495
129 0.031007751937984496 0.6968915906379466 0.6928267366088495
130 0.03076923076923077 0.6972362439895724 0.6928267366088495
131 0.030534351145038167 0.6975769017597171 0.6928267366088495
132 0.030303030303030304 0.6979136405646039 0.6928267366088495
133 0.03007518796992481 0.6982465349791467 0.6928267366088495
134 0.029850746268656716 0.6985756576063533 0.6928267366088495
135 0.02962962962962963 0.6989010791438678 0.6928267366088495
136 0.029411764705882353 0.6992228684477868 0.6928267366088495
137 0.029197080291970802 0.699541092593884 0.6928267366088495
138 0.028985507246376812 0.699855816936364 0.6928267366088495
139 0.02877697841726619 0.7001671051642637 0.6928267366088495
140 0.02857142857142857 0.7004750193556115 0.6928267366088495
141 0.028368794326241134 0.7007796200294482 0.6928267366088495
142 0.028169014084507043 0.7010809661958101 0.6928267366088495
143 0.027972027972027972 0.7013791154037671 0.6928267366088495
144 0.027777777777777776 0.7016741237876036 0.6928267366088495
145 0.027586206896551724 0.7019660461112293 0.6928267366088495
146 0.0273972602739726 0.7022549358108957 0.6928267366088495
147 0.027210884353741496 0.702540845036299 0.6928267366088495
148 0.02702702702702703 0.7028238246901349 0.6928267366088495
149 0.026845637583892617 0.7031039244661803 0.6928267366088495
150 0.02666666666666667 0.7033811928859607 0.6928267366088495
151 0.026490066225165563 0.7036556773340684 0.6928267366088495
152 0.02631578947368421 0.7039274240921887 0.6928267366088495
153 0.026143790849673203 0.7041964783718888 0.6928267366088495
154 0.025974025974025976 0.704462884346225 0.6928267366088495
155 0.025806451612903226 0.704726685180213 0.6928267366088495
156 0.02564102564102564 0.704987923060216 0.6928267366088495
157 0.025477707006369428 0.70524663922229 0.6928267366088495
158 0.02531645569620253 0.7055028739795328 0.6928267366088495
159 0.025157232704402517 0.7057566667484775 0.6928267366088495
160 0.025 0.706008056074568 0.6928267366088495
161 0.024844720496894408 0.7062570796567568 0.6928267366088495
162 0.024691358024691357 0.7065037743712579 0.6928267366088495
163 0.024539877300613498 0.706748176294491 0.6928267366088495
164 0.024390243902439025 0.7069903207252479 0.6928267366088495
165 0.024242424242424242 0.7072302422061119 0.6928267366088495
166 0.024096385542168676 0.707467974544162 0.6928267366088495
167 0.023952095808383235 0.7077035508309877 0.6928267366088495
168 0.023809523809523808 0.7079370034620415 0.6928267366088495
169 0.023668639053254437 0.7081683641553562 0.6928267366088495
170 0.023529411764705882 0.7083976639696504 0.6928267366088495
171 0.023391812865497075 0.7086249333218463 0.6928267366088495
172 0.023255813953488372 0.708850202004021 0.6928267366088495
173 0.023121387283236993 0.7090734991998158 0.6928267366088495
174 0.022988505747126436 0.7092948535003188 0.6928267366088495
175 0.022857142857142857 0.709514292919447 0.6928267366088495
176 0.022727272727272728 0.7097318449088404 0.6928267366088495
177 0.022598870056497175 0.7099475363722905 0.6928267366088495
178 0.02247191011235955 0.7101613936797183 0.6928267366088495
179 0.0223463687150838 0.7103734426807192 0.6928267366088495
180 0.022222222222222223 0.7105837087176896 0.6928267366088495
181 0.022099447513812154 0.7107922166385519 0.6928267366088495
182 0.02197802197802198 0.7109989908090902 0.6928267366088495
183 0.02185792349726776 0.7112040551249135 0.6928267366088495
184 0.021739130434782608 0.7114074330230564 0.6928267366088495
185 0.021621621621621623 0.7116091474932335 0.6928267366088495
186 0.021505376344086023 0.7118092210887563 0.6928267366088495
187 0.0213903743315508 0.7120076759371279 0.6928267366088495
188 0.02127659574468085 0.7122045337503238 0.6928267366088495
189 0.021164021164021163 0.7123998158347714 0.6928267366088495
190 0.021052631578947368 0.7125935431010384 0.6928267366088495
191 0.020942408376963352 0.7127857360732388 0.6928267366088495
192 0.026041666666666668 0.7043566369683403 0.6928267366088495
193 0.025906735751295335 0.7045687149126133 0.6928267366088495
194 0.02577319587628866 0.7047791364594703 0.6928267366088495
195 0.02564102564102564 0.704987923060216 0.6928267366088495
196 0.025510204081632654 0.7051950957792058 0.6928267366088495
197 0.025380710659898477 0.7054006753027752 0.6928267366088495
198 0.025252525252525252 0.7056046819479177 0.6928267366088495
199 0.02512562814070352 0.705807135670721 0.6928267366088495
200 0.025 0.706008056074568 0.6928267366088495
201 0.024875621890547265 0.7062074624181127 0.6928267366088495
202 0.024752475247524754 0.7064053736230355 0.6928267366088495
203 0.024630541871921183 0.7066018082815858 0.6928267366088495
204 0.024509803921568627 0.7067967846639217 0.6928267366088495
205 0.024390243902439025 0.7069903207252479 0.6928267366088495
206 0.024271844660194174 0.7071824341127628 0.6928267366088495
207 0.028985507246376812 0.699855816936364 0.6928267366088495
208 0.028846153846153848 0.7000637203475938 0.6928267366088495
209 0.028708133971291867 0.7002701151008125 0.6928267366088495
210 0.02857142857142857 0.7004750193556115 0.6928267366088495
211 0.02843601895734597 0.7006784509670059 0.6928267366088495
212 0.02830188679245283 0.7008804274919712 0.6928267366088495
213 0.028169014084507043 0.7010809661958101 0.6928267366088495
214 0.028037383177570093 0.7012800840583533 0.6928267366088495
215 0.027906976744186046 0.7014777977800001 0.6928267366088495
216 0.027777777777777776 0.7016741237876036 0.6928267366088495
217 0.027649769585253458 0.7018690782402054 0.6928267366088495
218 0.027522935779816515 0.7020626770346227 0.6928267366088495
219 0.0273972602739726 0.7022549358108957 0.6928267366088495
220 0.02727272727272727 0.7024458699575954 0.6928267366088495
221 0.027149321266968326 0.7026354946169989 0.6928267366088495
222 0.02702702702702703 0.7028238246901349 0.6928267366088495
223 0.026905829596412557 0.7030108748417032 0.6928267366088495
224 0.026785714285714284 0.7031966595048729 0.6928267366088495
225 0.02666666666666667 0.7033811928859607 0.6928267366088495
226 0.02654867256637168 0.7035644889689957 0.6928267366088495
227 0.02643171806167401 0.7037465615201711 0.6928267366088495
228 0.02631578947368421 0.7039274240921887 0.6928267366088495
229 0.026200873362445413 0.7041070900284964 0.6928267366088495
230 0.02608695652173913 0.7042855724674252 0.6928267366088495
231 0.025974025974025976 0.704462884346225 0.6928267366088495
232 0.02586206896551724 0.7046390384050043 0.6928267366088495
233 0.02575107296137339 0.7048140471905769 0.6928267366088495
234 0.02564102564102564 0.704987923060216 0.6928267366088495
235 0.02553191489361702 0.7051606781853196 0.6928267366088495
236 0.025423728813559324 0.7053323245549907 0.6928267366088495
237 0.02531645569620253 0.7055028739795328 0.6928267366088495
238 0.025210084033613446 0.705672338093864 0.6928267366088495
239 0.02510460251046025 0.7058407283608511 0.6928267366088495
240 0.025 0.706008056074568 0.6928267366088495
241 0.024896265560165973 0.7061743323634775 0.6928267366088495
242 0.024793388429752067 0.7063395681935413 0.6928267366088495
243 0.024691358024691357 0.7065037743712579 0.6928267366088495
244 0.02459016393442623 0.7066669615466319 0.6928267366088495
245 0.024489795918367346 0.7068291402160761 0.6928267366088495
246 0.024390243902439025 0.7069903207252479 0.6928267366088495
247 0.024291497975708502 0.7071505132718217 0.6928267366088495
248 0.024193548387096774 0.7073097279081997 0.6928267366088495
249 0.024096385542168676 0.707467974544162 0.6928267366088495
250 0.024 0.7076252629494579 0.6928267366088495
251 0.02390438247011952 0.70778160275634 0.6928267366088495
252 0.023809523809523808 0.7079370034620415 0.6928267366088495
253 0.023715415019762844 0.7080914744312017 0.6928267366088495
254 0.023622047244094488 0.7082450248982347 0.6928267366088495
255 0.023529411764705882 0.7083976639696504 0.6928267366088495
256 0.0234375 0.7085494006263224 0.6928267366088495
257 0.023346303501945526 0.7087002437257082 0.6928267366088495
258 0.023255813953488372 0.708850202004021 0.6928267366088495
259 0.023166023166023165 0.7089992840783562 0.6928267366088495
260 0.023076923076923078 0.7091474984487705 0.6928267366088495
261 0.022988505747126436 0.7092948535003188 0.6928267366088495
262 0.022900763358778626 0.7094413575050467 0.6928267366088495
263 0.022813688212927757 0.7095870186239411 0.6928267366088495
264 0.022727272727272728 0.7097318449088404 0.6928267366088495
265 0.022641509433962263 0.7098758443043045 0.6928267366088495
266 0.022556390977443608 0.710019024649445 0.6928267366088495
267 0.02247191011235955 0.7101613936797183 0.6928267366088495
268 0.022388059701492536 0.7103029590286815 0.6928267366088495
269 0.022304832713754646 0.7104437282297116 0.6928267366088495
270 0.022222222222222223 0.7105837087176896 0.6928267366088495
271 0.02214022140221402 0.7107229078306503 0.6928267366088495
272 0.022058823529411766 0.710861332811398 0.6928267366088495
273 0.02197802197802198 0.7109989908090902 0.6928267366088495
274 0.021897810218978103 0.7111358888807884 0.6928267366088495
275 0.02181818181818182 0.7112720339929776 0.6928267366088495
276 0.021739130434782608 0.7114074330230564 0.6928267366088495
277 0.021660649819494584 0.7115420927607958 0.6928267366088495
278 0.02158273381294964 0.7116760199097695 0.6928267366088495
279 0.021505376344086023 0.7118092210887563 0.6928267366088495
280 0.02142857142857143 0.7119417028331141 0.6928267366088495
281 0.021352313167259787 0.7120734715961264 0.6928267366088495
282 0.02127659574468085 0.7122045337503238 0.6928267366088495
283 0.02120141342756184 0.7123348955887776 0.6928267366088495
284 0.02112676056338028 0.7124645633263701 0.6928267366088495
285 0.021052631578947368 0.7125935431010384 0.6928267366088495
286 0.02097902097902098 0.7127218409749958 0.6928267366088495
287 0.020905923344947737 0.7128494629359283 0.6928267366088495
288 0.020833333333333332 0.7129764148981684 0.6928267366088495
289 0.020761245674740483 0.7131027027038469 0.6928267366088495
290 0.020689655172413793 0.7132283321240218 0.6928267366088495
291 0.020618556701030927 0.7133533088597867 0.6928267366088495
292 0.02054794520547945 0.7134776385433571 0.6928267366088495
293 0.020477815699658702 0.7136013267391372 0.6928267366088495
294 0.02040816326530612 0.7137243789447656 0.6928267366088495
295 0.020338983050847456 0.7138468005921421 0.6928267366088495
296 0.02027027027027027 0.713968597048435 0.6928267366088495
297 0.020202020202020204 0.7140897736170688 0.6928267366088495
298 0.020134228187919462 0.714210335538696 0.6928267366088495
299 0.020066889632107024 0.7143302879921469 0.6928267366088495
300 0.02 0.7144496360953663 0.6928267366088495
301 0.019933554817275746 0.7145683849063296 0.6928267366088495
302 0.019867549668874173 0.7146865394239434 0.6928267366088495
303 0.019801980198019802 0.7148041045889296 0.6928267366088495
304 0.019736842105263157 0.7149210852846934 0.6928267366088495
305 0.022950819672131147 0.7093577446623494 0.6928267366088495
306 0.02287581699346405 0.7094830606221957 0.6928267366088495
307 0.02280130293159609 0.7096077590190488 0.6928267366088495
308 0.022727272727272728 0.7097318449088404 0.6928267366088495
309 0.022653721682847898 0.7098553232897392 0.6928267366088495
310 0.02258064516129032 0.7099781991029968 0.6928267366088495
311 0.022508038585209004 0.7101004772337777 0.6928267366088495
312 0.022435897435897436 0.7102221625119761 0.6928267366088495
313 0.022364217252396165 0.710343259713017 0.6928267366088495
314 0.022292993630573247 0.7104637735586434 0.6928267366088495
315 0.022222222222222223 0.7105837087176896 0.6928267366088495
316 0.022151898734177215 0.7107030698068412 0.6928267366088495
317 0.025236593059936908 0.7056300731833285 0.6928267366088495
318 0.025157232704402517 0.7057566667484775 0.6928267366088495
319 0.025078369905956112 0.7058826594661377 0.6928267366088495
320 0.025 0.706008056074568 0.6928267366088495
321 0.024922118380062305 0.7061328612598765 0.6928267366088495
322 0.027950310559006212 0.7014120482022047 0.6928267366088495
323 0.02786377708978328 0.7015433931695503 0.6928267366088495
324 0.027777777777777776 0.7016741237876036 0.6928267366088495
325 0.027692307692307693 0.7018042448310514 0.6928267366088495
326 0.027607361963190184 0.7019337610227854 0.6928267366088495
327 0.027522935779816515 0.7020626770346227 0.6928267366088495
328 0.027439024390243903 0.7021909974880143 0.6928267366088495
329 0.02735562310030395 0.7023187269547405 0.6928267366088495
330 0.02727272727272727 0.7024458699575954 0.6928267366088495
331 0.027190332326283987 0.7025724309710603 0.6928267366088495
332 0.02710843373493976 0.702698414421964 0.6928267366088495
333 0.03003003003003003 0.6983126589582253 0.6928267366088495
334 0.029940119760479042 0.6984444566033773 0.6928267366088495
335 0.029850746268656716 0.6985756576063533 0.6928267366088495
336 0.02976190476190476 0.6987062664556002 0.6928267366088495
337 0.02967359050445104 0.6988362875924305 0.6928267366088495
338 0.029585798816568046 0.6989657254116572 0.6928267366088495
339 0.029498525073746312 0.6990945842622175 0.6928267366088495
340 0.029411764705882353 0.6992228684477868 0.6928267366088495
341 0.02932551319648094 0.6993505822273829 0.6928267366088495
342 0.03216374269005848 0.6952391114111326 0.6928267366088495
343 0.03206997084548105 0.6953720755730273 0.6928267366088495
344 0.03197674418604651 0.6955044531333631 0.6928267366088495
345 0.03188405797101449 0.6956362483931089 0.6928267366088495
346 0.031791907514450865 0.6957674656092102 0.6928267366088495
347 0.03170028818443804 0.695898108995166 0.6928267366088495
348 0.031609195402298854 0.6960281827215983 0.6928267366088495
349 0.03151862464183381 0.6961576909168105 0.6928267366088495
350 0.03142857142857143 0.6962866376673388 0.6928267366088495
351 0.03133903133903134 0.6964150270184934 0.6928267366088495
352 0.03409090909090909 0.692546793500499 0.6928267366088495
353 0.0339943342776204 0.6926799350206813 0.6928267366088495
354 0.03389830508474576 0.6928125053745197 0.6928267366088495
355 0.03380281690140845 0.6929445086345651 0.6928267366088495
356 0.033707865168539325 0.6930759488328269 0.6928267366088495
357 0.03361344537815126 0.6932068299612888 0.6928267366088495
358 0.0335195530726257 0.6933371559724197 0.6928267366088495
359 0.033426183844011144 0.6934669307796748 0.6928267366088495
360 0.03333333333333333 0.693596158257989 0.6928267366088495
361 0.036011080332409975 0.6899363312146347 0.6928267366088495
362 0.03591160220994475 0.6900698992457744 0.6928267366088495
363 0.03581267217630854 0.6902029081186464 0.6928267366088495
364 0.03571428571428571 0.690335361724215 0.6928267366088495
365 0.03561643835616438 0.6904672639156388 0.6928267366088495
366 0.03551912568306011 0.690598618508743 0.6928267366088495
367 0.035422343324250684 0.6907294292824815 0.6928267366088495
368 0.035326086956521736 0.6908596999793951 0.6928267366088495
369 0.03523035230352303 0.6909894343060609 0.6928267366088495
370 0.03513513513513514 0.6911186359335355 0.6928267366088495
371 0.03504043126684636 0.6912473084977916 0.6928267366088495
372 0.03494623655913978 0.691375455600148 0.6928267366088495
373 0.03485254691689008 0.691503080807693 0.6928267366088495
374 0.034759358288770054 0.6916301876537015 0.6928267366088495
375 0.034666666666666665 0.6917567796380467 0.6928267366088495
376 0.034574468085106384 0.6918828602276043 0.6928267366088495
377 0.034482758620689655 0.6920084328566515 0.6928267366088495
378 0.03439153439153439 0.6921335009272608 0.6928267366088495
379 0.03430079155672823 0.6922580678096865 0.6928267366088495
380 0.034210526315789476 0.6923821368427466 0.6928267366088495
381 0.03412073490813648 0.6925057113341991 0.6928267366088495
382 0.034031413612565446 0.6926287945611124 0.6928267366088495
383 0.033942558746736295 0.69275138977023 0.6928267366088495
384 0.033854166666666664 0.692873500178331 0.6928267366088495
385 0.033766233766233764 0.6929951289725848 0.6928267366088495
386 0.03367875647668394 0.6931162793108998 0.6928267366088495
387 0.03359173126614987 0.6932369543222691 0.6928267366088495
388 0.03350515463917526 0.6933571571071091 0.6928267366088495
389 0.033419023136246784 0.6934768907375947 0.6928267366088495
390 0.03333333333333333 0.693596158257989 0.6928267366088495
391 0.03324808184143223 0.6937149626849689 0.6928267366088495
392 0.03316326530612245 0.6938333070079451 0.6928267366088495
393 0.03307888040712468 0.6939511941893789 0.6928267366088495
394 0.03299492385786802 0.694068627165093 0.6928267366088495
395 0.03291139240506329 0.6941856088445795 0.6928267366088495
396 0.03282828282828283 0.694302142111302 0.6928267366088495
397 0.0327455919395466 0.6944182298229951 0.6928267366088495
398 0.032663316582914576 0.6945338748119583 0.6928267366088495
399 0.03258145363408521 0.694649079885346 0.6928267366088495
400 0.0325 0.6947638478254549 0.6928267366088495
401 0.032418952618453865 0.6948781813900052 0.6928267366088495
402 0.03233830845771144 0.69499208331242 0.6928267366088495
403 0.03225806451612903 0.6951055563020992 0.6928267366088495
404 0.03217821782178218 0.6952186030446905 0.6928267366088495
405 0.03209876543209877 0.6953312262023564 0.6928267366088495
406 0.03201970443349754 0.695443428414038 0.6928267366088495
407 0.03194103194103194 0.6955552122957142 0.6928267366088495
408 0.031862745098039214 0.6956665804406583 0.6928267366088495
409 0.03178484107579462 0.6957775354196911 0.6928267366088495
410 0.03170731707317073 0.6958880797814295 0.6928267366088495
411 0.031630170316301706 0.6959982160525334 0.6928267366088495
412 0.03155339805825243 0.6961079467379473 0.6928267366088495
413 0.03389830508474576 0.6928125053745197 0.6928267366088495
414 0.033816425120772944 0.6929256855927629 0.6928267366088495
415 0.033734939759036145 0.6930384517122368 0.6928267366088495
416 0.03365384615384615 0.6931508062522069 0.6928267366088495
417 0.03357314148681055 0.6932627517105319 0.6928267366088495
418 0.03349282296650718 0.6933742905638962 0.6928267366088495
419 0.03341288782816229 0.6934854252680405 0.6928267366088495
420 0.03333333333333333 0.693596158257989 0.6928267366088495
421 0.0332541567695962 0.6937064919482735 0.6928267366088495
422 0.03317535545023697 0.6938164287331545 0.6928267366088495
423 0.03309692671394799 0.6939259709868398 0.6928267366088495
424 0.0330188679245283 0.6940351210636999 0.6928267366088495
425 0.03294117647058824 0.69414388129848 0.6928267366088495
426 0.03286384976525822 0.6942522540065111 0.6928267366088495
427 0.03278688524590164 0.6943602414839158 0.6928267366088495
428 0.03271028037383177 0.6944678460078134 0.6928267366088495
429 0.03263403263403263 0.6945750698365216 0.6928267366088495
430 0.03255813953488372 0.6946819152097554 0.6928267366088495
431 0.03248259860788863 0.6947883843488242 0.6928267366088495
432 0.032407407407407406 0.694894479456825 0.6928267366088495
433 0.03233256351039261 0.6950002027188348 0.6928267366088495
434 0.03225806451612903 0.6951055563020992 0.6928267366088495
435 0.03218390804597701 0.6952105423562193 0.6928267366088495
436 0.03211009174311927 0.6953151630133356 0.6928267366088495
437 0.032036613272311214 0.6954194203883106 0.6928267366088495
438 0.0319634703196347 0.6955233165789076 0.6928267366088495
439 0.03189066059225513 0.6956268536659689 0.6928267366088495
440 0.031818181818181815 0.6957300337135903 0.6928267366088495
441 0.031746031746031744 0.6958328587692941 0.6928267366088495
442 0.033936651583710405 0.6927595455113885 0.6928267366088495
443 0.033860045146726865 0.6928653745030979 0.6928267366088495
444 0.033783783783783786 0.6929708415908437 0.6928267366088495
445 0.035955056179775284 0.6900115322656094 0.6928267366088495
446 0.03587443946188341 0.6901198428896432 0.6928267366088495
447 0.035794183445190156 0.6902277853487505 0.6928267366088495
448 0.03571428571428571 0.690335361724215 0.6928267366088495
449 0.035634743875278395 0.6904425740808835 0.6928267366088495
450 0.035555555555555556 0.6905494244673328 0.6928267366088495
451 0.03547671840354767 0.6906559149160335 0.6928267366088495
452 0.035398230088495575 0.6907620474435129 0.6928267366088495
453 0.03532008830022075 0.6908678240505154 0.6928267366088495
454 0.03524229074889868 0.6909732467221609 0.6928267366088495
455 0.035164835164835165 0.6910783174281017 0.6928267366088495
456 0.03508771929824561 0.6911830381226762 0.6928267366088495
457 0.0350109409190372 0.691287410745063 0.6928267366088495
458 0.034934497816593885 0.6913914372194305 0.6928267366088495
459 0.034858387799564274 0.6914951194550869 0.6928267366088495
460 0.034782608695652174 0.6915984593466271 0.6928267366088495
461 0.03470715835140998 0.6917014587740778 0.6928267366088495
462 0.03463203463203463 0.6918041196030421 0.6928267366088495
463 0.03455723542116631 0.6919064436848403 0.6928267366088495
464 0.034482758620689655 0.6920084328566515 0.6928267366088495
465 0.034408602150537634 0.6921100889416512 0.6928267366088495
466 0.034334763948497854 0.6922114137491487 0.6928267366088495
467 0.034261241970021415 0.6923124090747225 0.6928267366088495
468 0.03418803418803419 0.6924130767003533 0.6928267366088495
469 0.03411513859275053 0.6925134183945573 0.6928267366088495
470 0.03404255319148936 0.6926134359125156 0.6928267366088495
471 0.03397027600849257 0.6927131309962038 0.6928267366088495
472 0.03389830508474576 0.6928125053745197 0.6928267366088495
473 0.03382663847780127 0.6929115607634084 0.6928267366088495
474 0.03375527426160337 0.693010298865988 0.6928267366088495
475 0.03368421052631579 0.6931087213726713 0.6928267366088495
476 0.03361344537815126 0.6932068299612888 0.6928267366088495
477 0.033542976939203356 0.6933046262972076 0.6928267366088495
478 0.03347280334728033 0.6934021120334513 0.6928267366088495
479 0.033402922755741124 0.6934992888108164 0.6928267366088495
480 0.03333333333333333 0.693596158257989 0.6928267366088495
481 0.033264033264033266 0.6936927219916595 0.6928267366088495
482 0.03319502074688797 0.6937889816166357 0.6928267366088495
483 0.033126293995859216 0.6938849387259546 0.6928267366088495
484 0.03305785123966942 0.693980594900994 0.6928267366088495
485 0.032989690721649485 0.6940759517115811 0.6928267366088495
486 0.03292181069958848 0.6941710107161017 0.6928267366088495
487 0.03285420944558522 0.6942657734616061 0.6928267366088495
488 0.03278688524590164 0.6943602414839158 0.6928267366088495
489 0.032719836400818 0.694454416307728 0.6928267366088495
490 0.0326530612244898 0.694548299446718 0.6928267366088495
491 0.032586558044806514 0.6946418924036432 0.6928267366088495
492 0.032520325203252036 0.6947351966704423 0.6928267366088495
493 0.032454361054766734 0.6948282137283365 0.6928267366088495
494 0.032388663967611336 0.6949209450479278 0.6928267366088495
495 0.03232323232323232 0.6950133920892968 0.6928267366088495
496 0.03225806451612903 0.6951055563020992 0.6928267366088495
497 0.03219315895372234 0.6951974391256617 0.6928267366088495
498 0.0321285140562249 0.6952890419890755 0.6928267366088495
499 0.03206412825651302 0.6953803663112911 0.6928267366088495
500 0.032 0.6954714135012091 0.6928267366088495
501 0.031936127744510975 0.6955621849577731 0.6928267366088495
502 0.03187250996015936 0.6956526820700585 0.6928267366088495
503 0.03180914512922465 0.6957429062173629 0.6928267366088495
504 0.031746031746031744 0.6958328587692941 0.6928267366088495
505 0.031683168316831684 0.6959225410858573 0.6928267366088495
506 0.03162055335968379 0.6960119545175416 0.6928267366088495
507 0.03155818540433925 0.6961011004054054 0.6928267366088495
508 0.031496062992125984 0.6961899800811613 0.6928267366088495
509 0.03143418467583497 0.6962785948672588 0.6928267366088495
510 0.03137254901960784 0.6963669460769683 0.6928267366088495
511 0.03131115459882583 0.6964550350144613 0.6928267366088495
512 0.03125 0.6965428629748924 0.6928267366088495
513 0.031189083820662766 0.6966304312444793 0.6928267366088495
514 0.0311284046692607 0.6967177411005813 0.6928267366088495
515 0.031067961165048542 0.6968047938117778 0.6928267366088495
516 0.031007751937984496 0.6968915906379466 0.6928267366088495
517 0.030947775628626693 0.6969781328303387 0.6928267366088495
518 0.03088803088803089 0.6970644216316562 0.6928267366088495
519 0.030828516377649325 0.6971504582761253 0.6928267366088495
520 0.03076923076923077 0.6972362439895724 0.6928267366088495
521 0.03262955854126679 0.6945813653129636 0.6928267366088495
522 0.032567049808429116 0.6946693647363562 0.6928267366088495
523 0.032504780114722756 0.6947571088212183 0.6928267366088495
524 0.03244274809160305 0.6948445988001011 0.6928267366088495
525 0.03238095238095238 0.6949318358972411 0.6928267366088495
526 0.03231939163498099 0.6950188213286327 0.6928267366088495
527 0.03225806451612903 0.6951055563020992 0.6928267366088495
528 0.032196969696969696 0.6951920420173632 0.6928267366088495
529 0.03213610586011342 0.6952782796661164 0.6928267366088495
530 0.03207547169811321 0.6953642704320884 0.6928267366088495
531 0.03389830508474576 0.6928125053745197 0.6928267366088495
532 0.03383458646616541 0.6929005703085868 0.6928267366088495
533 0.03377110694183865 0.6929883843984526 0.6928267366088495
534 0.035580524344569285 0.6905157212212596 0.6928267366088495
535 0.03551401869158879 0.690605516811239 0.6928267366088495
536 0.03544776119402985 0.6906950579088126 0.6928267366088495
537 0.035381750465549346 0.6907843457139612 0.6928267366088495
538 0.03531598513011153 0.6908733814187586 0.6928267366088495
539 0.03525046382189239 0.6909621662074381 0.6928267366088495
540 0.03518518518518519 0.6910507012564583 0.6928267366088495
541 0.03512014787430684 0.6911389877345693 0.6928267366088495
542 0.03505535055350553 0.6912270268028768 0.6928267366088495
543 0.034990791896869246 0.6913148196149072 0.6928267366088495
544 0.034926470588235295 0.6914023673166699 0.6928267366088495
545 0.03486238532110092 0.6914896710467213 0.6928267366088495
546 0.0347985347985348 0.6915767319362266 0.6928267366088495
547 0.03473491773308958 0.6916635511090208 0.6928267366088495
548 0.03467153284671533 0.6917501296816706 0.6928267366088495
549 0.03460837887067395 0.6918364687635341 0.6928267366088495
550 0.034545454545454546 0.6919225694568212 0.6928267366088495
551 0.034482758620689655 0.6920084328566515 0.6928267366088495
552 0.034420289855072464 0.6920940600511143 0.6928267366088495
553 0.034358047016274866 0.6921794521213254 0.6928267366088495
554 0.03429602888086643 0.6922646101414852 0.6928267366088495
555 0.03423423423423423 0.692349535178935 0.6928267366088495
556 0.0341726618705036 0.6924342282942133 0.6928267366088495
557 0.03411131059245961 0.6925186905411119 0.6928267366088495
558 0.034050179211469536 0.6926029229667302 0.6928267366088495
559 0.03398926654740608 0.6926869266115304 0.6928267366088495
560 0.033928571428571426 0.6927707025093913 0.6928267366088495
561 0.0338680926916221 0.6928542516876617 0.6928267366088495
562 0.033807829181494664 0.6929375751672133 0.6928267366088495
563 0.03374777975133215 0.6930206739624934 0.6928267366088495
564 0.03368794326241135 0.6931035490815765 0.6928267366088495
565 0.033628318584070796 0.6931862015262157 0.6928267366088495
566 0.03356890459363958 0.6932686322918935 0.6928267366088495
567 0.03350970017636684 0.6933508423678728 0.6928267366088495
568 0.03345070422535211 0.6934328327372461 0.6928267366088495
569 0.033391915641476276 0.6935146043769849 0.6928267366088495
570 0.03333333333333333 0.693596158257989 0.6928267366088495
571 0.03327495621716287 0.693677495345135 0.6928267366088495
572 0.033216783216783216 0.6937586165973235 0.6928267366088495
573 0.03315881326352531 0.6938395229675278 0.6928267366088495
574 0.033101045296167246 0.6939202154028398 0.6928267366088495
575 0.03304347826086956 0.694000694844517 0.6928267366088495
576 0.03298611111111111 0.6940809622280291 0.6928267366088495
577 0.03292894280762565 0.694161018483103 0.6928267366088495
578 0.0328719723183391 0.6942408645337683 0.6928267366088495
579 0.03281519861830743 0.6943205012984023 0.6928267366088495
580 0.032758620689655175 0.6943999296897743 0.6928267366088495
581 0.03270223752151463 0.694479150615089 0.6928267366088495
582 0.03264604810996564 0.6945581649760312 0.6928267366088495
583 0.032590051457975985 0.6946369736688077 0.6928267366088495
584 0.032534246575342464 0.6947155775841908 0.6928267366088495
585 0.03247863247863248 0.6947939776075605 0.6928267366088495
586 0.032423208191126277 0.6948721746189457 0.6928267366088495
587 0.03236797274275979 0.6949501694930669 0.6928267366088495
588 0.03231292517006803 0.6950279630993764 0.6928267366088495
589 0.03225806451612903 0.6951055563020992 0.6928267366088495
590 0.03220338983050847 0.6951829499602737 0.6928267366088495
591 0.032148900169204735 0.6952601449277913 0.6928267366088495
592 0.03209459459459459 0.6953371420534359 0.6928267366088495
593 0.03204047217537943 0.6954139421809236 0.6928267366088495
594 0.03198653198653199 0.6954905461489408 0.6928267366088495
595 0.031932773109243695 0.6955669547911838 0.6928267366088495
596 0.031879194630872486 0.6956431689363957 0.6928267366088495
597 0.031825795644891124 0.6957191894084048 0.6928267366088495
598 0.03177257525083612 0.6957950170261623 0.6928267366088495
599 0.03171953255425709 0.6958706526037783 0.6928267366088495
600 0.03166666666666667 0.6959460969505601 0.6928267366088495
601 0.03161397670549085 0.6960213508710469 0.6928267366088495
602 0.03156146179401993 0.6960964151650472 0.6928267366088495
603 0.03150912106135987 0.6961712906276737 0.6928267366088495
604 0.03145695364238411 0.6962459780493792 0.6928267366088495
605 0.03140495867768595 0.6963204782159911 0.6928267366088495
606 0.03135313531353135 0.6963947919087466 0.6928267366088495
607 0.03130148270181219 0.6964689199043272 0.6928267366088495
608 0.03125 0.6965428629748924 0.6928267366088495
609 0.031198686371100164 0.6966166218881136 0.6928267366088495
610 0.03114754098360656 0.6966901974072077 0.6928267366088495
611 0.031096563011456628 0.6967635902909703 0.6928267366088495
612 0.03104575163398693 0.6968368012938088 0.6928267366088495
613 0.03099510603588907 0.6969098311657741 0.6928267366088495
614 0.030944625407166124 0.696982680652594 0.6928267366088495
615 0.030894308943089432 0.6970553504957046 0.6928267366088495
616 0.030844155844155844 0.6971278414322819 0.6928267366088495
617 0.03079416531604538 0.6972001541952736 0.6928267366088495
618 0.030744336569579287 0.69727228951343 0.6928267366088495
619 0.030694668820678513 0.697344248111335 0.6928267366088495
620 0.03064516129032258 0.6974160307094363 0.6928267366088495
621 0.030595813204508857 0.6974876380240762 0.6928267366088495
622 0.03054662379421222 0.6975590707675217 0.6928267366088495
623 0.030497592295345103 0.6976303296479935 0.6928267366088495
624 0.030448717948717948 0.6977014153696962 0.6928267366088495
625 0.0304 0.6977723286328474 0.6928267366088495
626 0.03035143769968051 0.6978430701337066 0.6928267366088495
627 0.030303030303030304 0.6979136405646039 0.6928267366088495
628 0.030254777070063694 0.6979840406139685 0.6928267366088495
629 0.030206677265500796 0.6980542709663567 0.6928267366088495
630 0.03015873015873016 0.6981243323024808 0.6928267366088495
631 0.03169572107765452 0.6959046261764142 0.6928267366088495
632 0.03164556962025317 0.6959762213250154 0.6928267366088495
633 0.0315955766192733 0.6960476449031612 0.6928267366088495
634 0.031545741324921134 0.696118897595074 0.6928267366088495
635 0.031496062992125984 0.6961899800811613 0.6928267366088495
636 0.031446540880503145 0.6962608930380436 0.6928267366088495
637 0.03139717425431711 0.6963316371385813 0.6928267366088495
638 0.03134796238244514 0.6964022130519016 0.6928267366088495
639 0.03129890453834116 0.6964726214434253 0.6928267366088495
640 0.03125 0.6965428629748924 0.6928267366088495
641 0.031201248049921998 0.6966129383043893 0.6928267366088495
642 0.03115264797507788 0.6966828480863738 0.6928267366088495
643 0.03265940902021773 0.6945393707211164 0.6928267366088495
644 0.03260869565217391 0.69461072690147 0.6928267366088495
645 0.03255813953488372 0.6946819152097554 0.6928267366088495
646 0.032507739938080496 0.6947529363032311 0.6928267366088495
647 0.03245749613601236 0.694823790835558 0.6928267366088495
648 0.032407407407407406 0.694894479456825 0.6928267366088495
649 0.032357473035439135 0.694965002813574 0.6928267366088495
650 0.03230769230769231 0.6950353615488247 0.6928267366088495
651 0.03225806451612903 0.6951055563020992 0.6928267366088495
652 0.032208588957055216 0.6951755877094467 0.6928267366088495
653 0.03215926493108729 0.6952454564034671 0.6928267366088495
654 0.03211009174311927 0.6953151630133356 0.6928267366088495
655 0.03206106870229008 0.6953847081648266 0.6928267366088495
656 0.03201219512195122 0.6954540924803364 0.6928267366088495
657 0.0319634703196347 0.6955233165789076 0.6928267366088495
658 0.031914893617021274 0.695592381076252 0.6928267366088495
659 0.03186646433990895 0.6956612865847733 0.6928267366088495
660 0.031818181818181815 0.6957300337135903 0.6928267366088495
661 0.03177004538577912 0.6957986230685592 0.6928267366088495
662 0.03172205438066465 0.6958670552522963 0.6928267366088495
663 0.03167420814479638 0.6959353308642002 0.6928267366088495
664 0.03162650602409638 0.6960034505004739 0.6928267366088495
665 0.031578947368421054 0.6960714147541461 0.6928267366088495
666 0.03153153153153153 0.696139224215094 0.6928267366088495
667 0.031484257871064465 0.6962068794700639 0.6928267366088495
668 0.03143712574850299 0.6962743811026927 0.6928267366088495
669 0.03139013452914798 0.6963417296935294 0.6928267366088495
670 0.03134328358208955 0.6964089258200555 0.6928267366088495
671 0.03129657228017884 0.6964759700567066 0.6928267366088495
672 0.03125 0.6965428629748924 0.6928267366088495
673 0.031203566121842496 0.6966096051430173 0.6928267366088495
674 0.032640949554896145 0.6945653378879079 0.6928267366088495
675 0.03259259259259259 0.6946333959046987 0.6928267366088495
676 0.03254437869822485 0.694701301154605 0.6928267366088495
677 0.03249630723781388 0.694769054208344 0.6928267366088495
678 0.032448377581120944 0.6948366556336524 0.6928267366088495
679 0.03240058910162003 0.694904105995306 0.6928267366088495
680 0.03235294117647059 0.6949714058551397 0.6928267366088495
681 0.032305433186490456 0.6950385557720669 0.6928267366088495
682 0.03225806451612903 0.6951055563020992 0.6928267366088495
683 0.032210834553440704 0.6951724079983659 0.6928267366088495
684 0.03216374269005848 0.6952391114111326 0.6928267366088495
685 0.032116788321167884 0.695305667087821 0.6928267366088495
686 0.03206997084548105 0.6953720755730273 0.6928267366088495
687 0.03202328966521106 0.6954383374085408 0.6928267366088495
688 0.03197674418604651 0.6955044531333631 0.6928267366088495
689 0.03193033381712627 0.6955704232837256 0.6928267366088495
690 0.03188405797101449 0.6956362483931089 0.6928267366088495
691 0.03183791606367583 0.6957019289922599 0.6928267366088495
692 0.031791907514450865 0.6957674656092102 0.6928267366088495
693 0.031746031746031744 0.6958328587692941 0.6928267366088495
694 0.03170028818443804 0.695898108995166 0.6928267366088495
695 0.031654676258992806 0.6959632168068183 0.6928267366088495
696 0.031609195402298854 0.6960281827215983 0.6928267366088495
697 0.03156384505021521 0.6960930072542258 0.6928267366088495
698 0.03151862464183381 0.6961576909168105 0.6928267366088495
699 0.031473533619456366 0.6962222342188682 0.6928267366088495
700 0.032857142857142856 0.6942616594817645 0.6928267366088495
701 0.03281027104136947 0.6943274163738632 0.6928267366088495
702 0.03276353276353276 0.6943930311220362 0.6928267366088495
703 0.032716927453769556 0.6944585042377086 0.6928267366088495
704 0.032670454545454544 0.6945238362297327 0.6928267366088495
705 0.032624113475177303 0.6945890276044046 0.6928267366088495
706 0.032577903682719546 0.6946540788654811 0.6928267366088495
707 0.03253182461103253 0.6947189905141957 0.6928267366088495
708 0.03248587570621469 0.694783763049275 0.6928267366088495
709 0.03244005641748942 0.6948483969669547 0.6928267366088495
710 0.0323943661971831 0.6949128927609952 0.6928267366088495
711 0.03234880450070324 0.6949772509226986 0.6928267366088495
712 0.032303370786516857 0.695041471940923 0.6928267366088495
713 0.03225806451612903 0.6951055563020992 0.6928267366088495
714 0.03221288515406162 0.6951695044902456 0.6928267366088495
715 0.032167832167832165 0.6952333169869838 0.6928267366088495
716 0.03212290502793296 0.6952969942715533 0.6928267366088495
717 0.03207810320781032 0.6953605368208279 0.6928267366088495
718 0.03203342618384401 0.6954239451093293 0.6928267366088495
719 0.031988873435326845 0.6954872196092425 0.6928267366088495
720 0.03194444444444444 0.6955503607904313 0.6928267366088495
721 0.0319001386962552 0.6956133691204515 0.6928267366088495
722 0.03185595567867036 0.6956762450645667 0.6928267366088495
723 0.0318118948824343 0.6957389890857624 0.6928267366088495
724 0.031767955801104975 0.6958016016447598 0.6928267366088495
725 0.031724137931034485 0.6958640832000308 0.6928267366088495
726 0.03168044077134986 0.6959264342078115 0.6928267366088495
727 0.03163686382393398 0.6959886551221167 0.6928267366088495
728 0.03159340659340659 0.6960507463947532 0.6928267366088495
729 0.03155006858710562 0.696112708475334 0.6928267366088495
730 0.031506849315068496 0.696174541811292 0.6928267366088495
731 0.03146374829001368 0.6962362468478934 0.6928267366088495
732 0.031420765027322405 0.6962978240282514 0.6928267366088495
733 0.03137789904502047 0.6963592737933388 0.6928267366088495
734 0.0326975476839237 0.6944857430223821 0.6928267366088495
735 0.0326530612244898 0.694548299446718 0.6928267366088495
736 0.03260869565217391 0.69461072690147 0.6928267366088495
737 0.032564450474898234 0.6946730258292239 0.6928267366088495
738 0.032520325203252036 0.6947351966704423 0.6928267366088495
739 0.03247631935047361 0.694797239863477 0.6928267366088495
740 0.032432432432432434 0.6948591558445822 0.6928267366088495
741 0.032388663967611336 0.6949209450479278 0.6928267366088495
742 0.03234501347708895 0.6949826079056112 0.6928267366088495
743 0.033647375504710635 0.6931597769101323 0.6928267366088495
744 0.033602150537634407 0.693222498315318 0.6928267366088495
745 0.0348993288590604 0.6914393332191545 0.6928267366088495
746 0.03485254691689008 0.691503080807693 0.6928267366088495
747 0.03480589022757698 0.6915666988063691 0.6928267366088495
748 0.034759358288770054 0.6916301876537015 0.6928267366088495
749 0.03471295060080107 0.6916935477861337 0.6928267366088495
750 0.034666666666666665 0.6917567796380467 0.6928267366088495
751 0.03462050599201065 0.6918198836417723 0.6928267366088495
752 0.034574468085106384 0.6918828602276043 0.6928267366088495
753 0.034528552456839307 0.691945709823812 0.6928267366088495
754 0.034482758620689655 0.6920084328566515 0.6928267366088495
755 0.03443708609271523 0.6920710297503787 0.6928267366088495
756 0.03439153439153439 0.6921335009272608 0.6928267366088495
757 0.034346103038309116 0.692195846807588 0.6928267366088495
758 0.03430079155672823 0.6922580678096865 0.6928267366088495
759 0.034255599472990776 0.6923201643499287 0.6928267366088495
760 0.034210526315789476 0.6923821368427466 0.6928267366088495
761 0.03416557161629435 0.692443985700642 0.6928267366088495
762 0.03412073490813648 0.6925057113341991 0.6928267366088495
763 0.03407601572739188 0.6925673141520952 0.6928267366088495
764 0.034031413612565446 0.6926287945611124 0.6928267366088495
765 0.03398692810457516 0.6926901529661488 0.6928267366088495
766 0.03524804177545692 0.6909654497296192 0.6928267366088495
767 0.035202086049543675 0.6910277716404662 0.6928267366088495
768 0.03515625 0.6910899703097463 0.6928267366088495
769 0.036410923276983094 0.6894012498707559 0.6928267366088495
770 0.03636363636363636 0.6894643826546027 0.6928267366088495
771 0.03631647211413749 0.6895273910281948 0.6928267366088495
772 0.03626943005181347 0.6895902753996533 0.6928267366088495
773 0.03622250970245795 0.6896530361752277 0.6928267366088495
774 0.037467700258397935 0.6880004923371235 0.6928267366088495
775 0.03741935483870968 0.6880641563306622 0.6928267366088495
776 0.037371134020618556 0.6881276956290897 0.6928267366088495
777 0.03732303732303732 0.6881911106389835 0.6928267366088495
778 0.037275064267352186 0.688254401765068 0.6928267366088495
779 0.037227214377406934 0.688317569410224 0.6928267366088495
780 0.03717948717948718 0.6883806139755007 0.6928267366088495
781 0.03713188220230474 0.6884435358601253 0.6928267366088495
782 0.0370843989769821 0.6885063354615145 0.6928267366088495
783 0.037037037037037035 0.688569013175285 0.6928267366088495
784 0.036989795918367346 0.688631569395263 0.6928267366088495
785 0.03694267515923567 0.6886940045134962 0.6928267366088495
786 0.03689567430025445 0.6887563189202622 0.6928267366088495
787 0.036848792884371026 0.6888185130040806 0.6928267366088495
788 0.03680203045685279 0.6888805871517221 0.6928267366088495
789 0.036755386565272496 0.6889425417482187 0.6928267366088495
790 0.03670886075949367 0.6890043771768741 0.6928267366088495
791 0.03666245259165613 0.6890660938192734 0.6928267366088495
792 0.036616161616161616 0.689127692055293 0.6928267366088495
793 0.03656998738965952 0.6891891722631107 0.6928267366088495
794 0.036523929471032744 0.6892505348192148 0.6928267366088495
795 0.03647798742138365 0.6893117800984147 0.6928267366088495
796 0.0364321608040201 0.6893729084738498 0.6928267366088495
797 0.03638644918444166 0.6894339203169993 0.6928267366088495
798 0.03634085213032581 0.6894948159976921 0.6928267366088495
799 0.03629536921151439 0.689555595884115 0.6928267366088495
800 0.03625 0.6896162603428235 0.6928267366088495
801 0.03620474406991261 0.6896768097387505 0.6928267366088495
802 0.03615960099750624 0.6897372444352148 0.6928267366088495
803 0.0361145703611457 0.6897975647939318 0.6928267366088495
804 0.036069651741293535 0.6898577711750212 0.6928267366088495
805 0.03602484472049689 0.6899178639370166 0.6928267366088495
806 0.03598014888337469 0.6899778434368746 0.6928267366088495
807 0.03593556381660471 0.6900377100299835 0.6928267366088495
808 0.03589108910891089 0.6900974640701724 0.6928267366088495
809 0.03584672435105068 0.6901571059097192 0.6928267366088495
810 0.037037037037037035 0.688569013175285 0.6928267366088495
811 0.036991368680641186 0.6886294861411849 0.6928267366088495
812 0.03694581280788178 0.6886898459320562 0.6928267366088495
813 0.03690036900369004 0.688750092900515 0.6928267366088495
814 0.036855036855036855 0.6888102273976416 0.6928267366088495
815 0.03680981595092025 0.6888702497729882 0.6928267366088495
816 0.03676470588235294 0.6889301603745877 0.6928267366088495
817 0.03671970624235006 0.6889899595489622 0.6928267366088495
818 0.03667481662591687 0.689049647641132 0.6928267366088495
819 0.03663003663003663 0.6891092249946227 0.6928267366088495
820 0.036585365853658534 0.6891686919514748 0.6928267366088495
821 0.03654080389768575 0.689228048852251 0.6928267366088495
822 0.0364963503649635 0.689287296036045 0.6928267366088495
823 0.03645200486026731 0.6893464338404894 0.6928267366088495
824 0.03640776699029126 0.6894054626017638 0.6928267366088495
825 0.03636363636363636 0.6894643826546027 0.6928267366088495
826 0.03631961259079903 0.689523194332304 0.6928267366088495
827 0.037484885126964934 0.6879778718372562 0.6928267366088495
828 0.03743961352657005 0.6880374737318071 0.6928267366088495
829 0.03739445114595899 0.6880969663522383 0.6928267366088495
830 0.03734939759036145 0.6881563500320906 0.6928267366088495
831 0.03730445246690734 0.6882156251034819 0.6928267366088495
832 0.037259615384615384 0.6882747918971136 0.6928267366088495
833 0.03721488595438175 0.6883338507422787 0.6928267366088495
834 0.03717026378896882 0.6883928019668705 0.6928267366088495
835 0.037125748502994015 0.6884516458973885 0.6928267366088495
836 0.03708133971291866 0.6885103828589477 0.6928267366088495
837 0.037037037037037035 0.688569013175285 0.6928267366088495
838 0.03699284009546539 0.6886275371687672 0.6928267366088495
839 0.03694874851013111 0.6886859551603983 0.6928267366088495
840 0.036904761904761905 0.6887442674698271 0.6928267366088495
841 0.036860879904875146 0.6888024744153542 0.6928267366088495
842 0.03681710213776722 0.6888605763139395 0.6928267366088495
843 0.036773428232502965 0.6889185734812098 0.6928267366088495
844 0.03672985781990521 0.6889764662314649 0.6928267366088495
845 0.036686390532544376 0.6890342548776864 0.6928267366088495
846 0.03664302600472813 0.6890919397315433 0.6928267366088495
847 0.03659976387249114 0.6891495211033999 0.6928267366088495
848 0.036556603773584904 0.6892069993023225 0.6928267366088495
849 0.03651354534746761 0.6892643746360867 0.6928267366088495
850 0.036470588235294116 0.6893216474111837 0.6928267366088495
851 0.036427732079905996 0.6893788179328282 0.6928267366088495
852 0.036384976525821594 0.6894358865049639 0.6928267366088495
853 0.03634232121922626 0.6894928534302714 0.6928267366088495
854 0.03629976580796253 0.6895497190101746 0.6928267366088495
855 0.03625730994152047 0.6896064835448469 0.6928267366088495
856 0.036214953271028034 0.689663147333219 0.6928267366088495
857 0.03617269544924154 0.6897197106729842 0.6928267366088495
858 0.03613053613053613 0.689776173860606 0.6928267366088495
859 0.03608847497089639 0.6898325371913239 0.6928267366088495
860 0.03604651162790698 0.6898888009591605 0.6928267366088495
861 0.036004645760743324 0.6899449654569275 0.6928267366088495
862 0.03596287703016241 0.6900010309762322 0.6928267366088495
863 0.03592120509849363 0.6900569978074842 0.6928267366088495
864 0.03587962962962963 0.690112866239901 0.6928267366088495
865 0.035838150289017344 0.6901686365615151 0.6928267366088495
866 0.03579676674364896 0.6902243090591798 0.6928267366088495
867 0.03575547866205306 0.6902798840185751 0.6928267366088495
868 0.03571428571428571 0.690335361724215 0.6928267366088495
869 0.03567318757192175 0.6903907424594519 0.6928267366088495
870 0.035632183908045977 0.6904460265064843 0.6928267366088495
871 0.03559127439724455 0.6905012141463619 0.6928267366088495
872 0.03555045871559633 0.690556305658992 0.6928267366088495
873 0.03665521191294387 0.6890757263391317 0.6928267366088495
874 0.036613272311212815 0.6891315380222243 0.6928267366088495
875 0.036571428571428574 0.6891872527894318 0.6928267366088495
876 0.0365296803652968 0.6892428709209529 0.6928267366088495
877 0.036488027366020526 0.6892983926958525 0.6928267366088495
878 0.03644646924829157 0.6893538183920686 0.6928267366088495
879 0.03640500568828214 0.6894091482864182 0.6928267366088495
880 0.03636363636363636 0.6894643826546027 0.6928267366088495
881 0.036322360953461974 0.6895195217712141 0.6928267366088495
882 0.036281179138321996 0.6895745659097401 0.6928267366088495
883 0.0362400906002265 0.6896295153425703 0.6928267366088495
884 0.03619909502262444 0.6896843703410019 0.6928267366088495
885 0.03615819209039548 0.6897391311752452 0.6928267366088495
886 0.03611738148984198 0.6897937981144289 0.6928267366088495
887 0.036076662908680945 0.6898483714266062 0.6928267366088495
888 0.036036036036036036 0.6899028513787598 0.6928267366088495
889 0.0359955005624297 0.689957238236808 0.6928267366088495
890 0.035955056179775284 0.6900115322656094 0.6928267366088495
891 0.03591470258136925 0.6900657337289691 0.6928267366088495
892 0.03587443946188341 0.6901198428896432 0.6928267366088495
893 0.03583426651735722 0.6901738600093452 0.6928267366088495
894 0.035794183445190156 0.6902277853487505 0.6928267366088495
895 0.035754189944134075 0.6902816191675019 0.6928267366088495
896 0.03571428571428571 0.690335361724215 0.6928267366088495
897 0.03567447045707915 0.6903890132764833 0.6928267366088495
898 0.035634743875278395 0.6904425740808835 0.6928267366088495
899 0.035595105672969966 0.6904960443929806 0.6928267366088495
900 0.035555555555555556 0.6905494244673328 0.6928267366088495
901 0.03551609322974473 0.6906027145574969 0.6928267366088495
902 0.03547671840354767 0.6906559149160335 0.6928267366088495
903 0.035437430786267994 0.6907090257945112 0.6928267366088495
904 0.035398230088495575 0.6907620474435129 0.6928267366088495
905 0.03535911602209945 0.6908149801126393 0.6928267366088495
906 0.03532008830022075 0.6908678240505154 0.6928267366088495
907 0.03528114663726571 0.6909205795047938 0.6928267366088495
908 0.03524229074889868 0.6909732467221609 0.6928267366088495
909 0.0352035203520352 0.691025825948341 0.6928267366088495
910 0.035164835164835165 0.6910783174281017 0.6928267366088495
911 0.03512623490669594 0.6911307214052574 0.6928267366088495
912 0.03508771929824561 0.6911830381226762 0.6928267366088495
913 0.03504928806133625 0.6912352678222825 0.6928267366088495
914 0.0350109409190372 0.691287410745063 0.6928267366088495
915 0.034972677595628415 0.6913394671310709 0.6928267366088495
916 0.034934497816593885 0.6913914372194305 0.6928267366088495
917 0.03489640130861505 0.6914433212483423 0.6928267366088495
918 0.034858387799564274 0.6914951194550869 0.6928267366088495
919 0.03482045701849837 0.6915468320760302 0.6928267366088495
920 0.034782608695652174 0.6915984593466271 0.6928267366088495
921 0.03474484256243214 0.6916500015014271 0.6928267366088495
922 0.03470715835140998 0.6917014587740778 0.6928267366088495
923 0.03466955579631636 0.6917528313973301 0.6928267366088495
924 0.03463203463203463 0.6918041196030421 0.6928267366088495
925 0.034594594594594595 0.6918553236221835 0.6928267366088495
926 0.03455723542116631 0.6919064436848403 0.6928267366088495
927 0.034519956850053934 0.6919574800202193 0.6928267366088495
928 0.034482758620689655 0.6920084328566515 0.6928267366088495
929 0.03444564047362755 0.6920593024215976 0.6928267366088495
930 0.035483870967741936 0.690646248786472 0.6928267366088495
931 0.03544575725026853 0.6906977673153112 0.6928267366088495
932 0.03540772532188841 0.6907492018906849 0.6928267366088495
933 0.03536977491961415 0.6908005527403867 0.6928267366088495
934 0.035331905781584586 0.6908518200913457 0.6928267366088495
935 0.03529411764705882 0.6909030041696311 0.6928267366088495
936 0.035256410256410256 0.6909541052004557 0.6928267366088495
937 0.035218783351120594 0.6910051234081804 0.6928267366088495
938 0.035181236673773986 0.6910560590163185 0.6928267366088495
939 0.03514376996805112 0.6911069122475396 0.6928267366088495
940 0.035106382978723406 0.6911576833236736 0.6928267366088495
941 0.03506907545164718 0.691208372465715 0.6928267366088495
942 0.03503184713375796 0.6912589798938267 0.6928267366088495
943 0.03499469777306469 0.6913095058273445 0.6928267366088495
944 0.034957627118644065 0.6913599504847806 0.6928267366088495
945 0.03492063492063492 0.6914103140838275 0.6928267366088495
946 0.03488372093023256 0.6914605968413624 0.6928267366088495
947 0.03484688489968321 0.6915107989734508 0.6928267366088495
948 0.03481012658227848 0.6915609206953508 0.6928267366088495
949 0.03477344573234984 0.6916109622215162 0.6928267366088495
950 0.034736842105263156 0.6916609237656011 0.6928267366088495
951 0.03470031545741325 0.6917108055404635 0.6928267366088495
952 0.03466386554621849 0.6917606077581689 0.6928267366088495
953 0.03462749213011543 0.6918103306299945 0.6928267366088495
954 0.03459119496855346 0.6918599743664325 0.6928267366088495
955 0.03455497382198953 0.6919095391771943 0.6928267366088495
956 0.034518828451882845 0.6919590252712139 0.6928267366088495
957 0.034482758620689655 0.6920084328566515 0.6928267366088495
958 0.03444676409185804 0.6920577621408976 0.6928267366088495
959 0.03441084462982273 0.6921070133305767 0.6928267366088495
960 0.034375 0.69215618663155 0.6928267366088495
961 0.03433922996878252 0.6922052822489202 0.6928267366088495
962 0.034303534303534305 0.6922543003870345 0.6928267366088495
963 0.03426791277258567 0.692303241249488 0.6928267366088495
964 0.03423236514522822 0.692352105039128 0.6928267366088495
965 0.03419689119170984 0.6924008919580567 0.6928267366088495
966 0.034161490683229816 0.6924496022076347 0.6928267366088495
967 0.03412616339193381 0.6924982359884859 0.6928267366088495
968 0.03409090909090909 0.692546793500499 0.6928267366088495
969 0.034055727554179564 0.6925952749428319 0.6928267366088495
970 0.03402061855670103 0.6926436805139157 0.6928267366088495
971 0.03398558187435633 0.6926920104114569 0.6928267366088495
972 0.033950617283950615 0.692740264832442 0.6928267366088495
973 0.03391572456320658 0.6927884439731398 0.6928267366088495
974 0.033880903490759756 0.6928365480291052 0.6928267366088495
975 0.033846153846153845 0.6928845771951831 0.6928267366088495
976 0.03381147540983607 0.6929325316655108 0.6928267366088495
977 0.033776867963152504 0.6929804116335218 0.6928267366088495
978 0.03374233128834356 0.6930282172919485 0.6928267366088495
979 0.033707865168539325 0.6930759488328269 0.6928267366088495
980 0.0336734693877551 0.6931236064474978 0.6928267366088495
981 0.03363914373088685 0.6931711903266121 0.6928267366088495
982 0.03360488798370672 0.6932187006601321 0.6928267366088495
983 0.0335707019328586 0.6932661376373361 0.6928267366088495
984 0.03353658536585366 0.6933135014468209 0.6928267366088495
985 0.03350253807106599 0.6933607922765053 0.6928267366088495
986 0.033468559837728194 0.6934080103136326 0.6928267366088495
987 0.03343465045592705 0.6934551557447745 0.6928267366088495
988 0.03340080971659919 0.6935022287558336 0.6928267366088495
989 0.033367037411526794 0.693549229532047 0.6928267366088495
990 0.03333333333333333 0.693596158257989 0.6928267366088495
991 0.033299697275479316 0.6936430151175741 0.6928267366088495
992 0.03326612903225806 0.6936898002940602 0.6928267366088495
993 0.03323262839879154 0.6937365139700518 0.6928267366088495
994 0.03319919517102616 0.6937831563275023 0.6928267366088495
995 0.033165829145728645 0.693829727547718 0.6928267366088495
996 0.03313253012048193 0.69387622781136 0.6928267366088495
997 0.033099297893681046 0.6939226572984482 0.6928267366088495
998 0.033066132264529056 0.6939690161883629 0.6928267366088495
999 0.03303303303303303 0.6940153046598495 0.6928267366088495
1000 0.034 0.6926721190173802 0.6928267366088495
