# parameters:
#  num_nodes=4, num_iters=1000, ntest=3, state=ghz
# columns:
#  iteration   running_frequency   running_estimation   average_phase
1 0.0 0.7853981633974483 0.6401054565452874
2 0.0 0.7853981633974483 0.6401054565452874
3 0.0 0.7853981633974483 0.6401054565452874
4 0.0 0.7853981633974483 0.6401054565452874
5 0.0 0.7853981633974483 0.6401054565452874
6 0.0 0.7853981633974483 0.6401054565452874
7 0.0 0.7853981633974483 0.6401054565452874
8 0.125 0.0 0.6401054565452874
9 0.1111111111111111 0.16991845472706102 0.6401054565452874
10 0.1 0.23182380450040302 0.6401054565452874
11 0.09090909090909091 0.27473362237881366 0.6401054565452874
12 0.08333333333333333 0.3077398543351937 0.6401054565452874
13 0.07692307692307693 0.33448203713420355 0.6401054565452874
14 0.07142857142857142 0.35686218947238285 0.6401054565452874
15 0.06666666666666667 0.37602004459616784 0.6401054565452874
16 0.0625 0.39269908169872414 0.6401054565452874
17 0.058823529411764705 0.40741345818549446 0.6401054565452874
18 0.05555555555555555 0.42053433528396517 0.6401054565452874
19 0.05263157894736842 0.4323386518581491 0.6401054565452874
20 0.05 0.44303856189630686 0.6401054565452874
21 0.047619047619047616 0.452800135891039 0.6401054565452874
22 0.045454545454545456 0.46175573938962206 0.6401054565452874
23 0.043478260869565216 0.47001250698060426 0.6401054565452874
24 0.041666666666666664 0.47765830906225465 0.6401054565452874
25 0.04 0.48476605505788417 0.6401054565452874
26 0.038461538461538464 0.4913968616236645 0.6401054565452874
27 0.037037037037037035 0.49760242759118517 0.6401054565452874
28 0.03571428571428571 0.5034268427171339 0.6401054565452874
29 0.034482758620689655 0.5089079847605753 0.6401054565452874
30 0.03333333333333333 0.514078612272622 0.6401054565452874
31 0.03225806451612903 0.5189672291351908 0.6401054565452874
32 0.03125 0.5235987755982989 0.6401054565452874
33 0.030303030303030304 0.5279951858375429 0.6401054565452874
34 0.029411764705882353 0.5321758416906981 0.6401054565452874
35 0.02857142857142857 0.5361579448287318 0.6401054565452874
36 0.027777777777777776 0.5399568242527927 0.6401054565452874
37 0.02702702702702703 0.5435861920729678 0.6401054565452874
38 0.02631578947368421 0.5470583576025632 0.6401054565452874
39 0.02564102564102564 0.5503844076086379 0.6401054565452874
40 0.025 0.5535743588970452 0.6401054565452874
41 0.024390243902439025 0.5566372881381657 0.6401054565452874
42 0.023809523809523808 0.5595814428576824 0.6401054565452874
43 0.023255813953488372 0.5624143367527734 0.6401054565452874
44 0.022727272727272728 0.5651428318950991 0.6401054565452874
45 0.022222222222222223 0.5677732099089656 0.6401054565452874
46 0.021739130434782608 0.5703112338370292 0.6401054565452874
47 0.02127659574468085 0.5727622021050938 0.6401054565452874
48 0.020833333333333332 0.5751309957554658 0.6401054565452874
49 0.02040816326530612 0.5774221199223946 0.6401054565452874
50 0.02 0.5796397403637042 0.6401054565452874
51 0.0196078431372549 0.5817877157323377 0.6401054565452874
52 0.019230769230769232 0.5838696261643916 0.6401054565452874
53 0.018867924528301886 0.5858887986717722 0.6401054565452874
54 0.018518518518518517 0.5878483297542535 0.6401054565452874
55 0.01818181818181818 0.5897511055846624 0.6401054565452874
56 0.017857142857142856 0.591599820069858 0.6401054565452874
57 0.017543859649122806 0.5933969910473438 0.6401054565452874
58 0.017241379310344827 0.5951449748412658 0.6401054565452874
59 0.03389830508474576 0.5115302404561651 0.6401054565452874
60 0.03333333333333333 0.514078612272622 0.6401054565452874
61 0.03278688524590164 0.5165565368508452 0.6401054565452874
62 0.03225806451612903 0.5189672291351908 0.6401054565452874
63 0.031746031746031744 0.5213137005890208 0.6401054565452874
64 0.03125 0.5235987755982989 0.6401054565452874
65 0.03076923076923077 0.5258251062741868 0.6401054565452874
66 0.030303030303030304 0.5279951858375429 0.6401054565452874
67 0.029850746268656716 0.5301113607443463 0.6401054565452874
68 0.029411764705882353 0.5321758416906981 0.6401054565452874
69 0.028985507246376812 0.5341907136186002 0.6401054565452874
70 0.02857142857142857 0.5361579448287318 0.6401054565452874
71 0.028169014084507043 0.5380793952935369 0.6401054565452874
72 0.027777777777777776 0.5399568242527927 0.6401054565452874
73 0.0273972602739726 0.5417918971641755 0.6401054565452874
74 0.02702702702702703 0.5435861920729678 0.6401054565452874
75 0.02666666666666667 0.5453412054577489 0.6401054565452874
76 0.02631578947368421 0.5470583576025632 0.6401054565452874
77 0.025974025974025976 0.5487389975404852 0.6401054565452874
78 0.02564102564102564 0.5503844076086379 0.6401054565452874
79 0.02531645569620253 0.5519958076504339 0.6401054565452874
80 0.025 0.5535743588970452 0.6401054565452874
81 0.024691358024691357 0.5551211675567871 0.6401054565452874
82 0.024390243902439025 0.5566372881381657 0.6401054565452874
83 0.024096385542168676 0.5581237265297448 0.6401054565452874
84 0.023809523809523808 0.5595814428576824 0.6401054565452874
85 0.023529411764705882 0.561011354139743 0.6401054565452874
86 0.023255813953488372 0.5624143367527734 0.6401054565452874
87 0.022988505747126436 0.5637912287290049 0.6401054565452874
88 0.022727272727272728 0.5651428318950991 0.6401054565452874
89 0.02247191011235955 0.5664699138665585 0.6401054565452874
90 0.022222222222222223 0.5677732099089656 0.6401054565452874
91 0.02197802197802198 0.5690534246764722 0.6401054565452874
92 0.021739130434782608 0.5703112338370292 0.6401054565452874
93 0.021505376344086023 0.5715472855930059 0.6401054565452874
94 0.02127659574468085 0.5727622021050938 0.6401054565452874
95 0.021052631578947368 0.5739565808267056 0.6401054565452874
96 0.020833333333333332 0.5751309957554658 0.6401054565452874
97 0.020618556701030927 0.5762859986078338 0.6401054565452874
98 0.02040816326530612 0.5774221199223946 0.6401054565452874
99 0.020202020202020204 0.5785398700968968 0.6401054565452874
100 0.02 0.5796397403637042 0.6401054565452874
101 0.019801980198019802 0.5807222037079497 0.6401054565452874
102 0.0196078431372549 0.5817877157323377 0.6401054565452874
103 0.019417475728155338 0.582836715472234 0.6401054565452874
104 0.019230769230769232 0.5838696261643916 0.6401054565452874
105 0.01904761904761905 0.5848868559724085 0.6401054565452874
106 0.018867924528301886 0.5858887986717722 0.6401054565452874
107 0.018691588785046728 0.5868758342971337 0.6401054565452874
108 0.018518518518518517 0.5878483297542535 0.6401054565452874
109 0.01834862385321101 0.5888066393988804 0.6401054565452874
110 0.01818181818181818 0.5897511055846624 0.6401054565452874
111 0.018018018018018018 0.5906820591820295 0.6401054565452874
112 0.017857142857142856 0.591599820069858 0.6401054565452874
113 0.017699115044247787 0.5925046976015862 0.6401054565452874
114 0.017543859649122806 0.5933969910473438 0.6401054565452874
115 0.017391304347826087 0.5942769900135408 0.6401054565452874
116 0.017241379310344827 0.5951449748412658 0.6401054565452874
117 0.017094017094017096 0.59600121698475 0.6401054565452874
118 0.01694915254237288 0.5968459793710652 0.6401054565452874
119 0.01680672268907563 0.5976795167421521 0.6401054565452874
120 0.016666666666666666 0.5985020759801931 0.6401054565452874
121 0.01652892561983471 0.5993138964172853 0.6401054565452874
122 0.01639344262295082 0.600115210130301 0.6401054565452874
123 0.016260162601626018 0.6009062422217678 0.6401054565452874
124 0.016129032258064516 0.6016872110875475 0.6401054565452874
125 0.016 0.6024583286720399 0.6401054565452874
126 0.015873015873015872 0.6032198007115969 0.6401054565452874
127 0.015748031496062992 0.6039718269667849 0.6401054565452874
128 0.015625 0.6047146014440944 0.6401054565452874
129 0.015503875968992248 0.6054483126076623 0.6401054565452874
130 0.015384615384615385 0.6061731435815327 0.6401054565452874
131 0.015267175572519083 0.6068892723429546 0.6401054565452874
132 0.015151515151515152 0.6075968719071817 0.6401054565452874
133 0.015037593984962405 0.6082961105042132 0.6401054565452874
134 0.014925373134328358 0.6089871517478894 0.6401054565452874
135 0.014814814814814815 0.6096701547977292 0.6401054565452874
136 0.014705882352941176 0.6103452745138755 0.6401054565452874
137 0.014598540145985401 0.6110126616054948 0.6401054565452874
138 0.014492753623188406 0.6116724627729534 0.6401054565452874
139 0.014388489208633094 0.612324820844079 0.6401054565452874
140 0.014285714285714285 0.6129698749047953 0.6401054565452874
141 0.014184397163120567 0.6136077604244027 0.6401054565452874
142 0.014084507042253521 0.6142386093757642 0.6401054565452874
143 0.013986013986013986 0.6148625503506379 0.6401054565452874
144 0.013888888888888888 0.6154797086703874 0.6401054565452874
145 0.013793103448275862 0.6160902064922886 0.6401054565452874
146 0.0136986301369863 0.616694162911637 0.6401054565452874
147 0.013605442176870748 0.6172916940598507 0.6401054565452874
148 0.013513513513513514 0.6178829131987555 0.6401054565452874
149 0.013422818791946308 0.6184679308112241 0.6401054565452874
150 0.013333333333333334 0.6190468546883364 0.6401054565452874
151 0.013245033112582781 0.6196197900132184 0.6401054565452874
152 0.013157894736842105 0.6201868394417066 0.6401054565452874
153 0.013071895424836602 0.6207481031799812 0.6401054565452874
154 0.012987012987012988 0.6213036790593002 0.6401054565452874
155 0.012903225806451613 0.6218536626079629 0.6401054565452874
156 0.01282051282051282 0.6223981471206232 0.6401054565452874
157 0.012738853503184714 0.6229372237250664 0.6401054565452874
158 0.012658227848101266 0.6234709814465604 0.6401054565452874
159 0.012578616352201259 0.6239995072698834 0.6401054565452874
160 0.0125 0.6245228861991272 0.6401054565452874
161 0.012422360248447204 0.6250412013153702 0.6401054565452874
162 0.012345679012345678 0.6255545338323084 0.6401054565452874
163 0.012269938650306749 0.6260629631499307 0.6401054565452874
164 0.012195121951219513 0.6265665669063181 0.6401054565452874
165 0.012121212121212121 0.627065421027644 0.6401054565452874
166 0.012048192771084338 0.6275595997764507 0.6401054565452874
167 0.011976047904191617 0.6280491757982689 0.6401054565452874
168 0.011904761904761904 0.6285342201666506 0.6401054565452874
169 0.011834319526627219 0.6290148024266758 0.6401054565452874
170 0.011764705882352941 0.6294909906369959 0.6401054565452874
171 0.011695906432748537 0.6299628514104701 0.6401054565452874
172 0.011627906976744186 0.6304304499534524 0.6401054565452874
173 0.011560693641618497 0.6308938501037789 0.6401054565452874
174 0.011494252873563218 0.631353114367508 0.6401054565452874
175 0.011428571428571429 0.6318083039544619 0.6401054565452874
176 0.011363636363636364 0.6322594788126136 0.6401054565452874
177 0.011299435028248588 0.632706697661365 0.6401054565452874
178 0.011235955056179775 0.6331500180237578 0.6401054565452874
179 0.01675977653631285 0.5979549109760653 0.6401054565452874
180 0.016666666666666666 0.5985020759801931 0.6401054565452874
181 0.016574585635359115 0.5990444683331496 0.6401054565452874
182 0.016483516483516484 0.5995821571450227 0.6401054565452874
183 0.01639344262295082 0.600115210130301 0.6401054565452874
184 0.016304347826086956 0.6006436936439689 0.6401054565452874
185 0.016216216216216217 0.6011676727164652 0.6401054565452874
186 0.016129032258064516 0.6016872110875475 0.6401054565452874
187 0.016042780748663103 0.6022023712391014 0.6401054565452874
188 0.015957446808510637 0.6027132144269355 0.6401054565452874
189 0.015873015873015872 0.6032198007115969 0.6401054565452874
190 0.015789473684210527 0.6037221889882444 0.6401054565452874
191 0.015706806282722512 0.6042204370156116 0.6401054565452874
192 0.015625 0.6047146014440944 0.6401054565452874
193 0.015544041450777202 0.6052047378429931 0.6401054565452874
194 0.015463917525773196 0.6056909007269387 0.6401054565452874
195 0.015384615384615385 0.6061731435815327 0.6401054565452874
196 0.015306122448979591 0.6066515188882287 0.6401054565452874
197 0.015228426395939087 0.60712607814848 0.6401054565452874
198 0.015151515151515152 0.6075968719071817 0.6401054565452874
199 0.01507537688442211 0.6080639497754281 0.6401054565452874
200 0.015 0.6085273604526126 0.6401054565452874
201 0.014925373134328358 0.6089871517478894 0.6401054565452874
202 0.01485148514851485 0.6094433706010209 0.6401054565452874
203 0.014778325123152709 0.6098960631026293 0.6401054565452874
204 0.014705882352941176 0.6103452745138755 0.6401054565452874
205 0.014634146341463415 0.6107910492855809 0.6401054565452874
206 0.014563106796116505 0.6112334310768132 0.6401054565452874
207 0.014492753623188406 0.6116724627729534 0.6401054565452874
208 0.014423076923076924 0.6121081865032598 0.6401054565452874
209 0.014354066985645933 0.6125406436579471 0.6401054565452874
210 0.014285714285714285 0.6129698749047953 0.6401054565452874
211 0.014218009478672985 0.6133959202053042 0.6401054565452874
212 0.014150943396226415 0.6138188188304081 0.6401054565452874
213 0.014084507042253521 0.6142386093757642 0.6401054565452874
214 0.014018691588785047 0.6146553297766293 0.6401054565452874
215 0.013953488372093023 0.6150690173223367 0.6401054565452874
216 0.013888888888888888 0.6154797086703874 0.6401054565452874
217 0.013824884792626729 0.6158874398601661 0.6401054565452874
218 0.013761467889908258 0.6162922463262953 0.6401054565452874
219 0.0136986301369863 0.616694162911637 0.6401054565452874
220 0.013636363636363636 0.6170932238799551 0.6401054565452874
221 0.013574660633484163 0.617489462928247 0.6401054565452874
222 0.013513513513513514 0.6178829131987555 0.6401054565452874
223 0.013452914798206279 0.618273607290671 0.6401054565452874
224 0.013392857142857142 0.6186615772715323 0.6401054565452874
225 0.013333333333333334 0.6190468546883364 0.6401054565452874
226 0.01327433628318584 0.6194294705783661 0.6401054565452874
227 0.013215859030837005 0.6198094554797413 0.6401054565452874
228 0.013157894736842105 0.6201868394417066 0.6401054565452874
229 0.013100436681222707 0.6205616520346592 0.6401054565452874
230 0.013043478260869565 0.6209339223599263 0.6401054565452874
231 0.012987012987012988 0.6213036790593002 0.6401054565452874
232 0.01293103448275862 0.621670950324336 0.6401054565452874
233 0.012875536480686695 0.6220357639054215 0.6401054565452874
234 0.01282051282051282 0.6223981471206232 0.6401054565452874
235 0.01276595744680851 0.622758126864318 0.6401054565452874
236 0.012711864406779662 0.6231157296156123 0.6401054565452874
237 0.012658227848101266 0.6234709814465604 0.6401054565452874
238 0.012605042016806723 0.6238239080301822 0.6401054565452874
239 0.012552301255230125 0.6241745346482899 0.6401054565452874
240 0.0125 0.6245228861991272 0.6401054565452874
241 0.012448132780082987 0.6248689872048274 0.6401054565452874
242 0.012396694214876033 0.6252128618186935 0.6401054565452874
243 0.012345679012345678 0.6255545338323084 0.6401054565452874
244 0.012295081967213115 0.6258940266824761 0.6401054565452874
245 0.012244897959183673 0.6262313634580027 0.6401054565452874
246 0.012195121951219513 0.6265665669063181 0.6401054565452874
247 0.012145748987854251 0.6268996594399442 0.6401054565452874
248 0.012096774193548387 0.6272306631428153 0.6401054565452874
249 0.012048192771084338 0.6275595997764507 0.6401054565452874
250 0.012 0.6278864907859882 0.6401054565452874
251 0.01195219123505976 0.6282113573060795 0.6401054565452874
252 0.011904761904761904 0.6285342201666506 0.6401054565452874
253 0.011857707509881422 0.6288550998985337 0.6401054565452874
254 0.011811023622047244 0.629174016738971 0.6401054565452874
255 0.011764705882352941 0.6294909906369959 0.6401054565452874
256 0.01171875 0.6298060412586931 0.6401054565452874
257 0.011673151750972763 0.6301191879923435 0.6401054565452874
258 0.011627906976744186 0.6304304499534524 0.6401054565452874
259 0.011583011583011582 0.6307398459896698 0.6401054565452874
260 0.011538461538461539 0.6310473946856 0.6401054565452874
261 0.011494252873563218 0.631353114367508 0.6401054565452874
262 0.011450381679389313 0.6316570231079215 0.6401054565452874
263 0.011406844106463879 0.6319591387301348 0.6401054565452874
264 0.011363636363636364 0.6322594788126136 0.6401054565452874
265 0.011320754716981131 0.6325580606933062 0.6401054565452874
266 0.011278195488721804 0.6328549014738617 0.6401054565452874
267 0.011235955056179775 0.6331500180237578 0.6401054565452874
268 0.011194029850746268 0.6334434269843413 0.6401054565452874
269 0.011152416356877323 0.6337351447727825 0.6401054565452874
270 0.011111111111111112 0.6340251875859461 0.6401054565452874
271 0.01107011070110701 0.6343135714041812 0.6401054565452874
272 0.014705882352941176 0.6103452745138755 0.6401054565452874
273 0.014652014652014652 0.6106799253766468 0.6401054565452874
274 0.014598540145985401 0.6110126616054948 0.6401054565452874
275 0.014545454545454545 0.6113435014138 0.6401054565452874
276 0.014492753623188406 0.6116724627729534 0.6401054565452874
277 0.01444043321299639 0.6119995634164804 0.6401054565452874
278 0.014388489208633094 0.612324820844079 0.6401054565452874
279 0.014336917562724014 0.6126482523255752 0.6401054565452874
280 0.014285714285714285 0.6129698749047953 0.6401054565452874
281 0.014234875444839857 0.6132897054033606 0.6401054565452874
282 0.014184397163120567 0.6136077604244027 0.6401054565452874
283 0.014134275618374558 0.6139240563562041 0.6401054565452874
284 0.014084507042253521 0.6142386093757642 0.6401054565452874
285 0.014035087719298246 0.6145514354522936 0.6401054565452874
286 0.013986013986013986 0.6148625503506379 0.6401054565452874
287 0.013937282229965157 0.6151719696346316 0.6401054565452874
288 0.013888888888888888 0.6154797086703874 0.6401054565452874
289 0.01384083044982699 0.6157857826295167 0.6401054565452874
290 0.013793103448275862 0.6160902064922886 0.6401054565452874
291 0.013745704467353952 0.6163929950507255 0.6401054565452874
292 0.0136986301369863 0.616694162911637 0.6401054565452874
293 0.013651877133105802 0.6169937244995951 0.6401054565452874
294 0.013605442176870748 0.6172916940598507 0.6401054565452874
295 0.013559322033898305 0.6175880856611935 0.6401054565452874
296 0.013513513513513514 0.6178829131987555 0.6401054565452874
297 0.013468013468013467 0.6181761903967613 0.6401054565452874
298 0.013422818791946308 0.6184679308112241 0.6401054565452874
299 0.013377926421404682 0.618758147832591 0.6401054565452874
300 0.013333333333333334 0.6190468546883364 0.6401054565452874
301 0.013289036544850499 0.6193340644455073 0.6401054565452874
302 0.013245033112582781 0.6196197900132184 0.6401054565452874
303 0.013201320132013201 0.6199040441451013 0.6401054565452874
304 0.013157894736842105 0.6201868394417066 0.6401054565452874
305 0.013114754098360656 0.6204681883528612 0.6401054565452874
306 0.013071895424836602 0.6207481031799812 0.6401054565452874
307 0.013029315960912053 0.6210265960783408 0.6401054565452874
308 0.012987012987012988 0.6213036790593002 0.6401054565452874
309 0.012944983818770227 0.6215793639924914 0.6401054565452874
310 0.012903225806451613 0.6218536626079629 0.6401054565452874
311 0.012861736334405145 0.6221265864982866 0.6401054565452874
312 0.01282051282051282 0.6223981471206232 0.6401054565452874
313 0.012779552715654952 0.622668355798753 0.6401054565452874
314 0.012738853503184714 0.6229372237250664 0.6401054565452874
315 0.012698412698412698 0.623204761962521 0.6401054565452874
316 0.012658227848101266 0.6234709814465604 0.6401054565452874
317 0.012618296529968454 0.6237358929870013 0.6401054565452874
318 0.012578616352201259 0.6239995072698834 0.6401054565452874
319 0.012539184952978056 0.6242618348592889 0.6401054565452874
320 0.0125 0.6245228861991272 0.6401054565452874
321 0.012461059190031152 0.6247826716148893 0.6401054565452874
322 0.012422360248447204 0.6250412013153702 0.6401054565452874
323 0.01238390092879257 0.6252984853943603 0.6401054565452874
324 0.012345679012345678 0.6255545338323084 0.6401054565452874
325 0.012307692307692308 0.6258093564979538 0.6401054565452874
326 0.012269938650306749 0.6260629631499307 0.6401054565452874
327 0.012232415902140673 0.626315363438344 0.6401054565452874
328 0.012195121951219513 0.6265665669063181 0.6401054565452874
329 0.0121580547112462 0.6268165829915177 0.6401054565452874
330 0.012121212121212121 0.627065421027644 0.6401054565452874
331 0.012084592145015106 0.6273130902459032 0.6401054565452874
332 0.012048192771084338 0.6275595997764507 0.6401054565452874
333 0.012012012012012012 0.6278049586498102 0.6401054565452874
334 0.011976047904191617 0.6280491757982689 0.6401054565452874
335 0.011940298507462687 0.6282922600572479 0.6401054565452874
336 0.011904761904761904 0.6285342201666506 0.6401054565452874
337 0.011869436201780416 0.6287750647721868 0.6401054565452874
338 0.011834319526627219 0.6290148024266758 0.6401054565452874
339 0.011799410029498525 0.6292534415913263 0.6401054565452874
340 0.011764705882352941 0.6294909906369959 0.6401054565452874
341 0.011730205278592375 0.6297274578454279 0.6401054565452874
342 0.014619883040935672 0.6108797956989046 0.6401054565452874
343 0.014577259475218658 0.6111452240875083 0.6401054565452874
344 0.014534883720930232 0.6114094433906906 0.6401054565452874
345 0.014492753623188406 0.6116724627729534 0.6401054565452874
346 0.014450867052023121 0.6119342913017046 0.6401054565452874
347 0.01440922190201729 0.6121949379485785 0.6401054565452874
348 0.014367816091954023 0.6124544115907343 0.6401054565452874
349 0.014326647564469915 0.6127127210121334 0.6401054565452874
350 0.014285714285714285 0.6129698749047953 0.6401054565452874
351 0.014245014245014245 0.6132258818700329 0.6401054565452874
352 0.014204545454545454 0.6134807504196679 0.6401054565452874
353 0.014164305949008499 0.6137344889772254 0.6401054565452874
354 0.014124293785310734 0.6139871058791104 0.6401054565452874
355 0.014084507042253521 0.6142386093757642 0.6401054565452874
356 0.014044943820224719 0.614489007632802 0.6401054565452874
357 0.014005602240896359 0.614738308732133 0.6401054565452874
358 0.013966480446927373 0.614986520673061 0.6401054565452874
359 0.013927576601671309 0.6152336513733696 0.6401054565452874
360 0.013888888888888888 0.6154797086703874 0.6401054565452874
361 0.013850415512465374 0.6157247003220377 0.6401054565452874
362 0.013812154696132596 0.6159686340078722 0.6401054565452874
363 0.013774104683195593 0.6162115173300857 0.6401054565452874
364 0.013736263736263736 0.6164533578145179 0.6401054565452874
365 0.0136986301369863 0.616694162911637 0.6401054565452874
366 0.01366120218579235 0.6169339399975087 0.6401054565452874
367 0.013623978201634877 0.6171726963747505 0.6401054565452874
368 0.01358695652173913 0.61741043927347 0.6401054565452874
369 0.013550135501355014 0.6176471758521894 0.6401054565452874
370 0.013513513513513514 0.6178829131987555 0.6401054565452874
371 0.013477088948787063 0.6181176583312353 0.6401054565452874
372 0.013440860215053764 0.6183514181987974 0.6401054565452874
373 0.013404825737265416 0.6185841996825808 0.6401054565452874
374 0.013368983957219251 0.61881600959655 0.6401054565452874
375 0.013333333333333334 0.6190468546883364 0.6401054565452874
376 0.013297872340425532 0.6192767416400673 0.6401054565452874
377 0.013262599469496022 0.619505677069182 0.6401054565452874
378 0.013227513227513227 0.6197336675292366 0.6401054565452874
379 0.013192612137203167 0.6199607195106944 0.6401054565452874
380 0.013157894736842105 0.6201868394417066 0.6401054565452874
381 0.013123359580052493 0.6204120336888798 0.6401054565452874
382 0.013089005235602094 0.6206363085580324 0.6401054565452874
383 0.013054830287206266 0.6208596702949402 0.6401054565452874
384 0.013020833333333334 0.6210821250860692 0.6401054565452874
385 0.012987012987012988 0.6213036790593002 0.6401054565452874
386 0.012953367875647668 0.6215243382846394 0.6401054565452874
387 0.012919896640826873 0.6217441087749208 0.6401054565452874
388 0.01288659793814433 0.621962996486498 0.6401054565452874
389 0.012853470437017995 0.6221810073199239 0.6401054565452874
390 0.01282051282051282 0.6223981471206232 0.6401054565452874
391 0.01278772378516624 0.6226144216795527 0.6401054565452874
392 0.012755102040816327 0.622829836733853 0.6401054565452874
393 0.01272264631043257 0.6230443979674906 0.6401054565452874
394 0.012690355329949238 0.6232581110118908 0.6401054565452874
395 0.012658227848101266 0.6234709814465604 0.6401054565452874
396 0.015151515151515152 0.6075968719071817 0.6401054565452874
397 0.015113350125944584 0.6078308722627862 0.6401054565452874
398 0.01507537688442211 0.6080639497754281 0.6401054565452874
399 0.015037593984962405 0.6082961105042132 0.6401054565452874
400 0.015 0.6085273604526126 0.6401054565452874
401 0.014962593516209476 0.6087577055691181 0.6401054565452874
402 0.014925373134328358 0.6089871517478894 0.6401054565452874
403 0.01488833746898263 0.6092157048293911 0.6401054565452874
404 0.01485148514851485 0.6094433706010209 0.6401054565452874
405 0.014814814814814815 0.6096701547977292 0.6401054565452874
406 0.014778325123152709 0.6098960631026293 0.6401054565452874
407 0.014742014742014743 0.6101211011475994 0.6401054565452874
408 0.014705882352941176 0.6103452745138755 0.6401054565452874
409 0.014669926650366748 0.6105685887326365 0.6401054565452874
410 0.014634146341463415 0.6107910492855809 0.6401054565452874
411 0.014598540145985401 0.6110126616054948 0.6401054565452874
412 0.014563106796116505 0.6112334310768132 0.6401054565452874
413 0.014527845036319613 0.611453363036172 0.6401054565452874
414 0.014492753623188406 0.6116724627729534 0.6401054565452874
415 0.014457831325301205 0.611890735529823 0.6401054565452874
416 0.014423076923076924 0.6121081865032598 0.6401054565452874
417 0.014388489208633094 0.612324820844079 0.6401054565452874
418 0.014354066985645933 0.6125406436579471 0.6401054565452874
419 0.014319809069212411 0.6127556600058902 0.6401054565452874
420 0.014285714285714285 0.6129698749047953 0.6401054565452874
421 0.014251781472684086 0.6131832933279049 0.6401054565452874
422 0.014218009478672985 0.6133959202053042 0.6401054565452874
423 0.014184397163120567 0.6136077604244027 0.6401054565452874
424 0.014150943396226415 0.6138188188304081 0.6401054565452874
425 0.01411764705882353 0.6140291002267946 0.6401054565452874
426 0.014084507042253521 0.6142386093757642 0.6401054565452874
427 0.01405152224824356 0.614447350998703 0.6401054565452874
428 0.014018691588785047 0.6146553297766293 0.6401054565452874
429 0.013986013986013986 0.6148625503506379 0.6401054565452874
430 0.013953488372093023 0.6150690173223367 0.6401054565452874
431 0.013921113689095127 0.6152747352542787 0.6401054565452874
432 0.013888888888888888 0.6154797086703874 0.6401054565452874
433 0.013856812933025405 0.6156839420563768 0.6401054565452874
434 0.016129032258064516 0.6016872110875475 0.6401054565452874
435 0.016091954022988506 0.60190852651865 0.6401054565452874
436 0.016055045871559634 0.6021290426512604 0.6401054565452874
437 0.016018306636155607 0.6023487642934305 0.6401054565452874
438 0.01598173515981735 0.6025676962127464 0.6401054565452874
439 0.015945330296127564 0.6027858431367662 0.6401054565452874
440 0.015909090909090907 0.6030032097534523 0.6401054565452874
441 0.015873015873015872 0.6032198007115969 0.6401054565452874
442 0.01583710407239819 0.6034356206212431 0.6401054565452874
443 0.01580135440180587 0.6036506740540994 0.6401054565452874
444 0.015765765765765764 0.6038649655439499 0.6401054565452874
445 0.015730337078651686 0.6040784995870577 0.6401054565452874
446 0.01569506726457399 0.6042912806425649 0.6401054565452874
447 0.015659955257270694 0.6045033131328854 0.6401054565452874
448 0.015625 0.6047146014440944 0.6401054565452874
449 0.015590200445434299 0.6049251499263115 0.6401054565452874
450 0.015555555555555555 0.6051349628940796 0.6401054565452874
451 0.015521064301552107 0.6053440446267393 0.6401054565452874
452 0.015486725663716814 0.6055523993687967 0.6401054565452874
453 0.01545253863134658 0.6057600313302889 0.6401054565452874
454 0.015418502202643172 0.6059669446871434 0.6401054565452874
455 0.015384615384615385 0.6061731435815327 0.6401054565452874
456 0.015350877192982455 0.6063786321222253 0.6401054565452874
457 0.015317286652078774 0.6065834143849317 0.6401054565452874
458 0.015283842794759825 0.6067874944126462 0.6401054565452874
459 0.015250544662309368 0.6069908762159846 0.6401054565452874
460 0.015217391304347827 0.6071935637735163 0.6401054565452874
461 0.015184381778741865 0.6073955610320949 0.6401054565452874
462 0.015151515151515152 0.6075968719071817 0.6401054565452874
463 0.01511879049676026 0.6077975002831673 0.6401054565452874
464 0.015086206896551725 0.6079974500136878 0.6401054565452874
465 0.015053763440860216 0.6081967249219384 0.6401054565452874
466 0.015021459227467811 0.6083953288009817 0.6401054565452874
467 0.014989293361884369 0.6085932654140529 0.6401054565452874
468 0.014957264957264958 0.6087905384948618 0.6401054565452874
469 0.014925373134328358 0.6089871517478894 0.6401054565452874
470 0.014893617021276596 0.609183108848683 0.6401054565452874
471 0.014861995753715499 0.6093784134441456 0.6401054565452874
472 0.014830508474576272 0.6095730691528232 0.6401054565452874
473 0.014799154334038054 0.6097670795651882 0.6401054565452874
474 0.014767932489451477 0.6099604482439187 0.6401054565452874
475 0.014736842105263158 0.6101531787241757 0.6401054565452874
476 0.014705882352941176 0.6103452745138755 0.6401054565452874
477 0.014675052410901468 0.6105367390939598 0.6401054565452874
478 0.014644351464435146 0.6107275759186621 0.6401054565452874
479 0.014613778705636743 0.6109177884157709 0.6401054565452874
480 0.014583333333333334 0.6111073799868902 0.6401054565452874
481 0.014553014553014554 0.6112963540076961 0.6401054565452874
482 0.014522821576763486 0.6114847138281907 0.6401054565452874
483 0.014492753623188406 0.6116724627729534 0.6401054565452874
484 0.014462809917355372 0.6118596041413883 0.6401054565452874
485 0.01443298969072165 0.6120461412079691 0.6401054565452874
486 0.01440329218106996 0.6122320772224819 0.6401054565452874
487 0.014373716632443531 0.6124174154102634 0.6401054565452874
488 0.014344262295081968 0.6126021589724375 0.6401054565452874
489 0.014314928425357873 0.6127863110861493 0.6401054565452874
490 0.014285714285714285 0.6129698749047953 0.6401054565452874
491 0.014256619144602852 0.6131528535582517 0.6401054565452874
492 0.014227642276422764 0.6133352501530996 0.6401054565452874
493 0.014198782961460446 0.6135170677728485 0.6401054565452874
494 0.01417004048582996 0.6136983094781552 0.6401054565452874
495 0.014141414141414142 0.6138789783070423 0.6401054565452874
496 0.014112903225806451 0.6140590772751132 0.6401054565452874
497 0.014084507042253521 0.6142386093757642 0.6401054565452874
498 0.014056224899598393 0.6144175775803952 0.6401054565452874
499 0.014028056112224449 0.6145959848386165 0.6401054565452874
500 0.014 0.6147738340784553 0.6401054565452874
501 0.013972055888223553 0.6149511282065575 0.6401054565452874
502 0.013944223107569721 0.6151278701083888 0.6401054565452874
503 0.013916500994035786 0.6153040626484327 0.6401054565452874
504 0.013888888888888888 0.6154797086703874 0.6401054565452874
505 0.013861386138613862 0.615654810997358 0.6401054565452874
506 0.01383399209486166 0.6158293724320496 0.6401054565452874
507 0.013806706114398421 0.6160033957569561 0.6401054565452874
508 0.013779527559055118 0.6161768837345468 0.6401054565452874
509 0.015717092337917484 0.604158380485278 0.6401054565452874
510 0.01568627450980392 0.6043443587711822 0.6401054565452874
511 0.015655577299412915 0.6045297647795262 0.6401054565452874
512 0.015625 0.6047146014440944 0.6401054565452874
513 0.015594541910331383 0.6048988716776227 0.6401054565452874
514 0.01556420233463035 0.6050825783719926 0.6401054565452874
515 0.015533980582524271 0.6052657243984236 0.6401054565452874
516 0.015503875968992248 0.6054483126076623 0.6401054565452874
517 0.015473887814313346 0.6056303458301702 0.6401054565452874
518 0.015444015444015444 0.6058118268763096 0.6401054565452874
519 0.015414258188824663 0.6059927585365266 0.6401054565452874
520 0.015384615384615385 0.6061731435815327 0.6401054565452874
521 0.015355086372360844 0.6063529847624841 0.6401054565452874
522 0.01532567049808429 0.6065322848111591 0.6401054565452874
523 0.015296367112810707 0.6067110464401336 0.6401054565452874
524 0.015267175572519083 0.6068892723429546 0.6401054565452874
525 0.015238095238095238 0.6070669651943115 0.6401054565452874
526 0.015209125475285171 0.6072441276502061 0.6401054565452874
527 0.015180265654648957 0.6074207623481201 0.6401054565452874
528 0.015151515151515152 0.6075968719071817 0.6401054565452874
529 0.015122873345935728 0.6077724589283287 0.6401054565452874
530 0.01509433962264151 0.6079475259944717 0.6401054565452874
531 0.015065913370998116 0.6081220756706546 0.6401054565452874
532 0.015037593984962405 0.6082961105042132 0.6401054565452874
533 0.0150093808630394 0.6084696330249323 0.6401054565452874
534 0.0149812734082397 0.6086426457452012 0.6401054565452874
535 0.014953271028037384 0.6088151511601676 0.6401054565452874
536 0.014925373134328358 0.6089871517478894 0.6401054565452874
537 0.0148975791433892 0.6091586499694853 0.6401054565452874
538 0.01486988847583643 0.6093296482692835 0.6401054565452874
539 0.014842300556586271 0.609500149074969 0.6401054565452874
540 0.014814814814814815 0.6096701547977292 0.6401054565452874
541 0.014787430683918669 0.609839667832398 0.6401054565452874
542 0.016605166051660517 0.5988641968816151 0.6401054565452874
543 0.016574585635359115 0.5990444683331496 0.6401054565452874
544 0.016544117647058824 0.5992242171804933 0.6401054565452874
545 0.01651376146788991 0.5994034459485192 0.6401054565452874
546 0.016483516483516484 0.5995821571450227 0.6401054565452874
547 0.016453382084095063 0.5997603532608704 0.6401054565452874
548 0.016423357664233577 0.5999380367701471 0.6401054565452874
549 0.01639344262295082 0.600115210130301 0.6401054565452874
550 0.016363636363636365 0.6002918757822875 0.6401054565452874
551 0.016333938294010888 0.6004680361507116 0.6401054565452874
552 0.016304347826086956 0.6006436936439689 0.6401054565452874
553 0.0162748643761302 0.6008188506543845 0.6401054565452874
554 0.016245487364620937 0.600993509558351 0.6401054565452874
555 0.016216216216216217 0.6011676727164652 0.6401054565452874
556 0.01618705035971223 0.6013413424736631 0.6401054565452874
557 0.01615798922800718 0.6015145211593528 0.6401054565452874
558 0.016129032258064516 0.6016872110875475 0.6401054565452874
559 0.016100178890876567 0.6018594145569958 0.6401054565452874
560 0.01607142857142857 0.6020311338513115 0.6401054565452874
561 0.016042780748663103 0.6022023712391014 0.6401054565452874
562 0.01601423487544484 0.6023731289740922 0.6401054565452874
563 0.015985790408525755 0.6025434092952563 0.6401054565452874
564 0.015957446808510637 0.6027132144269355 0.6401054565452874
565 0.01592920353982301 0.6028825465789638 0.6401054565452874
566 0.015901060070671377 0.60305140794679 0.6401054565452874
567 0.015873015873015872 0.6032198007115969 0.6401054565452874
568 0.01584507042253521 0.6033877270404213 0.6401054565452874
569 0.015817223198594025 0.6035551890862715 0.6401054565452874
570 0.015789473684210527 0.6037221889882444 0.6401054565452874
571 0.01576182136602452 0.6038887288716407 0.6401054565452874
572 0.015734265734265736 0.6040548108480794 0.6401054565452874
573 0.015706806282722512 0.6042204370156116 0.6401054565452874
574 0.0156794425087108 0.6043856094588314 0.6401054565452874
575 0.01565217391304348 0.6045503302489877 0.6401054565452874
576 0.015625 0.6047146014440944 0.6401054565452874
577 0.01559792027729636 0.6048784250890379 0.6401054565452874
578 0.015570934256055362 0.6050418032156859 0.6401054565452874
579 0.015544041450777202 0.6052047378429931 0.6401054565452874
580 0.015517241379310345 0.6053672309771074 0.6401054565452874
581 0.01549053356282272 0.605529284611474 0.6401054565452874
582 0.015463917525773196 0.6056909007269387 0.6401054565452874
583 0.015437392795883362 0.6058520812918503 0.6401054565452874
584 0.015410958904109588 0.6060128282621622 0.6401054565452874
585 0.015384615384615385 0.6061731435815327 0.6401054565452874
586 0.015358361774744027 0.6063330291814241 0.6401054565452874
587 0.015332197614991482 0.6064924869812011 0.6401054565452874
588 0.015306122448979591 0.6066515188882287 0.6401054565452874
589 0.015280135823429542 0.6068101267979679 0.6401054565452874
590 0.015254237288135594 0.6069683125940718 0.6401054565452874
591 0.015228426395939087 0.60712607814848 0.6401054565452874
592 0.015202702702702704 0.607283425321512 0.6401054565452874
593 0.01517706576728499 0.6074403559619602 0.6401054565452874
594 0.015151515151515152 0.6075968719071817 0.6401054565452874
595 0.015126050420168067 0.6077529749831888 0.6401054565452874
596 0.015100671140939598 0.60790866700474 0.6401054565452874
597 0.01507537688442211 0.6080639497754281 0.6401054565452874
598 0.015050167224080268 0.6082188250877689 0.6401054565452874
599 0.015025041736227046 0.6083732947232893 0.6401054565452874
600 0.015 0.6085273604526126 0.6401054565452874
601 0.014975041597337771 0.6086810240355455 0.6401054565452874
602 0.014950166112956811 0.6088342872211623 0.6401054565452874
603 0.014925373134328358 0.6089871517478894 0.6401054565452874
604 0.014900662251655629 0.6091396193435886 0.6401054565452874
605 0.01487603305785124 0.6092916917256395 0.6401054565452874
606 0.01485148514851485 0.6094433706010209 0.6401054565452874
607 0.014827018121911038 0.6095946576663928 0.6401054565452874
608 0.014802631578947368 0.6097455546081754 0.6401054565452874
609 0.014778325123152709 0.6098960631026293 0.6401054565452874
610 0.014754098360655738 0.6100461848159342 0.6401054565452874
611 0.014729950900163666 0.6101959214042663 0.6401054565452874
612 0.014705882352941176 0.6103452745138755 0.6401054565452874
613 0.01468189233278956 0.610494245781163 0.6401054565452874
614 0.014657980456026058 0.6106428368327553 0.6401054565452874
615 0.014634146341463415 0.6107910492855809 0.6401054565452874
616 0.01461038961038961 0.6109388847469434 0.6401054565452874
617 0.014586709886547812 0.6110863448145958 0.6401054565452874
618 0.014563106796116505 0.6112334310768132 0.6401054565452874
619 0.014539579967689823 0.6113801451124654 0.6401054565452874
620 0.014516129032258065 0.6115264884910879 0.6401054565452874
621 0.014492753623188406 0.6116724627729534 0.6401054565452874
622 0.014469453376205787 0.6118180695091417 0.6401054565452874
623 0.014446227929373997 0.6119633102416098 0.6401054565452874
624 0.014423076923076924 0.6121081865032598 0.6401054565452874
625 0.0144 0.6122526998180089 0.6401054565452874
626 0.01437699680511182 0.6123968517008554 0.6401054565452874
627 0.014354066985645933 0.6125406436579471 0.6401054565452874
628 0.014331210191082803 0.6126840771866471 0.6401054565452874
629 0.014308426073131956 0.6128271537755994 0.6401054565452874
630 0.014285714285714285 0.6129698749047953 0.6401054565452874
631 0.014263074484944533 0.6131122420456366 0.6401054565452874
632 0.014240506329113924 0.6132542566610009 0.6401054565452874
633 0.014218009478672985 0.6133959202053042 0.6401054565452874
634 0.014195583596214511 0.6135372341245643 0.6401054565452874
635 0.014173228346456693 0.6136781998564631 0.6401054565452874
636 0.014150943396226415 0.6138188188304081 0.6401054565452874
637 0.0141287284144427 0.6139590924675938 0.6401054565452874
638 0.014106583072100314 0.6140990221810626 0.6401054565452874
639 0.014084507042253521 0.6142386093757642 0.6401054565452874
640 0.0140625 0.614377855448616 0.6401054565452874
641 0.014040561622464899 0.6145167617885615 0.6401054565452874
642 0.014018691588785047 0.6146553297766293 0.6401054565452874
643 0.013996889580093312 0.6147935607859905 0.6401054565452874
644 0.013975155279503106 0.6149314561820166 0.6401054565452874
645 0.013953488372093023 0.6150690173223367 0.6401054565452874
646 0.01393188854489164 0.6152062455568929 0.6401054565452874
647 0.013910355486862442 0.6153431422279975 0.6401054565452874
648 0.013888888888888888 0.6154797086703874 0.6401054565452874
649 0.01386748844375963 0.6156159462112797 0.6401054565452874
650 0.013846153846153847 0.6157518561704259 0.6401054565452874
651 0.013824884792626729 0.6158874398601661 0.6401054565452874
652 0.013803680981595092 0.6160226985854819 0.6401054565452874
653 0.013782542113323124 0.6161576336440503 0.6401054565452874
654 0.013761467889908258 0.6162922463262953 0.6401054565452874
655 0.013740458015267175 0.616426537915441 0.6401054565452874
656 0.013719512195121951 0.6165605096875624 0.6401054565452874
657 0.0136986301369863 0.616694162911637 0.6401054565452874
658 0.013677811550151976 0.6168274988495956 0.6401054565452874
659 0.013657056145675266 0.6169605187563726 0.6401054565452874
660 0.013636363636363636 0.6170932238799551 0.6401054565452874
661 0.01361573373676248 0.6172256154614337 0.6401054565452874
662 0.013595166163141994 0.6173576947350502 0.6401054565452874
663 0.013574660633484163 0.617489462928247 0.6401054565452874
664 0.01355421686746988 0.617620921261715 0.6401054565452874
665 0.013533834586466165 0.6177520709494411 0.6401054565452874
666 0.013513513513513514 0.6178829131987555 0.6401054565452874
667 0.013493253373313344 0.6180134492103797 0.6401054565452874
668 0.01347305389221557 0.6181436801784712 0.6401054565452874
669 0.013452914798206279 0.618273607290671 0.6401054565452874
670 0.013432835820895522 0.6184032317281488 0.6401054565452874
671 0.013412816691505217 0.6185325546656483 0.6401054565452874
672 0.013392857142857142 0.6186615772715323 0.6401054565452874
673 0.01337295690936107 0.6187903007078269 0.6401054565452874
674 0.013353115727002967 0.6189187261302665 0.6401054565452874
675 0.013333333333333334 0.6190468546883364 0.6401054565452874
676 0.013313609467455622 0.6191746875253172 0.6401054565452874
677 0.013293943870014771 0.6193022257783274 0.6401054565452874
678 0.01327433628318584 0.6194294705783661 0.6401054565452874
679 0.013254786450662739 0.6195564230503554 0.6401054565452874
680 0.013235294117647059 0.6196830843131825 0.6401054565452874
681 0.013215859030837005 0.6198094554797413 0.6401054565452874
682 0.013196480938416423 0.6199355376569731 0.6401054565452874
683 0.013177159590043924 0.6200613319459083 0.6401054565452874
684 0.013157894736842105 0.6201868394417066 0.6401054565452874
685 0.013138686131386862 0.6203120612336972 0.6401054565452874
686 0.013119533527696793 0.6204369984054189 0.6401054565452874
687 0.013100436681222707 0.6205616520346592 0.6401054565452874
688 0.01308139534883721 0.6206860231934942 0.6401054565452874
689 0.013062409288824383 0.6208101129483269 0.6401054565452874
690 0.013043478260869565 0.6209339223599263 0.6401054565452874
691 0.013024602026049204 0.6210574524834652 0.6401054565452874
692 0.01300578034682081 0.6211807043685584 0.6401054565452874
693 0.012987012987012988 0.6213036790593002 0.6401054565452874
694 0.012968299711815562 0.6214263775943019 0.6401054565452874
695 0.012949640287769784 0.6215488010067285 0.6401054565452874
696 0.01293103448275862 0.621670950324336 0.6401054565452874
697 0.01291248206599713 0.6217928265695069 0.6401054565452874
698 0.012893982808022923 0.6219144307592871 0.6401054565452874
699 0.012875536480686695 0.6220357639054215 0.6401054565452874
700 0.012857142857142857 0.6221568270143889 0.6401054565452874
701 0.012838801711840228 0.6222776210874383 0.6401054565452874
702 0.01282051282051282 0.6223981471206232 0.6401054565452874
703 0.012802275960170697 0.6225184061048361 0.6401054565452874
704 0.01278409090909091 0.6226383990258431 0.6401054565452874
705 0.01276595744680851 0.622758126864318 0.6401054565452874
706 0.012747875354107648 0.6228775905958762 0.6401054565452874
707 0.01272984441301273 0.6229967911911082 0.6401054565452874
708 0.012711864406779662 0.6231157296156123 0.6401054565452874
709 0.012693935119887164 0.6232344068300288 0.6401054565452874
710 0.01267605633802817 0.6233528237900714 0.6401054565452874
711 0.012658227848101266 0.6234709814465604 0.6401054565452874
712 0.012640449438202247 0.6235888807454552 0.6401054565452874
713 0.012622720897615708 0.6237065226278851 0.6401054565452874
714 0.012605042016806723 0.6238239080301822 0.6401054565452874
715 0.012587412587412588 0.6239410378839123 0.6401054565452874
716 0.012569832402234637 0.624057913115906 0.6401054565452874
717 0.012552301255230125 0.6241745346482899 0.6401054565452874
718 0.012534818941504178 0.6242909033985168 0.6401054565452874
719 0.012517385257301807 0.6244070202793968 0.6401054565452874
720 0.0125 0.6245228861991272 0.6401054565452874
721 0.012482662968099861 0.6246385020613222 0.6401054565452874
722 0.012465373961218837 0.6247538687650431 0.6401054565452874
723 0.012448132780082987 0.6248689872048274 0.6401054565452874
724 0.012430939226519336 0.6249838582707181 0.6401054565452874
725 0.012413793103448275 0.6250984828482932 0.6401054565452874
726 0.012396694214876033 0.6252128618186935 0.6401054565452874
727 0.012379642365887207 0.6253269960586525 0.6401054565452874
728 0.012362637362637362 0.6254408864405235 0.6401054565452874
729 0.012345679012345678 0.6255545338323084 0.6401054565452874
730 0.012328767123287671 0.6256679390976854 0.6401054565452874
731 0.012311901504787962 0.6257811030960366 0.6401054565452874
732 0.012295081967213115 0.6258940266824761 0.6401054565452874
733 0.01227830832196453 0.626006710707876 0.6401054565452874
734 0.01226158038147139 0.6261191560188946 0.6401054565452874
735 0.012244897959183673 0.6262313634580027 0.6401054565452874
736 0.012228260869565218 0.6263433338635103 0.6401054565452874
737 0.012211668928086838 0.626455068069593 0.6401054565452874
738 0.012195121951219513 0.6265665669063181 0.6401054565452874
739 0.012178619756427604 0.6266778311996709 0.6401054565452874
740 0.012162162162162163 0.6267888617715802 0.6401054565452874
741 0.012145748987854251 0.6268996594399442 0.6401054565452874
742 0.012129380053908356 0.6270102250186556 0.6401054565452874
743 0.012113055181695828 0.6271205593176268 0.6401054565452874
744 0.012096774193548387 0.6272306631428153 0.6401054565452874
745 0.012080536912751677 0.6273405372962481 0.6401054565452874
746 0.012064343163538873 0.6274501825760465 0.6401054565452874
747 0.012048192771084338 0.6275595997764507 0.6401054565452874
748 0.012032085561497326 0.6276687896878437 0.6401054565452874
749 0.012016021361815754 0.6277777530967759 0.6401054565452874
750 0.012 0.6278864907859882 0.6401054565452874
751 0.011984021304926764 0.6279950035344367 0.6401054565452874
752 0.011968085106382979 0.6281032921173153 0.6401054565452874
753 0.01195219123505976 0.6282113573060795 0.6401054565452874
754 0.011936339522546418 0.6283191998684697 0.6401054565452874
755 0.011920529801324504 0.6284268205685338 0.6401054565452874
756 0.011904761904761904 0.6285342201666506 0.6401054565452874
757 0.011889035667107 0.6286413994195515 0.6401054565452874
758 0.011873350923482849 0.6287483590803441 0.6401054565452874
759 0.011857707509881422 0.6288550998985337 0.6401054565452874
760 0.011842105263157895 0.6289616226200456 0.6401054565452874
761 0.011826544021024968 0.6290679279872476 0.6401054565452874
762 0.011811023622047244 0.629174016738971 0.6401054565452874
763 0.011795543905635648 0.6292798896105328 0.6401054565452874
764 0.011780104712041885 0.629385547333757 0.6401054565452874
765 0.011764705882352941 0.6294909906369959 0.6401054565452874
766 0.01174934725848564 0.6295962202451513 0.6401054565452874
767 0.011734028683181226 0.6297012368796958 0.6401054565452874
768 0.01171875 0.6298060412586931 0.6401054565452874
769 0.011703511053315995 0.629910634096819 0.6401054565452874
770 0.011688311688311689 0.630015016105382 0.6401054565452874
771 0.011673151750972763 0.6301191879923435 0.6401054565452874
772 0.011658031088082901 0.6302231504623381 0.6401054565452874
773 0.01164294954721863 0.630326904216694 0.6401054565452874
774 0.011627906976744186 0.6304304499534524 0.6401054565452874
775 0.011612903225806452 0.6305337883673877 0.6401054565452874
776 0.011597938144329897 0.6306369201500271 0.6401054565452874
777 0.011583011583011582 0.6307398459896698 0.6401054565452874
778 0.011568123393316195 0.6308425665714067 0.6401054565452874
779 0.011553273427471117 0.6309450825771395 0.6401054565452874
780 0.011538461538461539 0.6310473946856 0.6401054565452874
781 0.011523687580025609 0.6311495035723684 0.6401054565452874
782 0.011508951406649617 0.631251409909893 0.6401054565452874
783 0.011494252873563218 0.631353114367508 0.6401054565452874
784 0.011479591836734694 0.6314546176114525 0.6401054565452874
785 0.011464968152866241 0.631555920304889 0.6401054565452874
786 0.011450381679389313 0.6316570231079215 0.6401054565452874
787 0.011435832274459974 0.6317579266776133 0.6401054565452874
788 0.011421319796954314 0.6318586316680056 0.6401054565452874
789 0.011406844106463879 0.6319591387301348 0.6401054565452874
790 0.01139240506329114 0.6320594485120508 0.6401054565452874
791 0.011378002528445006 0.632159561658834 0.6401054565452874
792 0.011363636363636364 0.6322594788126136 0.6401054565452874
793 0.011349306431273645 0.6323592006125838 0.6401054565452874
794 0.011335012594458438 0.6324587276950222 0.6401054565452874
795 0.011320754716981131 0.6325580606933062 0.6401054565452874
796 0.011306532663316583 0.6326572002379302 0.6401054565452874
797 0.011292346298619825 0.6327561469565224 0.6401054565452874
798 0.011278195488721804 0.6328549014738617 0.6401054565452874
799 0.011264080100125156 0.6329534644118942 0.6401054565452874
800 0.01125 0.6330518363897496 0.6401054565452874
801 0.011235955056179775 0.6331500180237578 0.6401054565452874
802 0.011221945137157107 0.6332480099274652 0.6401054565452874
803 0.0112079701120797 0.6333458127116505 0.6401054565452874
804 0.011194029850746268 0.6334434269843413 0.6401054565452874
805 0.011180124223602485 0.6335408533508293 0.6401054565452874
806 0.011166253101736972 0.633638092413687 0.6401054565452874
807 0.011152416356877323 0.6337351447727825 0.6401054565452874
808 0.011138613861386138 0.6338320110252957 0.6401054565452874
809 0.011124845488257108 0.6339286917657337 0.6401054565452874
810 0.011111111111111112 0.6340251875859461 0.6401054565452874
811 0.011097410604192354 0.63412149907514 0.6401054565452874
812 0.011083743842364532 0.6342176268198957 0.6401054565452874
813 0.01107011070110701 0.6343135714041812 0.6401054565452874
814 0.011056511056511056 0.6344093334093677 0.6401054565452874
815 0.011042944785276074 0.6345049134142438 0.6401054565452874
816 0.011029411764705883 0.6346003119950309 0.6401054565452874
817 0.011015911872705019 0.6346955297253974 0.6401054565452874
818 0.011002444987775062 0.6347905671764734 0.6401054565452874
819 0.01098901098901099 0.6348854249168651 0.6401054565452874
820 0.01097560975609756 0.6349801035126691 0.6401054565452874
821 0.010962241169305725 0.6350746035274867 0.6401054565452874
822 0.010948905109489052 0.6351689255224379 0.6401054565452874
823 0.010935601458080195 0.6352630700561757 0.6401054565452874
824 0.010922330097087379 0.6353570376848997 0.6401054565452874
825 0.01090909090909091 0.6354508289623704 0.6401054565452874
826 0.010895883777239709 0.6355444444399223 0.6401054565452874
827 0.010882708585247884 0.6356378846664783 0.6401054565452874
828 0.010869565217391304 0.6357311501885626 0.6401054565452874
829 0.010856453558504222 0.6358242415503147 0.6401054565452874
830 0.010843373493975903 0.6359171592935023 0.6401054565452874
831 0.010830324909747292 0.6360099039575349 0.6401054565452874
832 0.010817307692307692 0.636102476079477 0.6401054565452874
833 0.010804321728691477 0.6361948761940609 0.6401054565452874
834 0.01079136690647482 0.6362871048337001 0.6401054565452874
835 0.010778443113772455 0.6363791625285021 0.6401054565452874
836 0.01076555023923445 0.6364710498062809 0.6401054565452874
837 0.010752688172043012 0.6365627671925703 0.6401054565452874
838 0.010739856801909307 0.6366543152106362 0.6401054565452874
839 0.010727056019070322 0.6367456943814892 0.6401054565452874
840 0.010714285714285714 0.6368369052238971 0.6401054565452874
841 0.01070154577883472 0.6369279482543978 0.6401054565452874
842 0.010688836104513063 0.6370188239873106 0.6401054565452874
843 0.010676156583629894 0.6371095329347494 0.6401054565452874
844 0.01066350710900474 0.6372000756066344 0.6401054565452874
845 0.010650887573964497 0.637290452510704 0.6401054565452874
846 0.010638297872340425 0.6373806641525277 0.6401054565452874
847 0.010625737898465172 0.6374707110355166 0.6401054565452874
848 0.01061320754716981 0.6375605936609365 0.6401054565452874
849 0.01060070671378092 0.637650312527919 0.6401054565452874
850 0.010588235294117647 0.6377398681334735 0.6401054565452874
851 0.010575793184488837 0.6378292609724981 0.6401054565452874
852 0.01056338028169014 0.6379184915377923 0.6401054565452874
853 0.010550996483001172 0.6380075603200674 0.6401054565452874
854 0.01053864168618267 0.6380964678079586 0.6401054565452874
855 0.010526315789473684 0.6381852144880353 0.6401054565452874
856 0.010514018691588784 0.6382738008448136 0.6401054565452874
857 0.010501750291715286 0.6383622273607665 0.6401054565452874
858 0.01048951048951049 0.6384504945163356 0.6401054565452874
859 0.010477299185098952 0.6385386027899412 0.6401054565452874
860 0.010465116279069767 0.6386265526579944 0.6401054565452874
861 0.010452961672473868 0.638714344594907 0.6401054565452874
862 0.010440835266821345 0.6388019790731024 0.6401054565452874
863 0.010428736964078795 0.6388894565630272 0.6401054565452874
864 0.010416666666666666 0.6389767775331606 0.6401054565452874
865 0.010404624277456647 0.6390639424500257 0.6401054565452874
866 0.010392609699769052 0.6391509517781999 0.6401054565452874
867 0.010380622837370242 0.6392378059803253 0.6401054565452874
868 0.010368663594470046 0.6393245055171188 0.6401054565452874
869 0.010356731875719217 0.6394110508473827 0.6401054565452874
870 0.010344827586206896 0.639497442428015 0.6401054565452874
871 0.010332950631458095 0.6395836807140193 0.6401054565452874
872 0.010321100917431193 0.6396697661585148 0.6401054565452874
873 0.010309278350515464 0.6397556992127468 0.6401054565452874
874 0.010297482837528604 0.6398414803260962 0.6401054565452874
875 0.010285714285714285 0.6399271099460898 0.6401054565452874
876 0.010273972602739725 0.6400125885184097 0.6401054565452874
877 0.010262257696693273 0.6400979164869034 0.6401054565452874
878 0.010250569476082005 0.640183094293593 0.6401054565452874
879 0.010238907849829351 0.6402681223786859 0.6401054565452874
880 0.010227272727272727 0.6403530011805834 0.6401054565452874
881 0.01021566401816118 0.6404377311358901 0.6401054565452874
882 0.01020408163265306 0.6405223126794246 0.6401054565452874
883 0.010192525481313703 0.6406067462442274 0.6401054565452874
884 0.010180995475113122 0.6406910322615714 0.6401054565452874
885 0.010169491525423728 0.6407751711609704 0.6401054565452874
886 0.010158013544018058 0.6408591633701887 0.6401054565452874
887 0.010146561443066516 0.6409430093152502 0.6401054565452874
888 0.010135135135135136 0.6410267094204473 0.6401054565452874
889 0.010123734533183352 0.6411102641083506 0.6401054565452874
890 0.010112359550561797 0.6411936737998168 0.6401054565452874
891 0.010101010101010102 0.6412769389139986 0.6401054565452874
892 0.010089686098654708 0.6413600598683533 0.6401054565452874
893 0.010078387458006719 0.641443037078651 0.6401054565452874
894 0.010067114093959731 0.6415258709589844 0.6401054565452874
895 0.01005586592178771 0.6416085619217766 0.6401054565452874
896 0.010044642857142858 0.6416911103777905 0.6401054565452874
897 0.010033444816053512 0.6417735167361365 0.6401054565452874
898 0.01002227171492205 0.641855781404282 0.6401054565452874
899 0.010011123470522803 0.6419379047880593 0.6401054565452874
900 0.01 0.6420198872916741 0.6401054565452874
901 0.009988901220865706 0.6421017293177139 0.6401054565452874
902 0.009977827050997782 0.6421834312671566 0.6401054565452874
903 0.009966777408637873 0.6422649935393784 0.6401054565452874
904 0.00995575221238938 0.6423464165321617 0.6401054565452874
905 0.009944751381215469 0.6424277006417047 0.6401054565452874
906 0.009933774834437087 0.6425088462626278 0.6401054565452874
907 0.009922822491730982 0.6425898537879826 0.6401054565452874
908 0.009911894273127754 0.6426707236092597 0.6401054565452874
909 0.009900990099009901 0.6427514561163968 0.6401054565452874
910 0.00989010989010989 0.6428320516977866 0.6401054565452874
911 0.009879253567508232 0.6429125107402842 0.6401054565452874
912 0.009868421052631578 0.6429928336292157 0.6401054565452874
913 0.009857612267250822 0.6430730207483853 0.6401054565452874
914 0.009846827133479213 0.6431530724800835 0.6401054565452874
915 0.009836065573770493 0.6432329892050944 0.6401054565452874
916 0.009825327510917031 0.6433127713027035 0.6401054565452874
917 0.009814612868047983 0.6433924191507054 0.6401054565452874
918 0.00980392156862745 0.6434719331254111 0.6401054565452874
919 0.009793253536452665 0.6435513136016556 0.6401054565452874
920 0.009782608695652175 0.6436305609528054 0.6401054565452874
921 0.009771986970684038 0.6437096755507655 0.6401054565452874
922 0.009761388286334056 0.6437886577659877 0.6401054565452874
923 0.009750812567713976 0.6438675079674767 0.6401054565452874
924 0.00974025974025974 0.6439462265227982 0.6401054565452874
925 0.00972972972972973 0.6440248137980857 0.6401054565452874
926 0.009719222462203024 0.644103270158048 0.6401054565452874
927 0.009708737864077669 0.644181595965976 0.6401054565452874
928 0.009698275862068966 0.64425979158375 0.6401054565452874
929 0.00968783638320775 0.6443378573718466 0.6401054565452874
930 0.00967741935483871 0.6444157936893457 0.6401054565452874
931 0.00966702470461869 0.6444936008939377 0.6401054565452874
932 0.009656652360515022 0.6445712793419301 0.6401054565452874
933 0.00964630225080386 0.6446488293882547 0.6401054565452874
934 0.009635974304068522 0.6447262513864739 0.6401054565452874
935 0.009625668449197862 0.644803545688788 0.6401054565452874
936 0.009615384615384616 0.6448807126460415 0.6401054565452874
937 0.0096051227321238 0.6449577526077306 0.6401054565452874
938 0.009594882729211088 0.6450346659220088 0.6401054565452874
939 0.009584664536741214 0.6451114529356943 0.6401054565452874
940 0.009574468085106383 0.6451881139942762 0.6401054565452874
941 0.009564293304994687 0.6452646494419215 0.6401054565452874
942 0.009554140127388535 0.6453410596214807 0.6401054565452874
943 0.009544008483563097 0.6454173448744953 0.6401054565452874
944 0.009533898305084746 0.6454935055412038 0.6401054565452874
945 0.009523809523809525 0.6455695419605477 0.6401054565452874
946 0.009513742071881607 0.6456454544701785 0.6401054565452874
947 0.009503695881731784 0.6457212434064636 0.6401054565452874
948 0.00949367088607595 0.6457969091044929 0.6401054565452874
949 0.009483667017913594 0.6458724518980845 0.6401054565452874
950 0.009473684210526316 0.6459478721197914 0.6401054565452874
951 0.00946372239747634 0.6460231701009076 0.6401054565452874
952 0.009453781512605041 0.646098346171474 0.6401054565452874
953 0.00944386149003148 0.6461734006602846 0.6401054565452874
954 0.009433962264150943 0.6462483338948927 0.6401054565452874
955 0.009424083769633508 0.6463231462016165 0.6401054565452874
956 0.009414225941422594 0.6463978379055457 0.6401054565452874
957 0.009404388714733543 0.6464724093305471 0.6401054565452874
958 0.009394572025052192 0.64654686079927 0.6401054565452874
959 0.009384775808133473 0.6466211926331534 0.6401054565452874
960 0.009375 0.6466954051524304 0.6401054565452874
961 0.009365244536940686 0.646769498676135 0.6401054565452874
962 0.009355509355509356 0.6468434735221074 0.6401054565452874
963 0.009345794392523364 0.6469173300069998 0.6401054565452874
964 0.00933609958506224 0.6469910684462823 0.6401054565452874
965 0.00932642487046632 0.6470646891542483 0.6401054565452874
966 0.009316770186335404 0.6471381924440205 0.6401054565452874
967 0.009307135470527405 0.6472115786275561 0.6401054565452874
968 0.009297520661157025 0.6472848480156526 0.6401054565452874
969 0.009287925696594427 0.6473580009179531 0.6401054565452874
970 0.009278350515463918 0.6474310376429525 0.6401054565452874
971 0.009268795056642637 0.6475039584980021 0.6401054565452874
972 0.009259259259259259 0.6475767637893156 0.6401054565452874
973 0.009249743062692703 0.6476494538219741 0.6401054565452874
974 0.009240246406570842 0.647722028899932 0.6401054565452874
975 0.009230769230769232 0.6477944893260219 0.6401054565452874
976 0.009221311475409836 0.6478668354019601 0.6401054565452874
977 0.009211873080859774 0.6479390674283521 0.6401054565452874
978 0.009202453987730062 0.6480111857046972 0.6401054565452874
979 0.009193054136874362 0.6480831905293947 0.6401054565452874
980 0.009183673469387756 0.648155082199748 0.6401054565452874
981 0.009174311926605505 0.6482268610119709 0.6401054565452874
982 0.009164969450101833 0.6482985272611916 0.6401054565452874
983 0.009155645981688708 0.6483700812414589 0.6401054565452874
984 0.009146341463414634 0.6484415232457462 0.6401054565452874
985 0.009137055837563452 0.6485128535659576 0.6401054565452874
986 0.009127789046653144 0.6485840724929322 0.6401054565452874
987 0.00911854103343465 0.6486551803164491 0.6401054565452874
988 0.009109311740890687 0.6487261773252331 0.6401054565452874
989 0.00910010111223458 0.6487970638069585 0.6401054565452874
990 0.00909090909090909 0.648867840048255 0.6401054565452874
991 0.009081735620585268 0.6489385063347122 0.6401054565452874
992 0.009072580645161291 0.6490090629508842 0.6401054565452874
993 0.00906344410876133 0.6490795101802949 0.6401054565452874
994 0.009054325955734407 0.6491498483054423 0.6401054565452874
995 0.009045226130653266 0.6492200776078039 0.6401054565452874
996 0.010040160642570281 0.6417240899499941 0.6401054565452874
997 0.010030090270812437 0.6417982109955543 0.6401054565452874
998 0.01002004008016032 0.641872217370829 0.6401054565452874
999 0.01001001001001001 0.6419461093713728 0.6401054565452874
1000 0.01 0.6420198872916741 0.6401054565452874
